4.262999999999999012e+00 5.028790783882141113e+01 0.000000000000000000e+00 0.000000000000000000e+00
5.911000000000001364e+00 5.028790783882141113e+01 1.000000000000000000e+00 0.000000000000000000e+00
7.162000000000001698e+00 5.028790783882141113e+01 2.000000000000000000e+00 1.100000000000000000e+01
8.036000000000001364e+00 5.028790783882141113e+01 3.000000000000000000e+00 1.500000000000000000e+01
8.719000000000002970e+00 5.028790783882141113e+01 4.000000000000000000e+00 1.100000000000000000e+01
9.052000000000001378e+00 5.028790783882141113e+01 5.000000000000000000e+00 3.200000000000000000e+01
9.861000000000000654e+00 5.028790783882141113e+01 6.000000000000000000e+00 3.200000000000000000e+01
1.017900000000000027e+01 5.028790783882141113e+01 7.000000000000000000e+00 2.500000000000000000e+01
1.079199999999999982e+01 5.028790783882141113e+01 8.000000000000000000e+00 4.100000000000000000e+01
1.138899999999999757e+01 5.028790783882141113e+01 9.000000000000000000e+00 4.000000000000000000e+01
1.182599999999999696e+01 5.028790783882141113e+01 1.000000000000000000e+01 4.500000000000000000e+01
1.211199999999999655e+01 5.028790783882141113e+01 1.100000000000000000e+01 3.800000000000000000e+01
1.266199999999999726e+01 5.028790783882141113e+01 1.200000000000000000e+01 5.800000000000000000e+01
1.317999999999999439e+01 5.028790783882141113e+01 1.300000000000000000e+01 4.700000000000000000e+01
1.355899999999999750e+01 5.028790783882141113e+01 1.400000000000000000e+01 5.200000000000000000e+01
1.473099999999999454e+01 5.028790783882141113e+01 1.500000000000000000e+01 8.700000000000000000e+01
1.546899999999999231e+01 5.028790783882141113e+01 1.600000000000000000e+01 5.600000000000000000e+01
1.593299999999999450e+01 5.028790783882141113e+01 1.700000000000000000e+01 1.080000000000000000e+02
1.635499999999999332e+01 5.028790783882141113e+01 1.800000000000000000e+01 1.080000000000000000e+02
1.719499999999999318e+01 5.028790783882141113e+01 1.900000000000000000e+01 8.700000000000000000e+01
1.749499999999999389e+01 5.028790783882141113e+01 2.000000000000000000e+01 1.120000000000000000e+02
1.815499999999999403e+01 5.028790783882141113e+01 2.100000000000000000e+01 1.090000000000000000e+02
1.828099999999999170e+01 5.028790783882141113e+01 2.200000000000000000e+01 1.610000000000000000e+02
1.875699999999999079e+01 5.028790783882141113e+01 2.300000000000000000e+01 2.120000000000000000e+02
1.932899999999999352e+01 5.028790783882141113e+01 2.400000000000000000e+01 1.190000000000000000e+02
2.006699999999999307e+01 5.028790783882141113e+01 2.500000000000000000e+01 1.130000000000000000e+02
2.015899999999999181e+01 5.028790783882141113e+01 2.600000000000000000e+01 2.420000000000000000e+02
2.075799999999999201e+01 5.028790783882141113e+01 2.700000000000000000e+01 2.680000000000000000e+02
2.142099999999998872e+01 5.028790783882141113e+01 2.800000000000000000e+01 2.260000000000000000e+02
2.189599999999998303e+01 5.028790783882141113e+01 2.900000000000000000e+01 1.290000000000000000e+02
2.244499999999998607e+01 5.028790783882141113e+01 3.000000000000000000e+01 2.650000000000000000e+02
2.235099999999998488e+01 5.028790783882141113e+01 3.100000000000000000e+01 2.360000000000000000e+02
2.365899999999999892e+01 5.028790783882141113e+01 3.200000000000000000e+01 2.770000000000000000e+02
2.401400000000000290e+01 5.028790783882141113e+01 3.300000000000000000e+01 3.430000000000000000e+02
2.427200000000000557e+01 5.028790783882141113e+01 3.400000000000000000e+01 1.920000000000000000e+02
2.477999999999999758e+01 5.028790783882141113e+01 3.500000000000000000e+01 4.290000000000000000e+02
2.508399999999999253e+01 5.028790783882141113e+01 3.600000000000000000e+01 3.070000000000000000e+02
2.542499999999998650e+01 5.028790783882141113e+01 3.700000000000000000e+01 3.190000000000000000e+02
2.625099999999998346e+01 5.028790783882141113e+01 3.800000000000000000e+01 3.420000000000000000e+02
2.645699999999998298e+01 5.028790783882141113e+01 3.900000000000000000e+01 4.070000000000000000e+02
2.701299999999997326e+01 5.028790783882141113e+01 4.000000000000000000e+01 5.320000000000000000e+02
2.784299999999995734e+01 5.028790783882141113e+01 4.100000000000000000e+01 3.820000000000000000e+02
2.784299999999995734e+01 5.028790783882141113e+01 4.200000000000000000e+01 3.660000000000000000e+02
2.863999999999996504e+01 5.028790783882141113e+01 4.300000000000000000e+01 5.530000000000000000e+02
2.871699999999998099e+01 5.028790783882141113e+01 4.400000000000000000e+01 4.730000000000000000e+02
2.970199999999997686e+01 5.028790783882141113e+01 4.500000000000000000e+01 4.770000000000000000e+02
3.001999999999997826e+01 5.028790783882141113e+01 4.600000000000000000e+01 5.090000000000000000e+02
3.073099999999999454e+01 5.028790783882141113e+01 4.700000000000000000e+01 5.560000000000000000e+02
3.091899999999998983e+01 5.028790783882141113e+01 4.800000000000000000e+01 7.890000000000000000e+02
3.164399999999999480e+01 5.028790783882141113e+01 4.900000000000000000e+01 6.330000000000000000e+02
3.241100000000000136e+01 5.028790783882141113e+01 5.000000000000000000e+01 5.620000000000000000e+02
3.256200000000000472e+01 5.028790783882141113e+01 5.100000000000000000e+01 4.400000000000000000e+02
3.393300000000008509e+01 5.028790783882141113e+01 5.200000000000000000e+01 7.520000000000000000e+02
3.454400000000006088e+01 5.028790783882141113e+01 5.300000000000000000e+01 8.300000000000000000e+02
3.518500000000012307e+01 5.028790783882141113e+01 5.400000000000000000e+01 8.600000000000000000e+02
3.628400000000007708e+01 5.028790783882141113e+01 5.500000000000000000e+01 8.270000000000000000e+02
3.704900000000014160e+01 5.028790783882141113e+01 5.600000000000000000e+01 1.189000000000000000e+03
3.756700000000012807e+01 5.028790783882141113e+01 5.700000000000000000e+01 1.834000000000000000e+03
3.841100000000021453e+01 5.028790783882141113e+01 5.800000000000000000e+01 7.350000000000000000e+02
3.905700000000024374e+01 5.028790783882141113e+01 5.900000000000000000e+01 1.019000000000000000e+03
3.990700000000028069e+01 5.028790783882141113e+01 6.000000000000000000e+01 1.044000000000000000e+03
4.035700000000030485e+01 5.028790783882141113e+01 6.100000000000000000e+01 1.182000000000000000e+03
4.102700000000035629e+01 5.028790783882141113e+01 6.200000000000000000e+01 1.182000000000000000e+03
4.194300000000038864e+01 5.028790783882141113e+01 6.300000000000000000e+01 1.756000000000000000e+03
4.248200000000041143e+01 5.028790783882141113e+01 6.400000000000000000e+01 1.059000000000000000e+03
4.331000000000044281e+01 5.028790783882141113e+01 6.500000000000000000e+01 9.450000000000000000e+02
4.415200000000046998e+01 5.028790783882141113e+01 6.600000000000000000e+01 9.320000000000000000e+02
4.513800000000050971e+01 5.028790783882141113e+01 6.700000000000000000e+01 1.080000000000000000e+03
4.619800000000055462e+01 5.028790783882141113e+01 6.800000000000000000e+01 1.004000000000000000e+03
4.686000000000057497e+01 5.028790783882141113e+01 6.900000000000000000e+01 1.605000000000000000e+03
4.825100000000063005e+01 5.028790783882141113e+01 7.000000000000000000e+01 9.390000000000000000e+02
4.882500000000065654e+01 5.028790783882141113e+01 7.100000000000000000e+01 9.750000000000000000e+02
5.015400000000070690e+01 5.028790783882141113e+01 7.200000000000000000e+01 1.459000000000000000e+03
5.028790783882141113e+01 5.028790783882141113e+01 7.300000000000000000e+01 1.036000000000000000e+03
5.028790783882141113e+01 5.028790783882141113e+01 7.400000000000000000e+01 9.840000000000000000e+02
4.620000000000000107e+00 5.302860307693481445e+01 0.000000000000000000e+00 2.000000000000000000e+00
5.917000000000000703e+00 5.302860307693481445e+01 1.000000000000000000e+00 1.000000000000000000e+00
7.697000000000000064e+00 5.302860307693481445e+01 2.000000000000000000e+00 1.000000000000000000e+00
8.914999999999999147e+00 5.302860307693481445e+01 3.000000000000000000e+00 1.100000000000000000e+01
9.426000000000000156e+00 5.302860307693481445e+01 4.000000000000000000e+00 1.000000000000000000e+01
9.596000000000000085e+00 5.302860307693481445e+01 5.000000000000000000e+00 8.000000000000000000e+00
1.040000000000000036e+01 5.302860307693481445e+01 6.000000000000000000e+00 2.000000000000000000e+01
1.069200000000000195e+01 5.302860307693481445e+01 7.000000000000000000e+00 3.000000000000000000e+01
1.148600000000000065e+01 5.302860307693481445e+01 8.000000000000000000e+00 2.900000000000000000e+01
1.238299999999999912e+01 5.302860307693481445e+01 9.000000000000000000e+00 4.000000000000000000e+01
1.238299999999999912e+01 5.302860307693481445e+01 1.000000000000000000e+01 4.900000000000000000e+01
1.295500000000000007e+01 5.302860307693481445e+01 1.100000000000000000e+01 4.400000000000000000e+01
1.350399999999999956e+01 5.302860307693481445e+01 1.200000000000000000e+01 5.300000000000000000e+01
1.417399999999999949e+01 5.302860307693481445e+01 1.300000000000000000e+01 3.600000000000000000e+01
1.508399999999999963e+01 5.302860307693481445e+01 1.400000000000000000e+01 5.000000000000000000e+01
1.538700000000000045e+01 5.302860307693481445e+01 1.500000000000000000e+01 8.200000000000000000e+01
1.633300000000000196e+01 5.302860307693481445e+01 1.600000000000000000e+01 6.600000000000000000e+01
1.716499999999999915e+01 5.302860307693481445e+01 1.700000000000000000e+01 1.440000000000000000e+02
1.762799999999999656e+01 5.302860307693481445e+01 1.800000000000000000e+01 1.240000000000000000e+02
1.807999999999999829e+01 5.302860307693481445e+01 1.900000000000000000e+01 9.600000000000000000e+01
1.851500000000000057e+01 5.302860307693481445e+01 2.000000000000000000e+01 1.250000000000000000e+02
1.903399999999999892e+01 5.302860307693481445e+01 2.100000000000000000e+01 1.800000000000000000e+02
1.965399999999999991e+01 5.302860307693481445e+01 2.200000000000000000e+01 1.410000000000000000e+02
1.984100000000000108e+01 5.302860307693481445e+01 2.300000000000000000e+01 1.480000000000000000e+02
2.095399999999998641e+01 5.302860307693481445e+01 2.400000000000000000e+01 1.220000000000000000e+02
2.118799999999999173e+01 5.302860307693481445e+01 2.500000000000000000e+01 1.660000000000000000e+02
2.189799999999999613e+01 5.302860307693481445e+01 2.600000000000000000e+01 1.890000000000000000e+02
2.181699999999998951e+01 5.302860307693481445e+01 2.700000000000000000e+01 1.820000000000000000e+02
2.266199999999998838e+01 5.302860307693481445e+01 2.800000000000000000e+01 1.590000000000000000e+02
2.282399999999998741e+01 5.302860307693481445e+01 2.900000000000000000e+01 1.630000000000000000e+02
2.351599999999999469e+01 5.302860307693481445e+01 3.000000000000000000e+01 1.660000000000000000e+02
2.381499999999999773e+01 5.302860307693481445e+01 3.100000000000000000e+01 3.030000000000000000e+02
2.421000000000000796e+01 5.302860307693481445e+01 3.200000000000000000e+01 2.840000000000000000e+02
2.446900000000000830e+01 5.302860307693481445e+01 3.300000000000000000e+01 3.030000000000000000e+02
2.551200000000000756e+01 5.302860307693481445e+01 3.400000000000000000e+01 3.210000000000000000e+02
2.557000000000000384e+01 5.302860307693481445e+01 3.500000000000000000e+01 2.700000000000000000e+02
2.596800000000000352e+01 5.302860307693481445e+01 3.600000000000000000e+01 3.220000000000000000e+02
2.639699999999999847e+01 5.302860307693481445e+01 3.700000000000000000e+01 4.030000000000000000e+02
2.720700000000000074e+01 5.302860307693481445e+01 3.800000000000000000e+01 3.380000000000000000e+02
2.746900000000000475e+01 5.302860307693481445e+01 3.900000000000000000e+01 2.680000000000000000e+02
2.813899999999999579e+01 5.302860307693481445e+01 4.000000000000000000e+01 4.550000000000000000e+02
2.905799999999997851e+01 5.302860307693481445e+01 4.100000000000000000e+01 4.760000000000000000e+02
2.939099999999996982e+01 5.302860307693481445e+01 4.200000000000000000e+01 4.530000000000000000e+02
2.998899999999997590e+01 5.302860307693481445e+01 4.300000000000000000e+01 4.090000000000000000e+02
3.071900000000000119e+01 5.302860307693481445e+01 4.400000000000000000e+01 5.710000000000000000e+02
3.141499999999999915e+01 5.302860307693481445e+01 4.500000000000000000e+01 6.370000000000000000e+02
3.176799999999999358e+01 5.302860307693481445e+01 4.600000000000000000e+01 6.750000000000000000e+02
3.282000000000000028e+01 5.302860307693481445e+01 4.700000000000000000e+01 6.870000000000000000e+02
3.333399999999998897e+01 5.302860307693481445e+01 4.800000000000000000e+01 5.670000000000000000e+02
3.368999999999996220e+01 5.302860307693481445e+01 4.900000000000000000e+01 5.630000000000000000e+02
3.422899999999997789e+01 5.302860307693481445e+01 5.000000000000000000e+01 8.020000000000000000e+02
3.512000000000001165e+01 5.302860307693481445e+01 5.100000000000000000e+01 7.110000000000000000e+02
3.572600000000003462e+01 5.302860307693481445e+01 5.200000000000000000e+01 1.023000000000000000e+03
3.637900000000002620e+01 5.302860307693481445e+01 5.300000000000000000e+01 1.010000000000000000e+03
3.700000000000006395e+01 5.302860307693481445e+01 5.400000000000000000e+01 8.650000000000000000e+02
3.776300000000004076e+01 5.302860307693481445e+01 5.500000000000000000e+01 6.790000000000000000e+02
3.811900000000009214e+01 5.302860307693481445e+01 5.600000000000000000e+01 1.110000000000000000e+03
3.892000000000004434e+01 5.302860307693481445e+01 5.700000000000000000e+01 9.210000000000000000e+02
3.968800000000010186e+01 5.302860307693481445e+01 5.800000000000000000e+01 9.300000000000000000e+02
4.022600000000013409e+01 5.302860307693481445e+01 5.900000000000000000e+01 1.271000000000000000e+03
4.130600000000016081e+01 5.302860307693481445e+01 6.000000000000000000e+01 9.840000000000000000e+02
4.241200000000021220e+01 5.302860307693481445e+01 6.100000000000000000e+01 1.352000000000000000e+03
4.314000000000024926e+01 5.302860307693481445e+01 6.200000000000000000e+01 9.820000000000000000e+02
4.399600000000028643e+01 5.302860307693481445e+01 6.300000000000000000e+01 1.077000000000000000e+03
4.479300000000031190e+01 5.302860307693481445e+01 6.400000000000000000e+01 1.187000000000000000e+03
4.527800000000033975e+01 5.302860307693481445e+01 6.500000000000000000e+01 2.467000000000000000e+03
4.635700000000038301e+01 5.302860307693481445e+01 6.600000000000000000e+01 9.590000000000000000e+02
4.711900000000039768e+01 5.302860307693481445e+01 6.700000000000000000e+01 1.047000000000000000e+03
4.871000000000045560e+01 5.302860307693481445e+01 6.800000000000000000e+01 9.990000000000000000e+02
4.921200000000047936e+01 5.302860307693481445e+01 6.900000000000000000e+01 1.472000000000000000e+03
5.075200000000053535e+01 5.302860307693481445e+01 7.000000000000000000e+01 1.162000000000000000e+03
5.154300000000056770e+01 5.302860307693481445e+01 7.100000000000000000e+01 1.059000000000000000e+03
5.292700000000062488e+01 5.302860307693481445e+01 7.200000000000000000e+01 1.461000000000000000e+03
5.302860307693481445e+01 5.302860307693481445e+01 7.300000000000000000e+01 2.680000000000000000e+02
5.302860307693481445e+01 5.302860307693481445e+01 7.400000000000000000e+01 9.750000000000000000e+02
4.604999999999998650e+00 5.307312536239624023e+01 0.000000000000000000e+00 0.000000000000000000e+00
6.804999999999999716e+00 5.307312536239624023e+01 1.000000000000000000e+00 3.000000000000000000e+00
7.879000000000000448e+00 5.307312536239624023e+01 2.000000000000000000e+00 1.800000000000000000e+01
8.751000000000001222e+00 5.307312536239624023e+01 3.000000000000000000e+00 1.800000000000000000e+01
9.607000000000001094e+00 5.307312536239624023e+01 4.000000000000000000e+00 2.700000000000000000e+01
1.060099999999999909e+01 5.307312536239624023e+01 5.000000000000000000e+00 4.300000000000000000e+01
1.060099999999999909e+01 5.307312536239624023e+01 6.000000000000000000e+00 2.900000000000000000e+01
1.155199999999999783e+01 5.307312536239624023e+01 7.000000000000000000e+00 4.200000000000000000e+01
1.170999999999999730e+01 5.307312536239624023e+01 8.000000000000000000e+00 3.300000000000000000e+01
1.201099999999999746e+01 5.307312536239624023e+01 9.000000000000000000e+00 4.600000000000000000e+01
1.230499999999999616e+01 5.307312536239624023e+01 1.000000000000000000e+01 4.300000000000000000e+01
1.329799999999999471e+01 5.307312536239624023e+01 1.100000000000000000e+01 7.500000000000000000e+01
1.371399999999999508e+01 5.307312536239624023e+01 1.200000000000000000e+01 4.300000000000000000e+01
1.411599999999999611e+01 5.307312536239624023e+01 1.300000000000000000e+01 6.100000000000000000e+01
1.463899999999999757e+01 5.307312536239624023e+01 1.400000000000000000e+01 9.100000000000000000e+01
1.514599999999999724e+01 5.307312536239624023e+01 1.500000000000000000e+01 1.110000000000000000e+02
1.576099999999999568e+01 5.307312536239624023e+01 1.600000000000000000e+01 1.080000000000000000e+02
1.623999999999999488e+01 5.307312536239624023e+01 1.700000000000000000e+01 1.110000000000000000e+02
1.670599999999999241e+01 5.307312536239624023e+01 1.800000000000000000e+01 8.700000000000000000e+01
1.737799999999998946e+01 5.307312536239624023e+01 1.900000000000000000e+01 1.110000000000000000e+02
1.775199999999998823e+01 5.307312536239624023e+01 2.000000000000000000e+01 1.090000000000000000e+02
1.790199999999998681e+01 5.307312536239624023e+01 2.100000000000000000e+01 1.290000000000000000e+02
1.864299999999998647e+01 5.307312536239624023e+01 2.200000000000000000e+01 1.630000000000000000e+02
1.913699999999998269e+01 5.307312536239624023e+01 2.300000000000000000e+01 1.700000000000000000e+02
1.981899999999997775e+01 5.307312536239624023e+01 2.400000000000000000e+01 1.370000000000000000e+02
2.054499999999997684e+01 5.307312536239624023e+01 2.500000000000000000e+01 2.020000000000000000e+02
2.106999999999997542e+01 5.307312536239624023e+01 2.600000000000000000e+01 2.000000000000000000e+02
2.158099999999996754e+01 5.307312536239624023e+01 2.700000000000000000e+01 1.870000000000000000e+02
2.202399999999996894e+01 5.307312536239624023e+01 2.800000000000000000e+01 2.320000000000000000e+02
2.242399999999996751e+01 5.307312536239624023e+01 2.900000000000000000e+01 2.710000000000000000e+02
2.288699999999997203e+01 5.307312536239624023e+01 3.000000000000000000e+01 2.690000000000000000e+02
2.311299999999997823e+01 5.307312536239624023e+01 3.100000000000000000e+01 2.750000000000000000e+02
2.353599999999998005e+01 5.307312536239624023e+01 3.200000000000000000e+01 2.250000000000000000e+02
2.437199999999998212e+01 5.307312536239624023e+01 3.300000000000000000e+01 3.420000000000000000e+02
2.503099999999998460e+01 5.307312536239624023e+01 3.400000000000000000e+01 4.670000000000000000e+02
2.536599999999998190e+01 5.307312536239624023e+01 3.500000000000000000e+01 3.960000000000000000e+02
2.577999999999997982e+01 5.307312536239624023e+01 3.600000000000000000e+01 3.850000000000000000e+02
2.636199999999997701e+01 5.307312536239624023e+01 3.700000000000000000e+01 3.060000000000000000e+02
2.689299999999997581e+01 5.307312536239624023e+01 3.800000000000000000e+01 3.750000000000000000e+02
2.771899999999998343e+01 5.307312536239624023e+01 3.900000000000000000e+01 4.430000000000000000e+02
2.799099999999997479e+01 5.307312536239624023e+01 4.000000000000000000e+01 3.930000000000000000e+02
2.861699999999996891e+01 5.307312536239624023e+01 4.100000000000000000e+01 3.890000000000000000e+02
2.949799999999996558e+01 5.307312536239624023e+01 4.200000000000000000e+01 6.040000000000000000e+02
2.964999999999996660e+01 5.307312536239624023e+01 4.300000000000000000e+01 5.140000000000000000e+02
3.054299999999999216e+01 5.307312536239624023e+01 4.400000000000000000e+01 6.320000000000000000e+02
3.145099999999999341e+01 5.307312536239624023e+01 4.500000000000000000e+01 7.210000000000000000e+02
3.149099999999999255e+01 5.307312536239624023e+01 4.600000000000000000e+01 6.290000000000000000e+02
3.213700000000000045e+01 5.307312536239624023e+01 4.700000000000000000e+01 6.820000000000000000e+02
3.274999999999999289e+01 5.307312536239624023e+01 4.800000000000000000e+01 6.490000000000000000e+02
3.361999999999991928e+01 5.307312536239624023e+01 4.900000000000000000e+01 7.180000000000000000e+02
3.392399999999992133e+01 5.307312536239624023e+01 5.000000000000000000e+01 5.970000000000000000e+02
3.435299999999993759e+01 5.307312536239624023e+01 5.100000000000000000e+01 8.470000000000000000e+02
3.513999999999999346e+01 5.307312536239624023e+01 5.200000000000000000e+01 1.104000000000000000e+03
3.599199999999998312e+01 5.307312536239624023e+01 5.300000000000000000e+01 9.830000000000000000e+02
3.637600000000003320e+01 5.307312536239624023e+01 5.400000000000000000e+01 9.030000000000000000e+02
3.695499999999999119e+01 5.307312536239624023e+01 5.500000000000000000e+01 8.360000000000000000e+02
3.841600000000013893e+01 5.307312536239624023e+01 5.600000000000000000e+01 1.147000000000000000e+03
3.953200000000008885e+01 5.307312536239624023e+01 5.700000000000000000e+01 1.036000000000000000e+03
4.047000000000014097e+01 5.307312536239624023e+01 5.800000000000000000e+01 8.150000000000000000e+02
4.075600000000015655e+01 5.307312536239624023e+01 5.900000000000000000e+01 1.351000000000000000e+03
4.145100000000019236e+01 5.307312536239624023e+01 6.000000000000000000e+01 6.890000000000000000e+02
4.224100000000021993e+01 5.307312536239624023e+01 6.100000000000000000e+01 1.689000000000000000e+03
4.303700000000024772e+01 5.307312536239624023e+01 6.200000000000000000e+01 1.567000000000000000e+03
4.348600000000028132e+01 5.307312536239624023e+01 6.300000000000000000e+01 8.840000000000000000e+02
4.444100000000031514e+01 5.307312536239624023e+01 6.400000000000000000e+01 2.582000000000000000e+03
4.537300000000033862e+01 5.307312536239624023e+01 6.500000000000000000e+01 1.231000000000000000e+03
4.586100000000036658e+01 5.307312536239624023e+01 6.600000000000000000e+01 1.251000000000000000e+03
4.693600000000040495e+01 5.307312536239624023e+01 6.700000000000000000e+01 9.460000000000000000e+02
4.760100000000043252e+01 5.307312536239624023e+01 6.800000000000000000e+01 1.866000000000000000e+03
4.862000000000047351e+01 5.307312536239624023e+01 6.900000000000000000e+01 7.150000000000000000e+02
4.945100000000049789e+01 5.307312536239624023e+01 7.000000000000000000e+01 1.097000000000000000e+03
5.095000000000055707e+01 5.307312536239624023e+01 7.100000000000000000e+01 1.083000000000000000e+03
5.309000000000063579e+01 5.307312536239624023e+01 7.200000000000000000e+01 1.537000000000000000e+03
5.307312536239624023e+01 5.307312536239624023e+01 7.300000000000000000e+01 9.430000000000000000e+02
5.307312536239624023e+01 5.307312536239624023e+01 7.400000000000000000e+01 6.930000000000000000e+02
4.403999999999999915e+00 5.086539053916931152e+01 0.000000000000000000e+00 1.200000000000000000e+01
5.324999999999999289e+00 5.086539053916931152e+01 1.000000000000000000e+00 1.300000000000000000e+01
6.576999999999999069e+00 5.086539053916931152e+01 2.000000000000000000e+00 1.700000000000000000e+01
6.756999999999998785e+00 5.086539053916931152e+01 3.000000000000000000e+00 2.400000000000000000e+01
7.439999999999998614e+00 5.086539053916931152e+01 4.000000000000000000e+00 2.300000000000000000e+01
8.605999999999998096e+00 5.086539053916931152e+01 5.000000000000000000e+00 2.500000000000000000e+01
9.097999999999997200e+00 5.086539053916931152e+01 6.000000000000000000e+00 3.600000000000000000e+01
9.414999999999997371e+00 5.086539053916931152e+01 7.000000000000000000e+00 4.600000000000000000e+01
1.001299999999999635e+01 5.086539053916931152e+01 8.000000000000000000e+00 4.400000000000000000e+01
1.109399999999999586e+01 5.086539053916931152e+01 9.000000000000000000e+00 5.400000000000000000e+01
1.153199999999999648e+01 5.086539053916931152e+01 1.000000000000000000e+01 5.000000000000000000e+01
1.238499999999999623e+01 5.086539053916931152e+01 1.100000000000000000e+01 7.300000000000000000e+01
1.266499999999999559e+01 5.086539053916931152e+01 1.200000000000000000e+01 7.700000000000000000e+01
1.347199999999999775e+01 5.086539053916931152e+01 1.300000000000000000e+01 5.400000000000000000e+01
1.412800000000000011e+01 5.086539053916931152e+01 1.400000000000000000e+01 7.500000000000000000e+01
1.433099999999999774e+01 5.086539053916931152e+01 1.500000000000000000e+01 1.120000000000000000e+02
1.461399999999999721e+01 5.086539053916931152e+01 1.600000000000000000e+01 8.100000000000000000e+01
1.547199999999999953e+01 5.086539053916931152e+01 1.700000000000000000e+01 7.400000000000000000e+01
1.598300000000000054e+01 5.086539053916931152e+01 1.800000000000000000e+01 1.420000000000000000e+02
1.616399999999999793e+01 5.086539053916931152e+01 1.900000000000000000e+01 1.270000000000000000e+02
1.671099999999999852e+01 5.086539053916931152e+01 2.000000000000000000e+01 1.120000000000000000e+02
1.734199999999999875e+01 5.086539053916931152e+01 2.100000000000000000e+01 1.320000000000000000e+02
1.765099999999999980e+01 5.086539053916931152e+01 2.200000000000000000e+01 8.900000000000000000e+01
1.824500000000000099e+01 5.086539053916931152e+01 2.300000000000000000e+01 1.310000000000000000e+02
1.843700000000000117e+01 5.086539053916931152e+01 2.400000000000000000e+01 1.100000000000000000e+02
1.926799999999999713e+01 5.086539053916931152e+01 2.500000000000000000e+01 1.590000000000000000e+02
1.971399999999999508e+01 5.086539053916931152e+01 2.600000000000000000e+01 1.690000000000000000e+02
1.982099999999999795e+01 5.086539053916931152e+01 2.700000000000000000e+01 1.380000000000000000e+02
2.038999999999999346e+01 5.086539053916931152e+01 2.800000000000000000e+01 2.040000000000000000e+02
2.087199999999998923e+01 5.086539053916931152e+01 2.900000000000000000e+01 1.670000000000000000e+02
2.102699999999999037e+01 5.086539053916931152e+01 3.000000000000000000e+01 1.770000000000000000e+02
2.157300000000000395e+01 5.086539053916931152e+01 3.100000000000000000e+01 2.660000000000000000e+02
2.234300000000001063e+01 5.086539053916931152e+01 3.200000000000000000e+01 2.680000000000000000e+02
2.231200000000001182e+01 5.086539053916931152e+01 3.300000000000000000e+01 2.160000000000000000e+02
2.295900000000001029e+01 5.086539053916931152e+01 3.400000000000000000e+01 2.170000000000000000e+02
2.351700000000000301e+01 5.086539053916931152e+01 3.500000000000000000e+01 2.250000000000000000e+02
2.417799999999999727e+01 5.086539053916931152e+01 3.600000000000000000e+01 3.260000000000000000e+02
2.438700000000000401e+01 5.086539053916931152e+01 3.700000000000000000e+01 2.590000000000000000e+02
2.516600000000000392e+01 5.086539053916931152e+01 3.800000000000000000e+01 2.920000000000000000e+02
2.572400000000000730e+01 5.086539053916931152e+01 3.900000000000000000e+01 3.150000000000000000e+02
2.641700000000000159e+01 5.086539053916931152e+01 4.000000000000000000e+01 3.040000000000000000e+02
2.698999999999998778e+01 5.086539053916931152e+01 4.100000000000000000e+01 4.850000000000000000e+02
2.755999999999998451e+01 5.086539053916931152e+01 4.200000000000000000e+01 3.020000000000000000e+02
2.822999999999999687e+01 5.086539053916931152e+01 4.300000000000000000e+01 4.900000000000000000e+02
2.919800000000001461e+01 5.086539053916931152e+01 4.400000000000000000e+01 4.650000000000000000e+02
2.963900000000001356e+01 5.086539053916931152e+01 4.500000000000000000e+01 4.190000000000000000e+02
3.080700000000001282e+01 5.086539053916931152e+01 4.600000000000000000e+01 6.280000000000000000e+02
3.148000000000003240e+01 5.086539053916931152e+01 4.700000000000000000e+01 5.870000000000000000e+02
3.187700000000002376e+01 5.086539053916931152e+01 4.800000000000000000e+01 7.490000000000000000e+02
3.275699999999995526e+01 5.086539053916931152e+01 4.900000000000000000e+01 8.630000000000000000e+02
3.311499999999996646e+01 5.086539053916931152e+01 5.000000000000000000e+01 8.000000000000000000e+02
3.373199999999999221e+01 5.086539053916931152e+01 5.100000000000000000e+01 5.970000000000000000e+02
3.443900000000000716e+01 5.086539053916931152e+01 5.200000000000000000e+01 8.870000000000000000e+02
3.517300000000000892e+01 5.086539053916931152e+01 5.300000000000000000e+01 7.420000000000000000e+02
3.567700000000004223e+01 5.086539053916931152e+01 5.400000000000000000e+01 6.740000000000000000e+02
3.640700000000004621e+01 5.086539053916931152e+01 5.500000000000000000e+01 9.780000000000000000e+02
3.715300000000007685e+01 5.086539053916931152e+01 5.600000000000000000e+01 9.760000000000000000e+02
3.784900000000002507e+01 5.086539053916931152e+01 5.700000000000000000e+01 8.730000000000000000e+02
3.850900000000007140e+01 5.086539053916931152e+01 5.800000000000000000e+01 7.170000000000000000e+02
3.965300000000009817e+01 5.086539053916931152e+01 5.900000000000000000e+01 7.400000000000000000e+02
3.968200000000015137e+01 5.086539053916931152e+01 6.000000000000000000e+01 1.067000000000000000e+03
4.082300000000017093e+01 5.086539053916931152e+01 6.100000000000000000e+01 8.480000000000000000e+02
4.146900000000024278e+01 5.086539053916931152e+01 6.200000000000000000e+01 1.694000000000000000e+03
4.222500000000027143e+01 5.086539053916931152e+01 6.300000000000000000e+01 1.889000000000000000e+03
4.349300000000028632e+01 5.086539053916931152e+01 6.400000000000000000e+01 2.290000000000000000e+03
4.409800000000034004e+01 5.086539053916931152e+01 6.500000000000000000e+01 1.121000000000000000e+03
4.484700000000034947e+01 5.086539053916931152e+01 6.600000000000000000e+01 9.800000000000000000e+02
4.567300000000036420e+01 5.086539053916931152e+01 6.700000000000000000e+01 9.270000000000000000e+02
4.658800000000042729e+01 5.086539053916931152e+01 6.800000000000000000e+01 1.351000000000000000e+03
4.786000000000044707e+01 5.086539053916931152e+01 6.900000000000000000e+01 7.320000000000000000e+02
4.843700000000053763e+01 5.086539053916931152e+01 7.000000000000000000e+01 1.061000000000000000e+03
4.988400000000052614e+01 5.086539053916931152e+01 7.100000000000000000e+01 9.520000000000000000e+02
5.073400000000057730e+01 5.086539053916931152e+01 7.200000000000000000e+01 1.005000000000000000e+03
5.086539053916931152e+01 5.086539053916931152e+01 7.300000000000000000e+01 7.900000000000000000e+02
5.086539053916931152e+01 5.086539053916931152e+01 7.400000000000000000e+01 8.890000000000000000e+02
5.159000000000000696e+00 5.166308879852294922e+01 0.000000000000000000e+00 9.000000000000000000e+00
6.256000000000001116e+00 5.166308879852294922e+01 1.000000000000000000e+00 1.300000000000000000e+01
6.973000000000001641e+00 5.166308879852294922e+01 2.000000000000000000e+00 1.600000000000000000e+01
7.672000000000002373e+00 5.166308879852294922e+01 3.000000000000000000e+00 1.100000000000000000e+01
8.020000000000001350e+00 5.166308879852294922e+01 4.000000000000000000e+00 3.100000000000000000e+01
8.682000000000000384e+00 5.166308879852294922e+01 5.000000000000000000e+00 3.900000000000000000e+01
9.487000000000000099e+00 5.166308879852294922e+01 6.000000000000000000e+00 3.900000000000000000e+01
1.011700000000000088e+01 5.166308879852294922e+01 7.000000000000000000e+00 2.800000000000000000e+01
1.070700000000000074e+01 5.166308879852294922e+01 8.000000000000000000e+00 3.200000000000000000e+01
1.148099999999999810e+01 5.166308879852294922e+01 9.000000000000000000e+00 3.900000000000000000e+01
1.145899999999999785e+01 5.166308879852294922e+01 1.000000000000000000e+01 6.800000000000000000e+01
1.234199999999999697e+01 5.166308879852294922e+01 1.100000000000000000e+01 4.600000000000000000e+01
1.273499999999999766e+01 5.166308879852294922e+01 1.200000000000000000e+01 4.400000000000000000e+01
1.329499999999999815e+01 5.166308879852294922e+01 1.300000000000000000e+01 4.000000000000000000e+01
1.368599999999999817e+01 5.166308879852294922e+01 1.400000000000000000e+01 8.100000000000000000e+01
1.443999999999999773e+01 5.166308879852294922e+01 1.500000000000000000e+01 7.500000000000000000e+01
1.517299999999999827e+01 5.166308879852294922e+01 1.600000000000000000e+01 6.400000000000000000e+01
1.565099999999999980e+01 5.166308879852294922e+01 1.700000000000000000e+01 1.070000000000000000e+02
1.611100000000000065e+01 5.166308879852294922e+01 1.800000000000000000e+01 8.700000000000000000e+01
1.667000000000000171e+01 5.166308879852294922e+01 1.900000000000000000e+01 1.130000000000000000e+02
1.721300000000000452e+01 5.166308879852294922e+01 2.000000000000000000e+01 1.070000000000000000e+02
1.763300000000000267e+01 5.166308879852294922e+01 2.100000000000000000e+01 1.120000000000000000e+02
1.819600000000000506e+01 5.166308879852294922e+01 2.200000000000000000e+01 1.420000000000000000e+02
1.888400000000000034e+01 5.166308879852294922e+01 2.300000000000000000e+01 1.390000000000000000e+02
1.920099999999999696e+01 5.166308879852294922e+01 2.400000000000000000e+01 1.940000000000000000e+02
1.957399999999999807e+01 5.166308879852294922e+01 2.500000000000000000e+01 1.640000000000000000e+02
2.044999999999999218e+01 5.166308879852294922e+01 2.600000000000000000e+01 1.170000000000000000e+02
2.105199999999998894e+01 5.166308879852294922e+01 2.700000000000000000e+01 2.560000000000000000e+02
2.145899999999998542e+01 5.166308879852294922e+01 2.800000000000000000e+01 1.840000000000000000e+02
2.195099999999998630e+01 5.166308879852294922e+01 2.900000000000000000e+01 2.200000000000000000e+02
2.249199999999999378e+01 5.166308879852294922e+01 3.000000000000000000e+01 1.970000000000000000e+02
2.274899999999999878e+01 5.166308879852294922e+01 3.100000000000000000e+01 2.180000000000000000e+02
2.345000000000000995e+01 5.166308879852294922e+01 3.200000000000000000e+01 2.350000000000000000e+02
2.441100000000000847e+01 5.166308879852294922e+01 3.300000000000000000e+01 2.240000000000000000e+02
2.474200000000000799e+01 5.166308879852294922e+01 3.400000000000000000e+01 3.860000000000000000e+02
2.518600000000000350e+01 5.166308879852294922e+01 3.500000000000000000e+01 3.330000000000000000e+02
2.552499999999999858e+01 5.166308879852294922e+01 3.600000000000000000e+01 3.350000000000000000e+02
2.642399999999999238e+01 5.166308879852294922e+01 3.700000000000000000e+01 3.700000000000000000e+02
2.648199999999999221e+01 5.166308879852294922e+01 3.800000000000000000e+01 3.900000000000000000e+02
2.706400000000000361e+01 5.166308879852294922e+01 3.900000000000000000e+01 5.020000000000000000e+02
2.783199999999999363e+01 5.166308879852294922e+01 4.000000000000000000e+01 2.190000000000000000e+02
2.792099999999998872e+01 5.166308879852294922e+01 4.100000000000000000e+01 3.130000000000000000e+02
2.858299999999998775e+01 5.166308879852294922e+01 4.200000000000000000e+01 4.770000000000000000e+02
2.896299999999999386e+01 5.166308879852294922e+01 4.300000000000000000e+01 4.270000000000000000e+02
2.943500000000000227e+01 5.166308879852294922e+01 4.400000000000000000e+01 5.760000000000000000e+02
2.998799999999999244e+01 5.166308879852294922e+01 4.500000000000000000e+01 5.620000000000000000e+02
3.101399999999999224e+01 5.166308879852294922e+01 4.600000000000000000e+01 5.720000000000000000e+02
3.154899999999999594e+01 5.166308879852294922e+01 4.700000000000000000e+01 5.850000000000000000e+02
3.232999999999999119e+01 5.166308879852294922e+01 4.800000000000000000e+01 4.560000000000000000e+02
3.217999999999998550e+01 5.166308879852294922e+01 4.900000000000000000e+01 6.520000000000000000e+02
3.338900000000001000e+01 5.166308879852294922e+01 5.000000000000000000e+01 1.101000000000000000e+03
3.381100000000002836e+01 5.166308879852294922e+01 5.100000000000000000e+01 9.640000000000000000e+02
3.477400000000007196e+01 5.166308879852294922e+01 5.200000000000000000e+01 6.250000000000000000e+02
3.474600000000006617e+01 5.166308879852294922e+01 5.300000000000000000e+01 8.150000000000000000e+02
3.579300000000013426e+01 5.166308879852294922e+01 5.400000000000000000e+01 8.860000000000000000e+02
3.707200000000010220e+01 5.166308879852294922e+01 5.500000000000000000e+01 6.850000000000000000e+02
3.822700000000020992e+01 5.166308879852294922e+01 5.600000000000000000e+01 1.087000000000000000e+03
3.908300000000019025e+01 5.166308879852294922e+01 5.700000000000000000e+01 8.600000000000000000e+02
3.935900000000024335e+01 5.166308879852294922e+01 5.800000000000000000e+01 1.339000000000000000e+03
4.014200000000024460e+01 5.166308879852294922e+01 5.900000000000000000e+01 1.292000000000000000e+03
4.080700000000027927e+01 5.166308879852294922e+01 6.000000000000000000e+01 7.270000000000000000e+02
4.179300000000034743e+01 5.166308879852294922e+01 6.100000000000000000e+01 1.668000000000000000e+03
4.313200000000041001e+01 5.166308879852294922e+01 6.200000000000000000e+01 1.194000000000000000e+03
4.339800000000042957e+01 5.166308879852294922e+01 6.300000000000000000e+01 1.467000000000000000e+03
4.410000000000045617e+01 5.166308879852294922e+01 6.400000000000000000e+01 1.935000000000000000e+03
4.505800000000049010e+01 5.166308879852294922e+01 6.500000000000000000e+01 1.352000000000000000e+03
4.584800000000051767e+01 5.166308879852294922e+01 6.600000000000000000e+01 1.382000000000000000e+03
4.666700000000054160e+01 5.166308879852294922e+01 6.700000000000000000e+01 9.730000000000000000e+02
4.752000000000057156e+01 5.166308879852294922e+01 6.800000000000000000e+01 1.383000000000000000e+03
4.851600000000061641e+01 5.166308879852294922e+01 6.900000000000000000e+01 1.009000000000000000e+03
4.966100000000065506e+01 5.166308879852294922e+01 7.000000000000000000e+01 9.350000000000000000e+02
5.066200000000069537e+01 5.166308879852294922e+01 7.100000000000000000e+01 8.760000000000000000e+02
5.135500000000074294e+01 5.166308879852294922e+01 7.200000000000000000e+01 1.122000000000000000e+03
5.166308879852294922e+01 5.166308879852294922e+01 7.300000000000000000e+01 2.290000000000000000e+02
5.166308879852294922e+01 5.166308879852294922e+01 7.400000000000000000e+01 9.850000000000000000e+02
4.032999999999999474e+00 5.223263621330261230e+01 0.000000000000000000e+00 0.000000000000000000e+00
5.509000000000000341e+00 5.223263621330261230e+01 1.000000000000000000e+00 7.000000000000000000e+00
6.586000000000001187e+00 5.223263621330261230e+01 2.000000000000000000e+00 1.600000000000000000e+01
7.112000000000000988e+00 5.223263621330261230e+01 3.000000000000000000e+00 1.800000000000000000e+01
7.798000000000000931e+00 5.223263621330261230e+01 4.000000000000000000e+00 2.200000000000000000e+01
8.968000000000001748e+00 5.223263621330261230e+01 5.000000000000000000e+00 2.800000000000000000e+01
9.460000000000002629e+00 5.223263621330261230e+01 6.000000000000000000e+00 1.900000000000000000e+01
1.010000000000000497e+01 5.223263621330261230e+01 7.000000000000000000e+00 3.100000000000000000e+01
1.102700000000000458e+01 5.223263621330261230e+01 8.000000000000000000e+00 2.700000000000000000e+01
1.148500000000000298e+01 5.223263621330261230e+01 9.000000000000000000e+00 4.400000000000000000e+01
1.192000000000000348e+01 5.223263621330261230e+01 1.000000000000000000e+01 5.600000000000000000e+01
1.249500000000000277e+01 5.223263621330261230e+01 1.100000000000000000e+01 6.800000000000000000e+01
1.272300000000000253e+01 5.223263621330261230e+01 1.200000000000000000e+01 5.700000000000000000e+01
1.344800000000000395e+01 5.223263621330261230e+01 1.300000000000000000e+01 6.500000000000000000e+01
1.397200000000000486e+01 5.223263621330261230e+01 1.400000000000000000e+01 8.400000000000000000e+01
1.447800000000000509e+01 5.223263621330261230e+01 1.500000000000000000e+01 5.200000000000000000e+01
1.472700000000000564e+01 5.223263621330261230e+01 1.600000000000000000e+01 8.100000000000000000e+01
1.579700000000000593e+01 5.223263621330261230e+01 1.700000000000000000e+01 1.150000000000000000e+02
1.626000000000000156e+01 5.223263621330261230e+01 1.800000000000000000e+01 9.900000000000000000e+01
1.682099999999999795e+01 5.223263621330261230e+01 1.900000000000000000e+01 1.250000000000000000e+02
1.769100000000000250e+01 5.223263621330261230e+01 2.000000000000000000e+01 1.530000000000000000e+02
1.807700000000000884e+01 5.223263621330261230e+01 2.100000000000000000e+01 1.290000000000000000e+02
1.842600000000000549e+01 5.223263621330261230e+01 2.200000000000000000e+01 1.140000000000000000e+02
1.891900000000000404e+01 5.223263621330261230e+01 2.300000000000000000e+01 1.650000000000000000e+02
1.968099999999999739e+01 5.223263621330261230e+01 2.400000000000000000e+01 1.640000000000000000e+02
2.007600000000000051e+01 5.223263621330261230e+01 2.500000000000000000e+01 2.590000000000000000e+02
2.090199999999999747e+01 5.223263621330261230e+01 2.600000000000000000e+01 2.030000000000000000e+02
2.094999999999999574e+01 5.223263621330261230e+01 2.700000000000000000e+01 1.340000000000000000e+02
2.187599999999998701e+01 5.223263621330261230e+01 2.800000000000000000e+01 1.990000000000000000e+02
2.243799999999997752e+01 5.223263621330261230e+01 2.900000000000000000e+01 2.590000000000000000e+02
2.290099999999998204e+01 5.223263621330261230e+01 3.000000000000000000e+01 1.880000000000000000e+02
2.320799999999999486e+01 5.223263621330261230e+01 3.100000000000000000e+01 2.290000000000000000e+02
2.427800000000000580e+01 5.223263621330261230e+01 3.200000000000000000e+01 2.010000000000000000e+02
2.476000000000000867e+01 5.223263621330261230e+01 3.300000000000000000e+01 1.880000000000000000e+02
2.485200000000000742e+01 5.223263621330261230e+01 3.400000000000000000e+01 2.450000000000000000e+02
2.534200000000000941e+01 5.223263621330261230e+01 3.500000000000000000e+01 3.250000000000000000e+02
2.601100000000000279e+01 5.223263621330261230e+01 3.600000000000000000e+01 2.650000000000000000e+02
2.634800000000000253e+01 5.223263621330261230e+01 3.700000000000000000e+01 2.350000000000000000e+02
2.662400000000000944e+01 5.223263621330261230e+01 3.800000000000000000e+01 2.960000000000000000e+02
2.757000000000000028e+01 5.223263621330261230e+01 3.900000000000000000e+01 3.350000000000000000e+02
2.798099999999999454e+01 5.223263621330261230e+01 4.000000000000000000e+01 3.640000000000000000e+02
2.866199999999998127e+01 5.223263621330261230e+01 4.100000000000000000e+01 2.720000000000000000e+02
2.871099999999998076e+01 5.223263621330261230e+01 4.200000000000000000e+01 4.120000000000000000e+02
2.972899999999999565e+01 5.223263621330261230e+01 4.300000000000000000e+01 5.200000000000000000e+02
3.054300000000001347e+01 5.223263621330261230e+01 4.400000000000000000e+01 6.880000000000000000e+02
3.102600000000000691e+01 5.223263621330261230e+01 4.500000000000000000e+01 4.460000000000000000e+02
3.183200000000001850e+01 5.223263621330261230e+01 4.600000000000000000e+01 4.270000000000000000e+02
3.255200000000002802e+01 5.223263621330261230e+01 4.700000000000000000e+01 5.570000000000000000e+02
3.305400000000000205e+01 5.223263621330261230e+01 4.800000000000000000e+01 6.110000000000000000e+02
3.358099999999996754e+01 5.223263621330261230e+01 4.900000000000000000e+01 5.680000000000000000e+02
3.436799999999996658e+01 5.223263621330261230e+01 5.000000000000000000e+01 7.970000000000000000e+02
3.628400000000009840e+01 5.223263621330261230e+01 5.100000000000000000e+01 6.010000000000000000e+02
3.679000000000011994e+01 5.223263621330261230e+01 5.200000000000000000e+01 6.890000000000000000e+02
3.716900000000012483e+01 5.223263621330261230e+01 5.300000000000000000e+01 1.146000000000000000e+03
3.794800000000016382e+01 5.223263621330261230e+01 5.400000000000000000e+01 8.600000000000000000e+02
3.861700000000013233e+01 5.223263621330261230e+01 5.500000000000000000e+01 1.025000000000000000e+03
3.890900000000015524e+01 5.223263621330261230e+01 5.600000000000000000e+01 6.540000000000000000e+02
3.955500000000012051e+01 5.223263621330261230e+01 5.700000000000000000e+01 1.056000000000000000e+03
4.036800000000020106e+01 5.223263621330261230e+01 5.800000000000000000e+01 7.640000000000000000e+02
4.098300000000019594e+01 5.223263621330261230e+01 5.900000000000000000e+01 1.206000000000000000e+03
4.168500000000022965e+01 5.223263621330261230e+01 6.000000000000000000e+01 1.305000000000000000e+03
4.219400000000027262e+01 5.223263621330261230e+01 6.100000000000000000e+01 1.209000000000000000e+03
4.290300000000030423e+01 5.223263621330261230e+01 6.200000000000000000e+01 1.612000000000000000e+03
4.386200000000033583e+01 5.223263621330261230e+01 6.300000000000000000e+01 5.890000000000000000e+02
4.444100000000035777e+01 5.223263621330261230e+01 6.400000000000000000e+01 9.210000000000000000e+02
4.525100000000038136e+01 5.223263621330261230e+01 6.500000000000000000e+01 1.952000000000000000e+03
4.632300000000044093e+01 5.223263621330261230e+01 6.600000000000000000e+01 1.425000000000000000e+03
4.690600000000044645e+01 5.223263621330261230e+01 6.700000000000000000e+01 1.401000000000000000e+03
4.803000000000049141e+01 5.223263621330261230e+01 6.800000000000000000e+01 7.730000000000000000e+02
4.890400000000054348e+01 5.223263621330261230e+01 6.900000000000000000e+01 9.340000000000000000e+02
5.011800000000057764e+01 5.223263621330261230e+01 7.000000000000000000e+01 5.660000000000000000e+02
5.124900000000062050e+01 5.223263621330261230e+01 7.100000000000000000e+01 1.013000000000000000e+03
5.186600000000066046e+01 5.223263621330261230e+01 7.200000000000000000e+01 1.211000000000000000e+03
5.223263621330261230e+01 5.223263621330261230e+01 7.300000000000000000e+01 2.760000000000000000e+02
5.223263621330261230e+01 5.223263621330261230e+01 7.400000000000000000e+01 6.980000000000000000e+02
2.947000000000000952e+00 5.151713323593139648e+01 0.000000000000000000e+00 0.000000000000000000e+00
4.791000000000000369e+00 5.151713323593139648e+01 1.000000000000000000e+00 1.000000000000000000e+00
5.525000000000000355e+00 5.151713323593139648e+01 2.000000000000000000e+00 8.000000000000000000e+00
6.224000000000001087e+00 5.151713323593139648e+01 3.000000000000000000e+00 2.300000000000000000e+01
7.075000000000001066e+00 5.151713323593139648e+01 4.000000000000000000e+00 1.700000000000000000e+01
8.069000000000000838e+00 5.151713323593139648e+01 5.000000000000000000e+00 3.200000000000000000e+01
8.888999999999999346e+00 5.151713323593139648e+01 6.000000000000000000e+00 3.900000000000000000e+01
9.035000000000000142e+00 5.151713323593139648e+01 7.000000000000000000e+00 2.700000000000000000e+01
1.027799999999999869e+01 5.151713323593139648e+01 8.000000000000000000e+00 4.000000000000000000e+01
1.087599999999999589e+01 5.151713323593139648e+01 9.000000000000000000e+00 4.100000000000000000e+01
1.174799999999999400e+01 5.151713323593139648e+01 1.000000000000000000e+01 6.100000000000000000e+01
1.189099999999999291e+01 5.151713323593139648e+01 1.100000000000000000e+01 8.400000000000000000e+01
1.244999999999999396e+01 5.151713323593139648e+01 1.200000000000000000e+01 8.000000000000000000e+01
1.324299999999999500e+01 5.151713323593139648e+01 1.300000000000000000e+01 6.300000000000000000e+01
1.322199999999999420e+01 5.151713323593139648e+01 1.400000000000000000e+01 7.800000000000000000e+01
1.416199999999999370e+01 5.151713323593139648e+01 1.500000000000000000e+01 1.160000000000000000e+02
1.465499999999999226e+01 5.151713323593139648e+01 1.600000000000000000e+01 9.700000000000000000e+01
1.488099999999999135e+01 5.151713323593139648e+01 1.700000000000000000e+01 9.000000000000000000e+01
1.524899999999999167e+01 5.151713323593139648e+01 1.800000000000000000e+01 7.700000000000000000e+01
1.540699999999999292e+01 5.151713323593139648e+01 1.900000000000000000e+01 1.230000000000000000e+02
1.602199999999999136e+01 5.151713323593139648e+01 2.000000000000000000e+01 1.070000000000000000e+02
1.633899999999999153e+01 5.151713323593139648e+01 2.100000000000000000e+01 1.350000000000000000e+02
1.705299999999999017e+01 5.151713323593139648e+01 2.200000000000000000e+01 1.650000000000000000e+02
1.731099999999998929e+01 5.151713323593139648e+01 2.300000000000000000e+01 1.830000000000000000e+02
1.811699999999998312e+01 5.151713323593139648e+01 2.400000000000000000e+01 1.790000000000000000e+02
1.848399999999998400e+01 5.151713323593139648e+01 2.500000000000000000e+01 1.600000000000000000e+02
1.937799999999998590e+01 5.151713323593139648e+01 2.600000000000000000e+01 1.550000000000000000e+02
1.972299999999998477e+01 5.151713323593139648e+01 2.700000000000000000e+01 2.530000000000000000e+02
2.022099999999998232e+01 5.151713323593139648e+01 2.800000000000000000e+01 2.230000000000000000e+02
2.078099999999998104e+01 5.151713323593139648e+01 2.900000000000000000e+01 1.800000000000000000e+02
2.124499999999998678e+01 5.151713323593139648e+01 3.000000000000000000e+01 2.700000000000000000e+02
2.154499999999999105e+01 5.151713323593139648e+01 3.100000000000000000e+01 2.520000000000000000e+02
2.231700000000000017e+01 5.151713323593139648e+01 3.200000000000000000e+01 1.860000000000000000e+02
2.254100000000000392e+01 5.151713323593139648e+01 3.300000000000000000e+01 3.200000000000000000e+02
2.326600000000000179e+01 5.151713323593139648e+01 3.400000000000000000e+01 3.470000000000000000e+02
2.376299999999999457e+01 5.151713323593139648e+01 3.500000000000000000e+01 3.350000000000000000e+02
2.443299999999998917e+01 5.151713323593139648e+01 3.600000000000000000e+01 2.860000000000000000e+02
2.473199999999998511e+01 5.151713323593139648e+01 3.700000000000000000e+01 2.970000000000000000e+02
2.525799999999999201e+01 5.151713323593139648e+01 3.800000000000000000e+01 3.680000000000000000e+02
2.560999999999999233e+01 5.151713323593139648e+01 3.900000000000000000e+01 4.110000000000000000e+02
2.620199999999998752e+01 5.151713323593139648e+01 4.000000000000000000e+01 2.890000000000000000e+02
2.713299999999997425e+01 5.151713323593139648e+01 4.100000000000000000e+01 4.760000000000000000e+02
2.778599999999997294e+01 5.151713323593139648e+01 4.200000000000000000e+01 4.610000000000000000e+02
2.849599999999998445e+01 5.151713323593139648e+01 4.300000000000000000e+01 4.410000000000000000e+02
2.878799999999999315e+01 5.151713323593139648e+01 4.400000000000000000e+01 5.320000000000000000e+02
2.908799999999999386e+01 5.151713323593139648e+01 4.500000000000000000e+01 6.370000000000000000e+02
3.083200000000000074e+01 5.151713323593139648e+01 4.600000000000000000e+01 5.390000000000000000e+02
3.109700000000000841e+01 5.151713323593139648e+01 4.700000000000000000e+01 5.380000000000000000e+02
3.165900000000000247e+01 5.151713323593139648e+01 4.800000000000000000e+01 7.840000000000000000e+02
3.220699999999998653e+01 5.151713323593139648e+01 4.900000000000000000e+01 7.640000000000000000e+02
3.270899999999999608e+01 5.151713323593139648e+01 5.000000000000000000e+01 5.620000000000000000e+02
3.291200000000002035e+01 5.151713323593139648e+01 5.100000000000000000e+01 8.460000000000000000e+02
3.368400000000006145e+01 5.151713323593139648e+01 5.200000000000000000e+01 8.800000000000000000e+02
3.462600000000003320e+01 5.151713323593139648e+01 5.300000000000000000e+01 9.030000000000000000e+02
3.613400000000019219e+01 5.151713323593139648e+01 5.400000000000000000e+01 1.444000000000000000e+03
3.726800000000013569e+01 5.151713323593139648e+01 5.500000000000000000e+01 8.060000000000000000e+02
3.843900000000023454e+01 5.151713323593139648e+01 5.600000000000000000e+01 1.015000000000000000e+03
3.886400000000022459e+01 5.151713323593139648e+01 5.700000000000000000e+01 1.105000000000000000e+03
3.939700000000026137e+01 5.151713323593139648e+01 5.800000000000000000e+01 1.054000000000000000e+03
3.982600000000026341e+01 5.151713323593139648e+01 5.900000000000000000e+01 1.466000000000000000e+03
4.050900000000027745e+01 5.151713323593139648e+01 6.000000000000000000e+01 1.334000000000000000e+03
4.155100000000035720e+01 5.151713323593139648e+01 6.100000000000000000e+01 1.827000000000000000e+03
4.230700000000040006e+01 5.151713323593139648e+01 6.200000000000000000e+01 1.287000000000000000e+03
4.295500000000043173e+01 5.151713323593139648e+01 6.300000000000000000e+01 9.050000000000000000e+02
4.386400000000047328e+01 5.151713323593139648e+01 6.400000000000000000e+01 1.929000000000000000e+03
4.526700000000050039e+01 5.151713323593139648e+01 6.500000000000000000e+01 1.058000000000000000e+03
4.583700000000054331e+01 5.151713323593139648e+01 6.600000000000000000e+01 1.270000000000000000e+03
4.696900000000056252e+01 5.151713323593139648e+01 6.700000000000000000e+01 1.091000000000000000e+03
4.743200000000059191e+01 5.151713323593139648e+01 6.800000000000000000e+01 9.570000000000000000e+02
4.843400000000062988e+01 5.151713323593139648e+01 6.900000000000000000e+01 1.616000000000000000e+03
4.954000000000065995e+01 5.151713323593139648e+01 7.000000000000000000e+01 1.432000000000000000e+03
5.053000000000069747e+01 5.151713323593139648e+01 7.100000000000000000e+01 9.960000000000000000e+02
5.140000000000075175e+01 5.151713323593139648e+01 7.200000000000000000e+01 1.171000000000000000e+03
5.151713323593139648e+01 5.151713323593139648e+01 7.300000000000000000e+01 4.200000000000000000e+02
5.151713323593139648e+01 5.151713323593139648e+01 7.400000000000000000e+01 1.071000000000000000e+03
3.695999999999999730e+00 5.357791805267333984e+01 0.000000000000000000e+00 0.000000000000000000e+00
5.354999999999998650e+00 5.357791805267333984e+01 1.000000000000000000e+00 2.000000000000000000e+00
5.895999999999999019e+00 5.357791805267333984e+01 2.000000000000000000e+00 8.000000000000000000e+00
6.952999999999999403e+00 5.357791805267333984e+01 3.000000000000000000e+00 6.000000000000000000e+00
7.809999999999998721e+00 5.357791805267333984e+01 4.000000000000000000e+00 1.300000000000000000e+01
8.313999999999998280e+00 5.357791805267333984e+01 5.000000000000000000e+00 1.500000000000000000e+01
9.127999999999998337e+00 5.357791805267333984e+01 6.000000000000000000e+00 2.300000000000000000e+01
1.007699999999999640e+01 5.357791805267333984e+01 7.000000000000000000e+00 2.000000000000000000e+01
1.069399999999999551e+01 5.357791805267333984e+01 8.000000000000000000e+00 1.900000000000000000e+01
1.114799999999999436e+01 5.357791805267333984e+01 9.000000000000000000e+00 2.500000000000000000e+01
1.173299999999999343e+01 5.357791805267333984e+01 1.000000000000000000e+01 3.200000000000000000e+01
1.258499999999999375e+01 5.357791805267333984e+01 1.100000000000000000e+01 4.300000000000000000e+01
1.313899999999999402e+01 5.357791805267333984e+01 1.200000000000000000e+01 4.900000000000000000e+01
1.354499999999999460e+01 5.357791805267333984e+01 1.300000000000000000e+01 4.700000000000000000e+01
1.393799999999999528e+01 5.357791805267333984e+01 1.400000000000000000e+01 6.400000000000000000e+01
1.444699999999999385e+01 5.357791805267333984e+01 1.500000000000000000e+01 5.800000000000000000e+01
1.469499999999999318e+01 5.357791805267333984e+01 1.600000000000000000e+01 4.400000000000000000e+01
1.553399999999999181e+01 5.357791805267333984e+01 1.700000000000000000e+01 6.100000000000000000e+01
1.600099999999999056e+01 5.357791805267333984e+01 1.800000000000000000e+01 9.700000000000000000e+01
1.678699999999998127e+01 5.357791805267333984e+01 1.900000000000000000e+01 1.150000000000000000e+02
1.699399999999998556e+01 5.357791805267333984e+01 2.000000000000000000e+01 1.130000000000000000e+02
1.796299999999999031e+01 5.357791805267333984e+01 2.100000000000000000e+01 1.670000000000000000e+02
1.822999999999999687e+01 5.357791805267333984e+01 2.200000000000000000e+01 1.180000000000000000e+02
1.845999999999999730e+01 5.357791805267333984e+01 2.300000000000000000e+01 9.400000000000000000e+01
1.915199999999999037e+01 5.357791805267333984e+01 2.400000000000000000e+01 1.660000000000000000e+02
1.941599999999998971e+01 5.357791805267333984e+01 2.500000000000000000e+01 1.440000000000000000e+02
1.971199999999998553e+01 5.357791805267333984e+01 2.600000000000000000e+01 1.320000000000000000e+02
2.005799999999998207e+01 5.357791805267333984e+01 2.700000000000000000e+01 2.260000000000000000e+02
2.130699999999996663e+01 5.357791805267333984e+01 2.800000000000000000e+01 2.360000000000000000e+02
2.179199999999995896e+01 5.357791805267333984e+01 2.900000000000000000e+01 2.240000000000000000e+02
2.218099999999996186e+01 5.357791805267333984e+01 3.000000000000000000e+01 1.950000000000000000e+02
2.240699999999996450e+01 5.357791805267333984e+01 3.100000000000000000e+01 2.580000000000000000e+02
2.281599999999997053e+01 5.357791805267333984e+01 3.200000000000000000e+01 2.630000000000000000e+02
2.326099999999996371e+01 5.357791805267333984e+01 3.300000000000000000e+01 2.570000000000000000e+02
2.392399999999995686e+01 5.357791805267333984e+01 3.400000000000000000e+01 2.770000000000000000e+02
2.398999999999995580e+01 5.357791805267333984e+01 3.500000000000000000e+01 2.930000000000000000e+02
2.490699999999995384e+01 5.357791805267333984e+01 3.600000000000000000e+01 3.040000000000000000e+02
2.455999999999996319e+01 5.357791805267333984e+01 3.700000000000000000e+01 2.630000000000000000e+02
2.581099999999996442e+01 5.357791805267333984e+01 3.800000000000000000e+01 3.670000000000000000e+02
2.626099999999996726e+01 5.357791805267333984e+01 3.900000000000000000e+01 3.670000000000000000e+02
2.655199999999996052e+01 5.357791805267333984e+01 4.000000000000000000e+01 2.750000000000000000e+02
2.730699999999994532e+01 5.357791805267333984e+01 4.100000000000000000e+01 3.750000000000000000e+02
2.752999999999994785e+01 5.357791805267333984e+01 4.200000000000000000e+01 3.180000000000000000e+02
2.882199999999996365e+01 5.357791805267333984e+01 4.300000000000000000e+01 4.470000000000000000e+02
2.948499999999997456e+01 5.357791805267333984e+01 4.400000000000000000e+01 4.810000000000000000e+02
2.980099999999997706e+01 5.357791805267333984e+01 4.500000000000000000e+01 4.990000000000000000e+02
3.045999999999997598e+01 5.357791805267333984e+01 4.600000000000000000e+01 4.860000000000000000e+02
3.240700000000001779e+01 5.357791805267333984e+01 4.700000000000000000e+01 7.020000000000000000e+02
3.287200000000000699e+01 5.357791805267333984e+01 4.800000000000000000e+01 5.840000000000000000e+02
3.312299999999999045e+01 5.357791805267333984e+01 4.900000000000000000e+01 5.940000000000000000e+02
3.368700000000000472e+01 5.357791805267333984e+01 5.000000000000000000e+01 7.850000000000000000e+02
3.465700000000005332e+01 5.357791805267333984e+01 5.100000000000000000e+01 7.370000000000000000e+02
3.554400000000009641e+01 5.357791805267333984e+01 5.200000000000000000e+01 8.210000000000000000e+02
3.602200000000008373e+01 5.357791805267333984e+01 5.300000000000000000e+01 8.350000000000000000e+02
3.681900000000015893e+01 5.357791805267333984e+01 5.400000000000000000e+01 1.141000000000000000e+03
3.758800000000013597e+01 5.357791805267333984e+01 5.500000000000000000e+01 9.600000000000000000e+02
3.797200000000011499e+01 5.357791805267333984e+01 5.600000000000000000e+01 7.140000000000000000e+02
3.916200000000006298e+01 5.357791805267333984e+01 5.700000000000000000e+01 1.194000000000000000e+03
4.004400000000011062e+01 5.357791805267333984e+01 5.800000000000000000e+01 1.152000000000000000e+03
4.092500000000016769e+01 5.357791805267333984e+01 5.900000000000000000e+01 9.280000000000000000e+02
4.203400000000020498e+01 5.357791805267333984e+01 6.000000000000000000e+01 1.010000000000000000e+03
4.284900000000028797e+01 5.357791805267333984e+01 6.100000000000000000e+01 1.631000000000000000e+03
4.333600000000031827e+01 5.357791805267333984e+01 6.200000000000000000e+01 1.896000000000000000e+03
4.399500000000033140e+01 5.357791805267333984e+01 6.300000000000000000e+01 1.725000000000000000e+03
4.494100000000035777e+01 5.357791805267333984e+01 6.400000000000000000e+01 2.388000000000000000e+03
4.752700000000044867e+01 5.357791805267333984e+01 6.500000000000000000e+01 1.244000000000000000e+03
4.776600000000047430e+01 5.357791805267333984e+01 6.600000000000000000e+01 1.514000000000000000e+03
4.876000000000050250e+01 5.357791805267333984e+01 6.700000000000000000e+01 8.650000000000000000e+02
4.931900000000053552e+01 5.357791805267333984e+01 6.800000000000000000e+01 1.356000000000000000e+03
5.039500000000057867e+01 5.357791805267333984e+01 6.900000000000000000e+01 1.232000000000000000e+03
5.147600000000062437e+01 5.357791805267333984e+01 7.000000000000000000e+01 1.259000000000000000e+03
5.245200000000065899e+01 5.357791805267333984e+01 7.100000000000000000e+01 1.596000000000000000e+03
5.361200000000069110e+01 5.357791805267333984e+01 7.200000000000000000e+01 1.626000000000000000e+03
5.357791805267333984e+01 5.357791805267333984e+01 7.300000000000000000e+01 8.750000000000000000e+02
5.357791805267333984e+01 5.357791805267333984e+01 7.400000000000000000e+01 9.500000000000000000e+02
4.417999999999999261e+00 5.394118404388427734e+01 0.000000000000000000e+00 0.000000000000000000e+00
6.065000000000000391e+00 5.394118404388427734e+01 1.000000000000000000e+00 1.600000000000000000e+01
6.960999999999999410e+00 5.394118404388427734e+01 2.000000000000000000e+00 2.000000000000000000e+01
8.356999999999997542e+00 5.394118404388427734e+01 3.000000000000000000e+00 1.300000000000000000e+01
9.208999999999997854e+00 5.394118404388427734e+01 4.000000000000000000e+00 1.900000000000000000e+01
9.872999999999997556e+00 5.394118404388427734e+01 5.000000000000000000e+00 2.100000000000000000e+01
1.035999999999999588e+01 5.394118404388427734e+01 6.000000000000000000e+00 4.600000000000000000e+01
1.099299999999999500e+01 5.394118404388427734e+01 7.000000000000000000e+00 3.600000000000000000e+01
1.097499999999999609e+01 5.394118404388427734e+01 8.000000000000000000e+00 4.900000000000000000e+01
1.156699999999999484e+01 5.394118404388427734e+01 9.000000000000000000e+00 2.900000000000000000e+01
1.204099999999999326e+01 5.394118404388427734e+01 1.000000000000000000e+01 4.800000000000000000e+01
1.246699999999999342e+01 5.394118404388427734e+01 1.100000000000000000e+01 5.000000000000000000e+01
1.287999999999999368e+01 5.394118404388427734e+01 1.200000000000000000e+01 6.600000000000000000e+01
1.314999999999999325e+01 5.394118404388427734e+01 1.300000000000000000e+01 4.700000000000000000e+01
1.338099999999999135e+01 5.394118404388427734e+01 1.400000000000000000e+01 7.300000000000000000e+01
1.417699999999999072e+01 5.394118404388427734e+01 1.500000000000000000e+01 8.100000000000000000e+01
1.503699999999998838e+01 5.394118404388427734e+01 1.600000000000000000e+01 6.400000000000000000e+01
1.558299999999998775e+01 5.394118404388427734e+01 1.700000000000000000e+01 1.190000000000000000e+02
1.644599999999998730e+01 5.394118404388427734e+01 1.800000000000000000e+01 9.700000000000000000e+01
1.710499999999998977e+01 5.394118404388427734e+01 1.900000000000000000e+01 1.310000000000000000e+02
1.744599999999998730e+01 5.394118404388427734e+01 2.000000000000000000e+01 1.300000000000000000e+02
1.807699999999998752e+01 5.394118404388427734e+01 2.100000000000000000e+01 1.470000000000000000e+02
1.888599999999998502e+01 5.394118404388427734e+01 2.200000000000000000e+01 2.060000000000000000e+02
1.931999999999998252e+01 5.394118404388427734e+01 2.300000000000000000e+01 1.220000000000000000e+02
2.015399999999997860e+01 5.394118404388427734e+01 2.400000000000000000e+01 1.770000000000000000e+02
2.052399999999997604e+01 5.394118404388427734e+01 2.500000000000000000e+01 1.640000000000000000e+02
2.150099999999997635e+01 5.394118404388427734e+01 2.600000000000000000e+01 1.890000000000000000e+02
2.210199999999997544e+01 5.394118404388427734e+01 2.700000000000000000e+01 2.140000000000000000e+02
2.240399999999997505e+01 5.394118404388427734e+01 2.800000000000000000e+01 3.010000000000000000e+02
2.264999999999997726e+01 5.394118404388427734e+01 2.900000000000000000e+01 1.620000000000000000e+02
2.329799999999998050e+01 5.394118404388427734e+01 3.000000000000000000e+01 3.150000000000000000e+02
2.362199999999998923e+01 5.394118404388427734e+01 3.100000000000000000e+01 1.990000000000000000e+02
2.409099999999999042e+01 5.394118404388427734e+01 3.200000000000000000e+01 3.040000000000000000e+02
2.476899999999999480e+01 5.394118404388427734e+01 3.300000000000000000e+01 3.320000000000000000e+02
2.545499999999999119e+01 5.394118404388427734e+01 3.400000000000000000e+01 3.110000000000000000e+02
2.558399999999999253e+01 5.394118404388427734e+01 3.500000000000000000e+01 2.580000000000000000e+02
2.612999999999998835e+01 5.394118404388427734e+01 3.600000000000000000e+01 2.310000000000000000e+02
2.659499999999998465e+01 5.394118404388427734e+01 3.700000000000000000e+01 3.920000000000000000e+02
2.712999999999998479e+01 5.394118404388427734e+01 3.800000000000000000e+01 2.420000000000000000e+02
2.735699999999998866e+01 5.394118404388427734e+01 3.900000000000000000e+01 4.350000000000000000e+02
2.835399999999997078e+01 5.394118404388427734e+01 4.000000000000000000e+01 2.830000000000000000e+02
2.875299999999995748e+01 5.394118404388427734e+01 4.100000000000000000e+01 4.790000000000000000e+02
2.912399999999995970e+01 5.394118404388427734e+01 4.200000000000000000e+01 3.480000000000000000e+02
2.986799999999997368e+01 5.394118404388427734e+01 4.300000000000000000e+01 4.230000000000000000e+02
3.057999999999998053e+01 5.394118404388427734e+01 4.400000000000000000e+01 6.770000000000000000e+02
3.120099999999997564e+01 5.394118404388427734e+01 4.500000000000000000e+01 7.070000000000000000e+02
3.161399999999997590e+01 5.394118404388427734e+01 4.600000000000000000e+01 5.650000000000000000e+02
3.293500000000000227e+01 5.394118404388427734e+01 4.700000000000000000e+01 5.660000000000000000e+02
3.380899999999997618e+01 5.394118404388427734e+01 4.800000000000000000e+01 7.500000000000000000e+02
3.391099999999996584e+01 5.394118404388427734e+01 4.900000000000000000e+01 5.270000000000000000e+02
3.445299999999996743e+01 5.394118404388427734e+01 5.000000000000000000e+01 8.500000000000000000e+02
3.528499999999998948e+01 5.394118404388427734e+01 5.100000000000000000e+01 7.950000000000000000e+02
3.551600000000001245e+01 5.394118404388427734e+01 5.200000000000000000e+01 6.910000000000000000e+02
3.651599999999999824e+01 5.394118404388427734e+01 5.300000000000000000e+01 6.670000000000000000e+02
3.780200000000009908e+01 5.394118404388427734e+01 5.400000000000000000e+01 9.790000000000000000e+02
3.782200000000010220e+01 5.394118404388427734e+01 5.500000000000000000e+01 9.320000000000000000e+02
3.879200000000015791e+01 5.394118404388427734e+01 5.600000000000000000e+01 1.268000000000000000e+03
3.961100000000013921e+01 5.394118404388427734e+01 5.700000000000000000e+01 1.268000000000000000e+03
4.034800000000019793e+01 5.394118404388427734e+01 5.800000000000000000e+01 1.091000000000000000e+03
4.093300000000019168e+01 5.394118404388427734e+01 5.900000000000000000e+01 9.080000000000000000e+02
4.157900000000021379e+01 5.394118404388427734e+01 6.000000000000000000e+01 1.441000000000000000e+03
4.243800000000027239e+01 5.394118404388427734e+01 6.100000000000000000e+01 8.520000000000000000e+02
4.301000000000030354e+01 5.394118404388427734e+01 6.200000000000000000e+01 8.950000000000000000e+02
4.372900000000034026e+01 5.394118404388427734e+01 6.300000000000000000e+01 1.787000000000000000e+03
4.499600000000040012e+01 5.394118404388427734e+01 6.400000000000000000e+01 8.610000000000000000e+02
4.565600000000041803e+01 5.394118404388427734e+01 6.500000000000000000e+01 9.210000000000000000e+02
4.657300000000045515e+01 5.394118404388427734e+01 6.600000000000000000e+01 2.224000000000000000e+03
4.758700000000048647e+01 5.394118404388427734e+01 6.700000000000000000e+01 1.026000000000000000e+03
4.822200000000051290e+01 5.394118404388427734e+01 6.800000000000000000e+01 1.112000000000000000e+03
4.943200000000055638e+01 5.394118404388427734e+01 6.900000000000000000e+01 1.062000000000000000e+03
5.022700000000058651e+01 5.394118404388427734e+01 7.000000000000000000e+01 1.544000000000000000e+03
5.142600000000064142e+01 5.394118404388427734e+01 7.100000000000000000e+01 8.240000000000000000e+02
5.397900000000072396e+01 5.394118404388427734e+01 7.200000000000000000e+01 1.046000000000000000e+03
5.394118404388427734e+01 5.394118404388427734e+01 7.300000000000000000e+01 9.410000000000000000e+02
5.394118404388427734e+01 5.394118404388427734e+01 7.400000000000000000e+01 9.700000000000000000e+02
3.313999999999999613e+00 5.107300376892089844e+01 0.000000000000000000e+00 3.000000000000000000e+00
4.411000000000000476e+00 5.107300376892089844e+01 1.000000000000000000e+00 7.000000000000000000e+00
6.206000000000000405e+00 5.107300376892089844e+01 2.000000000000000000e+00 9.000000000000000000e+00
6.558000000000000718e+00 5.107300376892089844e+01 3.000000000000000000e+00 1.700000000000000000e+01
7.051999999999999602e+00 5.107300376892089844e+01 4.000000000000000000e+00 2.700000000000000000e+01
7.903999999999999915e+00 5.107300376892089844e+01 5.000000000000000000e+00 1.600000000000000000e+01
8.720000000000002416e+00 5.107300376892089844e+01 6.000000000000000000e+00 3.400000000000000000e+01
8.720000000000002416e+00 5.107300376892089844e+01 7.000000000000000000e+00 3.300000000000000000e+01
9.493000000000002103e+00 5.107300376892089844e+01 8.000000000000000000e+00 3.300000000000000000e+01
9.794000000000004036e+00 5.107300376892089844e+01 9.000000000000000000e+00 4.800000000000000000e+01
1.007800000000000118e+01 5.107300376892089844e+01 1.000000000000000000e+01 4.800000000000000000e+01
1.094700000000000273e+01 5.107300376892089844e+01 1.100000000000000000e+01 5.900000000000000000e+01
1.149900000000000055e+01 5.107300376892089844e+01 1.200000000000000000e+01 4.700000000000000000e+01
1.203400000000000070e+01 5.107300376892089844e+01 1.300000000000000000e+01 6.000000000000000000e+01
1.216700000000000159e+01 5.107300376892089844e+01 1.400000000000000000e+01 6.000000000000000000e+01
1.317600000000000016e+01 5.107300376892089844e+01 1.500000000000000000e+01 1.020000000000000000e+02
1.391000000000000014e+01 5.107300376892089844e+01 1.600000000000000000e+01 6.700000000000000000e+01
1.450600000000000023e+01 5.107300376892089844e+01 1.700000000000000000e+01 1.170000000000000000e+02
1.450600000000000023e+01 5.107300376892089844e+01 1.800000000000000000e+01 8.700000000000000000e+01
1.496499999999999986e+01 5.107300376892089844e+01 1.900000000000000000e+01 1.210000000000000000e+02
1.561800000000000210e+01 5.107300376892089844e+01 2.000000000000000000e+01 1.320000000000000000e+02
1.615100000000000335e+01 5.107300376892089844e+01 2.100000000000000000e+01 9.300000000000000000e+01
1.625700000000000500e+01 5.107300376892089844e+01 2.200000000000000000e+01 1.630000000000000000e+02
1.675200000000000244e+01 5.107300376892089844e+01 2.300000000000000000e+01 1.600000000000000000e+02
1.713599999999999923e+01 5.107300376892089844e+01 2.400000000000000000e+01 1.240000000000000000e+02
1.815799999999999415e+01 5.107300376892089844e+01 2.500000000000000000e+01 1.370000000000000000e+02
1.851799999999999002e+01 5.107300376892089844e+01 2.600000000000000000e+01 1.610000000000000000e+02
1.886399999999998656e+01 5.107300376892089844e+01 2.700000000000000000e+01 1.810000000000000000e+02
1.944399999999998485e+01 5.107300376892089844e+01 2.800000000000000000e+01 2.410000000000000000e+02
1.938799999999998036e+01 5.107300376892089844e+01 2.900000000000000000e+01 1.410000000000000000e+02
2.091600000000000037e+01 5.107300376892089844e+01 3.000000000000000000e+01 2.260000000000000000e+02
2.143500000000000938e+01 5.107300376892089844e+01 3.100000000000000000e+01 2.020000000000000000e+02
2.165100000000001401e+01 5.107300376892089844e+01 3.200000000000000000e+01 2.290000000000000000e+02
2.206200000000001893e+01 5.107300376892089844e+01 3.300000000000000000e+01 2.850000000000000000e+02
2.258700000000001396e+01 5.107300376892089844e+01 3.400000000000000000e+01 2.440000000000000000e+02
2.316700000000001225e+01 5.107300376892089844e+01 3.500000000000000000e+01 2.370000000000000000e+02
2.329100000000001103e+01 5.107300376892089844e+01 3.600000000000000000e+01 2.150000000000000000e+02
2.363200000000000500e+01 5.107300376892089844e+01 3.700000000000000000e+01 3.440000000000000000e+02
2.429900000000001015e+01 5.107300376892089844e+01 3.800000000000000000e+01 3.620000000000000000e+02
2.496700000000001296e+01 5.107300376892089844e+01 3.900000000000000000e+01 4.660000000000000000e+02
2.542600000000000549e+01 5.107300376892089844e+01 4.000000000000000000e+01 3.850000000000000000e+02
2.559699999999999775e+01 5.107300376892089844e+01 4.100000000000000000e+01 3.030000000000000000e+02
2.669499999999999673e+01 5.107300376892089844e+01 4.200000000000000000e+01 4.230000000000000000e+02
2.687399999999999878e+01 5.107300376892089844e+01 4.300000000000000000e+01 4.560000000000000000e+02
2.748200000000002063e+01 5.107300376892089844e+01 4.400000000000000000e+01 4.140000000000000000e+02
2.818600000000001771e+01 5.107300376892089844e+01 4.500000000000000000e+01 3.750000000000000000e+02
2.892600000000001259e+01 5.107300376892089844e+01 4.600000000000000000e+01 5.050000000000000000e+02
2.949900000000002720e+01 5.107300376892089844e+01 4.700000000000000000e+01 4.720000000000000000e+02
2.996800000000000708e+01 5.107300376892089844e+01 4.800000000000000000e+01 6.210000000000000000e+02
3.060400000000002052e+01 5.107300376892089844e+01 4.900000000000000000e+01 6.920000000000000000e+02
3.193000000000002103e+01 5.107300376892089844e+01 5.000000000000000000e+01 8.050000000000000000e+02
3.233200000000003627e+01 5.107300376892089844e+01 5.100000000000000000e+01 5.020000000000000000e+02
3.260500000000004661e+01 5.107300376892089844e+01 5.200000000000000000e+01 6.380000000000000000e+02
3.320700000000002206e+01 5.107300376892089844e+01 5.300000000000000000e+01 8.430000000000000000e+02
3.427300000000011693e+01 5.107300376892089844e+01 5.400000000000000000e+01 8.130000000000000000e+02
3.496800000000011011e+01 5.107300376892089844e+01 5.500000000000000000e+01 7.800000000000000000e+02
3.561900000000016320e+01 5.107300376892089844e+01 5.600000000000000000e+01 1.072000000000000000e+03
3.672000000000011966e+01 5.107300376892089844e+01 5.700000000000000000e+01 7.620000000000000000e+02
3.810700000000021248e+01 5.107300376892089844e+01 5.800000000000000000e+01 1.272000000000000000e+03
3.907500000000023732e+01 5.107300376892089844e+01 5.900000000000000000e+01 1.267000000000000000e+03
3.897800000000022180e+01 5.107300376892089844e+01 6.000000000000000000e+01 1.211000000000000000e+03
4.007000000000027740e+01 5.107300376892089844e+01 6.100000000000000000e+01 1.132000000000000000e+03
4.064800000000031588e+01 5.107300376892089844e+01 6.200000000000000000e+01 1.534000000000000000e+03
4.135200000000033782e+01 5.107300376892089844e+01 6.300000000000000000e+01 9.920000000000000000e+02
4.248700000000039267e+01 5.107300376892089844e+01 6.400000000000000000e+01 1.325000000000000000e+03
4.370500000000043883e+01 5.107300376892089844e+01 6.500000000000000000e+01 8.060000000000000000e+02
4.433700000000046515e+01 5.107300376892089844e+01 6.600000000000000000e+01 1.191000000000000000e+03
4.574200000000050892e+01 5.107300376892089844e+01 6.700000000000000000e+01 2.680000000000000000e+03
4.664900000000054803e+01 5.107300376892089844e+01 6.800000000000000000e+01 8.430000000000000000e+02
4.771400000000058839e+01 5.107300376892089844e+01 6.900000000000000000e+01 1.158000000000000000e+03
4.856100000000062522e+01 5.107300376892089844e+01 7.000000000000000000e+01 1.223000000000000000e+03
4.949500000000064404e+01 5.107300376892089844e+01 7.100000000000000000e+01 1.020000000000000000e+03
5.104500000000071935e+01 5.107300376892089844e+01 7.200000000000000000e+01 1.207000000000000000e+03
5.107300376892089844e+01 5.107300376892089844e+01 7.300000000000000000e+01 6.990000000000000000e+02
5.107300376892089844e+01 5.107300376892089844e+01 7.400000000000000000e+01 1.158000000000000000e+03
