3.047000000000000153e+00 3.039773869514465332e+01 0.000000000000000000e+00 4.000000000000000000e+00
3.720000000000000195e+00 3.039773869514465332e+01 1.000000000000000000e+00 0.000000000000000000e+00
4.160000000000000142e+00 3.039773869514465332e+01 2.000000000000000000e+00 2.000000000000000000e+00
5.872000000000000774e+00 3.039773869514465332e+01 3.000000000000000000e+00 9.000000000000000000e+00
6.085000000000000853e+00 3.039773869514465332e+01 4.000000000000000000e+00 1.100000000000000000e+01
6.293000000000001037e+00 3.039773869514465332e+01 5.000000000000000000e+00 1.600000000000000000e+01
6.695000000000001172e+00 3.039773869514465332e+01 6.000000000000000000e+00 1.400000000000000000e+01
6.894000000000001016e+00 3.039773869514465332e+01 7.000000000000000000e+00 1.700000000000000000e+01
7.087000000000000632e+00 3.039773869514465332e+01 8.000000000000000000e+00 8.000000000000000000e+00
7.459000000000000519e+00 3.039773869514465332e+01 9.000000000000000000e+00 2.000000000000000000e+01
7.459000000000000519e+00 3.039773869514465332e+01 1.000000000000000000e+01 1.600000000000000000e+01
7.989000000000000767e+00 3.039773869514465332e+01 1.100000000000000000e+01 1.200000000000000000e+01
8.164000000000001478e+00 3.039773869514465332e+01 1.200000000000000000e+01 1.800000000000000000e+01
8.664000000000001478e+00 3.039773869514465332e+01 1.300000000000000000e+01 1.400000000000000000e+01
8.664000000000001478e+00 3.039773869514465332e+01 1.400000000000000000e+01 3.200000000000000000e+01
8.776999999999999247e+00 3.039773869514465332e+01 1.500000000000000000e+01 2.200000000000000000e+01
9.096000000000000085e+00 3.039773869514465332e+01 1.600000000000000000e+01 2.900000000000000000e+01
9.743999999999999773e+00 3.039773869514465332e+01 1.700000000000000000e+01 4.300000000000000000e+01
9.891000000000000014e+00 3.039773869514465332e+01 1.800000000000000000e+01 2.700000000000000000e+01
1.003599999999999959e+01 3.039773869514465332e+01 1.900000000000000000e+01 3.500000000000000000e+01
1.017499999999999893e+01 3.039773869514465332e+01 2.000000000000000000e+01 2.200000000000000000e+01
1.031199999999999939e+01 3.039773869514465332e+01 2.100000000000000000e+01 5.400000000000000000e+01
1.095599999999999952e+01 3.039773869514465332e+01 2.200000000000000000e+01 3.200000000000000000e+01
1.054099999999999682e+01 3.039773869514465332e+01 2.300000000000000000e+01 3.400000000000000000e+01
1.090999999999999837e+01 3.039773869514465332e+01 2.400000000000000000e+01 3.400000000000000000e+01
1.145899999999999785e+01 3.039773869514465332e+01 2.500000000000000000e+01 6.900000000000000000e+01
1.167600000000000016e+01 3.039773869514465332e+01 2.600000000000000000e+01 7.900000000000000000e+01
1.210599999999999987e+01 3.039773869514465332e+01 2.700000000000000000e+01 4.200000000000000000e+01
1.221599999999999930e+01 3.039773869514465332e+01 2.800000000000000000e+01 5.800000000000000000e+01
1.253899999999999793e+01 3.039773869514465332e+01 2.900000000000000000e+01 3.600000000000000000e+01
1.259499999999999886e+01 3.039773869514465332e+01 3.000000000000000000e+01 7.000000000000000000e+01
1.324399999999999800e+01 3.039773869514465332e+01 3.100000000000000000e+01 7.200000000000000000e+01
1.333899999999999864e+01 3.039773869514465332e+01 3.200000000000000000e+01 7.200000000000000000e+01
1.333899999999999686e+01 3.039773869514465332e+01 3.300000000000000000e+01 1.000000000000000000e+02
1.369699999999999918e+01 3.039773869514465332e+01 3.400000000000000000e+01 1.100000000000000000e+02
1.419999999999999929e+01 3.039773869514465332e+01 3.500000000000000000e+01 1.140000000000000000e+02
1.391399999999999793e+01 3.039773869514465332e+01 3.600000000000000000e+01 4.400000000000000000e+01
1.433099999999999952e+01 3.039773869514465332e+01 3.700000000000000000e+01 1.420000000000000000e+02
1.525899999999999679e+01 3.039773869514465332e+01 3.800000000000000000e+01 1.170000000000000000e+02
1.503199999999999470e+01 3.039773869514465332e+01 3.900000000000000000e+01 1.390000000000000000e+02
1.582199999999999562e+01 3.039773869514465332e+01 4.000000000000000000e+01 8.500000000000000000e+01
1.601999999999999602e+01 3.039773869514465332e+01 4.100000000000000000e+01 1.190000000000000000e+02
1.682899999999998997e+01 3.039773869514465332e+01 4.200000000000000000e+01 1.820000000000000000e+02
1.682099999999998730e+01 3.039773869514465332e+01 4.300000000000000000e+01 1.150000000000000000e+02
1.760999999999998522e+01 3.039773869514465332e+01 4.400000000000000000e+01 2.340000000000000000e+02
1.775799999999998136e+01 3.039773869514465332e+01 4.500000000000000000e+01 2.150000000000000000e+02
1.800299999999998235e+01 3.039773869514465332e+01 4.600000000000000000e+01 2.450000000000000000e+02
1.865499999999998337e+01 3.039773869514465332e+01 4.700000000000000000e+01 2.850000000000000000e+02
1.932099999999997664e+01 3.039773869514465332e+01 4.800000000000000000e+01 2.800000000000000000e+02
1.929499999999997328e+01 3.039773869514465332e+01 4.900000000000000000e+01 1.920000000000000000e+02
1.975399999999997647e+01 3.039773869514465332e+01 5.000000000000000000e+01 2.000000000000000000e+02
1.994799999999997553e+01 3.039773869514465332e+01 5.100000000000000000e+01 2.890000000000000000e+02
2.026299999999997326e+01 3.039773869514465332e+01 5.200000000000000000e+01 3.580000000000000000e+02
2.099699999999999278e+01 3.039773869514465332e+01 5.300000000000000000e+01 3.130000000000000000e+02
2.120199999999999108e+01 3.039773869514465332e+01 5.400000000000000000e+01 3.670000000000000000e+02
2.215799999999997638e+01 3.039773869514465332e+01 5.500000000000000000e+01 3.740000000000000000e+02
2.226399999999997448e+01 3.039773869514465332e+01 5.600000000000000000e+01 4.700000000000000000e+02
2.267999999999996774e+01 3.039773869514465332e+01 5.700000000000000000e+01 3.810000000000000000e+02
2.310899999999996624e+01 3.039773869514465332e+01 5.800000000000000000e+01 3.520000000000000000e+02
2.338099999999997891e+01 3.039773869514465332e+01 5.900000000000000000e+01 4.660000000000000000e+02
2.431799999999993744e+01 3.039773869514465332e+01 6.000000000000000000e+01 3.950000000000000000e+02
2.451199999999993651e+01 3.039773869514465332e+01 6.100000000000000000e+01 3.610000000000000000e+02
2.484199999999992059e+01 3.039773869514465332e+01 6.200000000000000000e+01 2.540000000000000000e+02
2.551999999999989654e+01 3.039773869514465332e+01 6.300000000000000000e+01 4.810000000000000000e+02
2.637899999999987699e+01 3.039773869514465332e+01 6.400000000000000000e+01 2.660000000000000000e+02
2.652599999999986125e+01 3.039773869514465332e+01 6.500000000000000000e+01 8.390000000000000000e+02
2.761299999999988941e+01 3.039773869514465332e+01 6.600000000000000000e+01 3.710000000000000000e+02
2.783999999999990393e+01 3.039773869514465332e+01 6.700000000000000000e+01 3.290000000000000000e+02
2.897399999999994336e+01 3.039773869514465332e+01 6.800000000000000000e+01 3.930000000000000000e+02
2.917199999999994731e+01 3.039773869514465332e+01 6.900000000000000000e+01 4.640000000000000000e+02
3.007599999999998985e+01 3.039773869514465332e+01 7.000000000000000000e+01 3.820000000000000000e+02
3.039773869514465332e+01 3.039773869514465332e+01 0.000000000000000000e+00 0.000000000000000000e+00
3.039773869514465332e+01 3.039773869514465332e+01 0.000000000000000000e+00 0.000000000000000000e+00
3.039773869514465332e+01 3.039773869514465332e+01 0.000000000000000000e+00 0.000000000000000000e+00
3.039773869514465332e+01 3.039773869514465332e+01 0.000000000000000000e+00 0.000000000000000000e+00
3.299000000000000377e+00 3.060872435569763184e+01 0.000000000000000000e+00 0.000000000000000000e+00
4.199000000000000732e+00 3.060872435569763184e+01 1.000000000000000000e+00 0.000000000000000000e+00
5.080000000000000959e+00 3.060872435569763184e+01 2.000000000000000000e+00 5.000000000000000000e+00
5.746000000000001329e+00 3.060872435569763184e+01 3.000000000000000000e+00 1.000000000000000000e+01
6.594000000000001194e+00 3.060872435569763184e+01 4.000000000000000000e+00 7.000000000000000000e+00
7.011000000000001897e+00 3.060872435569763184e+01 5.000000000000000000e+00 2.300000000000000000e+01
7.217000000000002302e+00 3.060872435569763184e+01 6.000000000000000000e+00 1.700000000000000000e+01
7.812000000000002053e+00 3.060872435569763184e+01 7.000000000000000000e+00 4.100000000000000000e+01
8.007000000000001450e+00 3.060872435569763184e+01 8.000000000000000000e+00 1.000000000000000000e+01
8.152000000000002800e+00 3.060872435569763184e+01 9.000000000000000000e+00 1.200000000000000000e+01
8.569000000000000838e+00 3.060872435569763184e+01 1.000000000000000000e+01 2.100000000000000000e+01
8.928000000000000824e+00 3.060872435569763184e+01 1.100000000000000000e+01 3.100000000000000000e+01
9.104000000000000981e+00 3.060872435569763184e+01 1.200000000000000000e+01 3.500000000000000000e+01
9.451000000000002288e+00 3.060872435569763184e+01 1.300000000000000000e+01 3.200000000000000000e+01
9.779000000000003467e+00 3.060872435569763184e+01 1.400000000000000000e+01 1.900000000000000000e+01
9.765000000000002345e+00 3.060872435569763184e+01 1.500000000000000000e+01 4.000000000000000000e+01
1.052300000000000502e+01 3.060872435569763184e+01 1.600000000000000000e+01 3.600000000000000000e+01
1.071900000000000297e+01 3.060872435569763184e+01 1.700000000000000000e+01 2.800000000000000000e+01
1.049500000000000455e+01 3.060872435569763184e+01 1.800000000000000000e+01 3.400000000000000000e+01
1.087400000000000233e+01 3.060872435569763184e+01 1.900000000000000000e+01 2.200000000000000000e+01
1.096800000000000352e+01 3.060872435569763184e+01 2.000000000000000000e+01 2.500000000000000000e+01
1.142400000000000304e+01 3.060872435569763184e+01 2.100000000000000000e+01 3.900000000000000000e+01
1.168800000000000416e+01 3.060872435569763184e+01 2.200000000000000000e+01 4.300000000000000000e+01
1.181900000000000439e+01 3.060872435569763184e+01 2.300000000000000000e+01 3.100000000000000000e+01
1.191400000000000325e+01 3.060872435569763184e+01 2.400000000000000000e+01 3.000000000000000000e+01
1.230800000000000338e+01 3.060872435569763184e+01 2.500000000000000000e+01 6.000000000000000000e+01
1.242700000000000315e+01 3.060872435569763184e+01 2.600000000000000000e+01 6.800000000000000000e+01
1.276500000000000412e+01 3.060872435569763184e+01 2.700000000000000000e+01 5.700000000000000000e+01
1.275100000000000655e+01 3.060872435569763184e+01 2.800000000000000000e+01 5.200000000000000000e+01
1.308200000000000252e+01 3.060872435569763184e+01 2.900000000000000000e+01 5.400000000000000000e+01
1.330500000000000327e+01 3.060872435569763184e+01 3.000000000000000000e+01 4.700000000000000000e+01
1.379600000000000293e+01 3.060872435569763184e+01 3.100000000000000000e+01 8.500000000000000000e+01
1.398800000000000310e+01 3.060872435569763184e+01 3.200000000000000000e+01 7.600000000000000000e+01
1.426400000000000290e+01 3.060872435569763184e+01 3.300000000000000000e+01 9.500000000000000000e+01
1.453000000000000114e+01 3.060872435569763184e+01 3.400000000000000000e+01 9.300000000000000000e+01
1.445000000000000462e+01 3.060872435569763184e+01 3.500000000000000000e+01 8.700000000000000000e+01
1.535699999999999754e+01 3.060872435569763184e+01 3.600000000000000000e+01 8.700000000000000000e+01
1.589299999999999535e+01 3.060872435569763184e+01 3.700000000000000000e+01 1.340000000000000000e+02
1.628699999999999193e+01 3.060872435569763184e+01 3.800000000000000000e+01 1.230000000000000000e+02
1.638599999999999213e+01 3.060872435569763184e+01 3.900000000000000000e+01 1.330000000000000000e+02
1.685299999999999088e+01 3.060872435569763184e+01 4.000000000000000000e+01 1.300000000000000000e+02
1.705699999999999150e+01 3.060872435569763184e+01 4.100000000000000000e+01 1.410000000000000000e+02
1.729699999999998639e+01 3.060872435569763184e+01 4.200000000000000000e+01 1.920000000000000000e+02
1.806099999999998218e+01 3.060872435569763184e+01 4.300000000000000000e+01 1.960000000000000000e+02
1.794599999999998019e+01 3.060872435569763184e+01 4.400000000000000000e+01 1.590000000000000000e+02
1.812299999999997979e+01 3.060872435569763184e+01 4.500000000000000000e+01 1.280000000000000000e+02
1.863899999999998158e+01 3.060872435569763184e+01 4.600000000000000000e+01 1.970000000000000000e+02
1.902399999999998670e+01 3.060872435569763184e+01 4.700000000000000000e+01 1.900000000000000000e+02
1.963699999999997559e+01 3.060872435569763184e+01 4.800000000000000000e+01 1.390000000000000000e+02
1.971599999999997976e+01 3.060872435569763184e+01 4.900000000000000000e+01 2.210000000000000000e+02
2.023099999999998033e+01 3.060872435569763184e+01 5.000000000000000000e+01 2.770000000000000000e+02
2.082999999999998053e+01 3.060872435569763184e+01 5.100000000000000000e+01 1.900000000000000000e+02
2.115299999999998448e+01 3.060872435569763184e+01 5.200000000000000000e+01 3.580000000000000000e+02
2.145499999999999474e+01 3.060872435569763184e+01 5.300000000000000000e+01 2.480000000000000000e+02
2.189999999999998792e+01 3.060872435569763184e+01 5.400000000000000000e+01 3.570000000000000000e+02
2.258799999999998320e+01 3.060872435569763184e+01 5.500000000000000000e+01 3.020000000000000000e+02
2.221799999999998221e+01 3.060872435569763184e+01 5.600000000000000000e+01 2.960000000000000000e+02
2.332199999999996010e+01 3.060872435569763184e+01 5.700000000000000000e+01 2.130000000000000000e+02
2.339999999999995950e+01 3.060872435569763184e+01 5.800000000000000000e+01 3.900000000000000000e+02
2.446999999999997399e+01 3.060872435569763184e+01 5.900000000000000000e+01 2.460000000000000000e+02
2.460799999999997212e+01 3.060872435569763184e+01 6.000000000000000000e+01 5.020000000000000000e+02
2.570899999999998542e+01 3.060872435569763184e+01 6.100000000000000000e+01 4.740000000000000000e+02
2.542599999999998417e+01 3.060872435569763184e+01 6.200000000000000000e+01 5.030000000000000000e+02
2.665599999999997394e+01 3.060872435569763184e+01 6.300000000000000000e+01 4.450000000000000000e+02
2.669499999999997186e+01 3.060872435569763184e+01 6.400000000000000000e+01 4.170000000000000000e+02
2.763299999999994938e+01 3.060872435569763184e+01 6.500000000000000000e+01 3.210000000000000000e+02
2.764199999999996038e+01 3.060872435569763184e+01 6.600000000000000000e+01 2.810000000000000000e+02
2.829999999999998650e+01 3.060872435569763184e+01 6.700000000000000000e+01 7.660000000000000000e+02
2.937100000000002353e+01 3.060872435569763184e+01 6.800000000000000000e+01 4.410000000000000000e+02
2.991000000000003567e+01 3.060872435569763184e+01 6.900000000000000000e+01 5.220000000000000000e+02
3.066100000000006176e+01 3.060872435569763184e+01 7.000000000000000000e+01 3.850000000000000000e+02
3.060872435569763184e+01 3.060872435569763184e+01 0.000000000000000000e+00 0.000000000000000000e+00
3.060872435569763184e+01 3.060872435569763184e+01 0.000000000000000000e+00 0.000000000000000000e+00
3.060872435569763184e+01 3.060872435569763184e+01 0.000000000000000000e+00 0.000000000000000000e+00
3.060872435569763184e+01 3.060872435569763184e+01 0.000000000000000000e+00 0.000000000000000000e+00
3.519000000000000128e+00 3.198244833946228027e+01 0.000000000000000000e+00 0.000000000000000000e+00
4.191000000000000725e+00 3.198244833946228027e+01 1.000000000000000000e+00 0.000000000000000000e+00
5.289000000000000590e+00 3.198244833946228027e+01 2.000000000000000000e+00 0.000000000000000000e+00
5.289000000000000590e+00 3.198244833946228027e+01 3.000000000000000000e+00 5.000000000000000000e+00
6.142000000000001236e+00 3.198244833946228027e+01 4.000000000000000000e+00 4.000000000000000000e+00
6.759000000000001229e+00 3.198244833946228027e+01 5.000000000000000000e+00 7.000000000000000000e+00
7.164000000000001478e+00 3.198244833946228027e+01 6.000000000000000000e+00 2.100000000000000000e+01
7.366000000000001435e+00 3.198244833946228027e+01 7.000000000000000000e+00 1.000000000000000000e+01
7.753000000000001890e+00 3.198244833946228027e+01 8.000000000000000000e+00 2.200000000000000000e+01
8.129000000000001336e+00 3.198244833946228027e+01 9.000000000000000000e+00 1.800000000000000000e+01
8.129000000000001336e+00 3.198244833946228027e+01 1.000000000000000000e+01 1.300000000000000000e+01
8.665000000000000924e+00 3.198244833946228027e+01 1.100000000000000000e+01 1.400000000000000000e+01
9.352999999999999758e+00 3.198244833946228027e+01 1.200000000000000000e+01 4.500000000000000000e+01
9.352999999999999758e+00 3.198244833946228027e+01 1.300000000000000000e+01 1.300000000000000000e+01
9.664000000000001478e+00 3.198244833946228027e+01 1.400000000000000000e+01 2.600000000000000000e+01
9.657000000000003581e+00 3.198244833946228027e+01 1.500000000000000000e+01 2.600000000000000000e+01
1.033100000000000129e+01 3.198244833946228027e+01 1.600000000000000000e+01 2.500000000000000000e+01
1.004800000000000182e+01 3.198244833946228027e+01 1.700000000000000000e+01 6.900000000000000000e+01
1.078200000000000180e+01 3.198244833946228027e+01 1.800000000000000000e+01 3.100000000000000000e+01
1.072900000000000276e+01 3.198244833946228027e+01 1.900000000000000000e+01 2.700000000000000000e+01
1.113000000000000256e+01 3.198244833946228027e+01 2.000000000000000000e+01 4.300000000000000000e+01
1.148100000000000165e+01 3.198244833946228027e+01 2.100000000000000000e+01 5.200000000000000000e+01
1.174400000000000155e+01 3.198244833946228027e+01 2.200000000000000000e+01 5.600000000000000000e+01
1.187400000000000233e+01 3.198244833946228027e+01 2.300000000000000000e+01 4.400000000000000000e+01
1.177900000000000347e+01 3.198244833946228027e+01 2.400000000000000000e+01 6.400000000000000000e+01
1.247800000000000153e+01 3.198244833946228027e+01 2.500000000000000000e+01 6.000000000000000000e+01
1.236700000000000266e+01 3.198244833946228027e+01 2.600000000000000000e+01 3.500000000000000000e+01
1.262600000000000300e+01 3.198244833946228027e+01 2.700000000000000000e+01 4.600000000000000000e+01
1.318200000000000394e+01 3.198244833946228027e+01 2.800000000000000000e+01 8.200000000000000000e+01
1.347300000000000253e+01 3.198244833946228027e+01 2.900000000000000000e+01 6.200000000000000000e+01
1.334400000000000297e+01 3.198244833946228027e+01 3.000000000000000000e+01 6.300000000000000000e+01
1.353200000000000358e+01 3.198244833946228027e+01 3.100000000000000000e+01 6.100000000000000000e+01
1.386800000000000210e+01 3.198244833946228027e+01 3.200000000000000000e+01 9.800000000000000000e+01
1.432300000000000040e+01 3.198244833946228027e+01 3.300000000000000000e+01 9.800000000000000000e+01
1.419300000000000139e+01 3.198244833946228027e+01 3.400000000000000000e+01 1.240000000000000000e+02
1.475500000000000078e+01 3.198244833946228027e+01 3.500000000000000000e+01 1.060000000000000000e+02
1.527899999999999991e+01 3.198244833946228027e+01 3.600000000000000000e+01 1.080000000000000000e+02
1.585599999999999632e+01 3.198244833946228027e+01 3.700000000000000000e+01 8.100000000000000000e+01
1.583499999999999552e+01 3.198244833946228027e+01 3.800000000000000000e+01 1.510000000000000000e+02
1.675299999999999301e+01 3.198244833946228027e+01 3.900000000000000000e+01 1.630000000000000000e+02
1.689399999999999125e+01 3.198244833946228027e+01 4.000000000000000000e+01 1.210000000000000000e+02
1.696399999999999153e+01 3.198244833946228027e+01 4.100000000000000000e+01 1.990000000000000000e+02
1.745599999999998175e+01 3.198244833946228027e+01 4.200000000000000000e+01 1.720000000000000000e+02
1.753599999999998360e+01 3.198244833946228027e+01 4.300000000000000000e+01 1.870000000000000000e+02
1.831099999999997507e+01 3.198244833946228027e+01 4.400000000000000000e+01 1.560000000000000000e+02
1.865899999999997405e+01 3.198244833946228027e+01 4.500000000000000000e+01 2.120000000000000000e+02
1.939099999999997692e+01 3.198244833946228027e+01 4.600000000000000000e+01 2.840000000000000000e+02
2.017799999999998306e+01 3.198244833946228027e+01 4.700000000000000000e+01 2.390000000000000000e+02
2.047499999999998366e+01 3.198244833946228027e+01 4.800000000000000000e+01 2.900000000000000000e+02
2.092199999999998994e+01 3.198244833946228027e+01 4.900000000000000000e+01 3.350000000000000000e+02
2.152999999999998337e+01 3.198244833946228027e+01 5.000000000000000000e+01 3.100000000000000000e+02
2.166299999999998249e+01 3.198244833946228027e+01 5.100000000000000000e+01 2.350000000000000000e+02
2.181399999999998229e+01 3.198244833946228027e+01 5.200000000000000000e+01 3.210000000000000000e+02
2.217899999999998784e+01 3.198244833946228027e+01 5.300000000000000000e+01 2.030000000000000000e+02
2.248699999999998411e+01 3.198244833946228027e+01 5.400000000000000000e+01 4.640000000000000000e+02
2.277299999999998192e+01 3.198244833946228027e+01 5.500000000000000000e+01 4.000000000000000000e+02
2.320999999999999730e+01 3.198244833946228027e+01 5.600000000000000000e+01 3.010000000000000000e+02
2.366099999999998360e+01 3.198244833946228027e+01 5.700000000000000000e+01 3.310000000000000000e+02
2.462099999999998090e+01 3.198244833946228027e+01 5.800000000000000000e+01 4.560000000000000000e+02
2.483299999999997709e+01 3.198244833946228027e+01 5.900000000000000000e+01 4.730000000000000000e+02
2.546199999999995356e+01 3.198244833946228027e+01 6.000000000000000000e+01 3.090000000000000000e+02
2.595999999999996533e+01 3.198244833946228027e+01 6.100000000000000000e+01 5.730000000000000000e+02
2.655199999999991434e+01 3.198244833946228027e+01 6.200000000000000000e+01 3.170000000000000000e+02
2.726399999999991408e+01 3.198244833946228027e+01 6.300000000000000000e+01 5.660000000000000000e+02
2.802899999999985781e+01 3.198244833946228027e+01 6.400000000000000000e+01 6.790000000000000000e+02
2.834899999999985454e+01 3.198244833946228027e+01 6.500000000000000000e+01 4.790000000000000000e+02
2.921399999999988140e+01 3.198244833946228027e+01 6.600000000000000000e+01 4.280000000000000000e+02
2.924699999999988975e+01 3.198244833946228027e+01 6.700000000000000000e+01 4.010000000000000000e+02
3.030799999999992522e+01 3.198244833946228027e+01 6.800000000000000000e+01 5.260000000000000000e+02
3.057799999999993545e+01 3.198244833946228027e+01 6.900000000000000000e+01 3.260000000000000000e+02
3.201099999999997436e+01 3.198244833946228027e+01 7.000000000000000000e+01 2.630000000000000000e+02
3.198244833946228027e+01 3.198244833946228027e+01 0.000000000000000000e+00 0.000000000000000000e+00
3.198244833946228027e+01 3.198244833946228027e+01 0.000000000000000000e+00 0.000000000000000000e+00
3.198244833946228027e+01 3.198244833946228027e+01 0.000000000000000000e+00 0.000000000000000000e+00
3.198244833946228027e+01 3.198244833946228027e+01 0.000000000000000000e+00 0.000000000000000000e+00
3.742999999999999883e+00 3.312338519096374512e+01 0.000000000000000000e+00 5.000000000000000000e+00
4.858999999999999986e+00 3.312338519096374512e+01 1.000000000000000000e+00 1.700000000000000000e+01
5.078999999999999737e+00 3.312338519096374512e+01 2.000000000000000000e+00 2.000000000000000000e+00
5.510999999999999233e+00 3.312338519096374512e+01 3.000000000000000000e+00 8.000000000000000000e+00
6.760999999999998344e+00 3.312338519096374512e+01 4.000000000000000000e+00 1.600000000000000000e+01
6.760999999999998344e+00 3.312338519096374512e+01 5.000000000000000000e+00 1.300000000000000000e+01
7.168999999999997819e+00 3.312338519096374512e+01 6.000000000000000000e+00 2.100000000000000000e+01
7.168999999999997819e+00 3.312338519096374512e+01 7.000000000000000000e+00 1.300000000000000000e+01
7.742999999999998550e+00 3.312338519096374512e+01 8.000000000000000000e+00 1.300000000000000000e+01
8.303999999999998494e+00 3.312338519096374512e+01 9.000000000000000000e+00 2.200000000000000000e+01
8.471999999999999531e+00 3.312338519096374512e+01 1.000000000000000000e+01 3.500000000000000000e+01
8.679999999999999716e+00 3.312338519096374512e+01 1.100000000000000000e+01 2.400000000000000000e+01
8.859999999999999432e+00 3.312338519096374512e+01 1.200000000000000000e+01 3.400000000000000000e+01
9.698999999999999844e+00 3.312338519096374512e+01 1.300000000000000000e+01 2.200000000000000000e+01
9.865999999999999659e+00 3.312338519096374512e+01 1.400000000000000000e+01 4.400000000000000000e+01
1.034600000000000009e+01 3.312338519096374512e+01 1.500000000000000000e+01 3.800000000000000000e+01
1.034600000000000009e+01 3.312338519096374512e+01 1.600000000000000000e+01 3.200000000000000000e+01
1.046900000000000119e+01 3.312338519096374512e+01 1.700000000000000000e+01 5.900000000000000000e+01
1.091399999999999970e+01 3.312338519096374512e+01 1.800000000000000000e+01 4.300000000000000000e+01
1.156500000000000128e+01 3.312338519096374512e+01 1.900000000000000000e+01 5.000000000000000000e+01
1.155600000000000094e+01 3.312338519096374512e+01 2.000000000000000000e+01 6.100000000000000000e+01
1.188900000000000290e+01 3.312338519096374512e+01 2.100000000000000000e+01 5.100000000000000000e+01
1.237000000000000099e+01 3.312338519096374512e+01 2.200000000000000000e+01 8.400000000000000000e+01
1.249100000000000144e+01 3.312338519096374512e+01 2.300000000000000000e+01 5.800000000000000000e+01
1.287200000000000166e+01 3.312338519096374512e+01 2.400000000000000000e+01 7.100000000000000000e+01
1.282600000000000406e+01 3.312338519096374512e+01 2.500000000000000000e+01 5.400000000000000000e+01
1.322600000000000264e+01 3.312338519096374512e+01 2.600000000000000000e+01 1.030000000000000000e+02
1.333900000000000219e+01 3.312338519096374512e+01 2.700000000000000000e+01 1.170000000000000000e+02
1.366200000000000259e+01 3.312338519096374512e+01 2.800000000000000000e+01 5.900000000000000000e+01
1.364800000000000146e+01 3.312338519096374512e+01 2.900000000000000000e+01 5.700000000000000000e+01
1.352900000000000169e+01 3.312338519096374512e+01 3.000000000000000000e+01 6.200000000000000000e+01
1.455100000000000016e+01 3.312338519096374512e+01 3.100000000000000000e+01 5.900000000000000000e+01
1.453000000000000114e+01 3.312338519096374512e+01 3.200000000000000000e+01 1.270000000000000000e+02
1.510500000000000043e+01 3.312338519096374512e+01 3.300000000000000000e+01 1.400000000000000000e+02
1.510599999999999987e+01 3.312338519096374512e+01 3.400000000000000000e+01 1.310000000000000000e+02
1.561899999999999800e+01 3.312338519096374512e+01 3.500000000000000000e+01 1.210000000000000000e+02
1.563199999999999967e+01 3.312338519096374512e+01 3.600000000000000000e+01 1.110000000000000000e+02
1.641300000000000026e+01 3.312338519096374512e+01 3.700000000000000000e+01 1.720000000000000000e+02
1.693700000000000472e+01 3.312338519096374512e+01 3.800000000000000000e+01 1.360000000000000000e+02
1.722500000000000853e+01 3.312338519096374512e+01 3.900000000000000000e+01 1.420000000000000000e+02
1.770900000000000674e+01 3.312338519096374512e+01 4.000000000000000000e+01 1.870000000000000000e+02
1.784400000000000475e+01 3.312338519096374512e+01 4.100000000000000000e+01 1.840000000000000000e+02
1.828800000000000026e+01 3.312338519096374512e+01 4.200000000000000000e+01 1.520000000000000000e+02
1.865399999999999636e+01 3.312338519096374512e+01 4.300000000000000000e+01 1.940000000000000000e+02
1.917499999999999005e+01 3.312338519096374512e+01 4.400000000000000000e+01 2.260000000000000000e+02
1.967199999999998639e+01 3.312338519096374512e+01 4.500000000000000000e+01 2.290000000000000000e+02
1.977999999999998693e+01 3.312338519096374512e+01 4.600000000000000000e+01 1.280000000000000000e+02
2.085599999999998744e+01 3.312338519096374512e+01 4.700000000000000000e+01 2.560000000000000000e+02
2.098399999999999110e+01 3.312338519096374512e+01 4.800000000000000000e+01 2.370000000000000000e+02
2.098399999999999110e+01 3.312338519096374512e+01 4.900000000000000000e+01 2.620000000000000000e+02
2.118699999999999051e+01 3.312338519096374512e+01 5.000000000000000000e+01 2.260000000000000000e+02
2.181199999999998340e+01 3.312338519096374512e+01 5.100000000000000000e+01 4.400000000000000000e+02
2.243199999999999150e+01 3.312338519096374512e+01 5.200000000000000000e+01 2.070000000000000000e+02
2.291499999999999915e+01 3.312338519096374512e+01 5.300000000000000000e+01 2.400000000000000000e+02
2.342899999999999139e+01 3.312338519096374512e+01 5.400000000000000000e+01 3.340000000000000000e+02
2.442499999999999005e+01 3.312338519096374512e+01 5.500000000000000000e+01 4.810000000000000000e+02
2.485299999999999443e+01 3.312338519096374512e+01 5.600000000000000000e+01 4.020000000000000000e+02
2.544599999999996243e+01 3.312338519096374512e+01 5.700000000000000000e+01 4.720000000000000000e+02
2.533099999999996399e+01 3.312338519096374512e+01 5.800000000000000000e+01 3.450000000000000000e+02
2.636199999999998056e+01 3.312338519096374512e+01 5.900000000000000000e+01 4.140000000000000000e+02
2.683199999999995100e+01 3.312338519096374512e+01 6.000000000000000000e+01 5.580000000000000000e+02
2.719799999999995777e+01 3.312338519096374512e+01 6.100000000000000000e+01 3.330000000000000000e+02
2.766399999999993753e+01 3.312338519096374512e+01 6.200000000000000000e+01 3.530000000000000000e+02
2.791499999999993165e+01 3.312338519096374512e+01 6.300000000000000000e+01 7.420000000000000000e+02
2.961099999999985144e+01 3.312338519096374512e+01 6.400000000000000000e+01 3.220000000000000000e+02
3.059399999999983066e+01 3.312338519096374512e+01 6.500000000000000000e+01 6.030000000000000000e+02
3.089599999999983737e+01 3.312338519096374512e+01 6.600000000000000000e+01 5.610000000000000000e+02
3.123799999999984678e+01 3.312338519096374512e+01 6.700000000000000000e+01 3.000000000000000000e+02
3.181399999999987216e+01 3.312338519096374512e+01 6.800000000000000000e+01 1.172000000000000000e+03
3.292899999999991678e+01 3.312338519096374512e+01 6.900000000000000000e+01 4.280000000000000000e+02
3.265899999999990655e+01 3.312338519096374512e+01 7.000000000000000000e+01 6.200000000000000000e+02
3.312338519096374512e+01 3.312338519096374512e+01 0.000000000000000000e+00 0.000000000000000000e+00
3.312338519096374512e+01 3.312338519096374512e+01 0.000000000000000000e+00 0.000000000000000000e+00
3.312338519096374512e+01 3.312338519096374512e+01 0.000000000000000000e+00 0.000000000000000000e+00
3.312338519096374512e+01 3.312338519096374512e+01 0.000000000000000000e+00 0.000000000000000000e+00
3.266999999999999904e+00 3.176094436645507812e+01 0.000000000000000000e+00 0.000000000000000000e+00
3.718999999999999861e+00 3.176094436645507812e+01 1.000000000000000000e+00 0.000000000000000000e+00
4.803999999999999382e+00 3.176094436645507812e+01 2.000000000000000000e+00 6.000000000000000000e+00
5.021999999999999353e+00 3.176094436645507812e+01 3.000000000000000000e+00 0.000000000000000000e+00
5.444999999999999396e+00 3.176094436645507812e+01 4.000000000000000000e+00 1.100000000000000000e+01
5.854000000000000092e+00 3.176094436645507812e+01 5.000000000000000000e+00 1.000000000000000000e+01
6.849000000000001087e+00 3.176094436645507812e+01 6.000000000000000000e+00 1.300000000000000000e+01
6.849000000000001087e+00 3.176094436645507812e+01 7.000000000000000000e+00 5.000000000000000000e+00
7.236000000000001542e+00 3.176094436645507812e+01 8.000000000000000000e+00 1.400000000000000000e+01
7.428000000000001712e+00 3.176094436645507812e+01 9.000000000000000000e+00 1.700000000000000000e+01
7.789000000000002366e+00 3.176094436645507812e+01 1.000000000000000000e+01 2.200000000000000000e+01
8.315000000000001279e+00 3.176094436645507812e+01 1.100000000000000000e+01 2.000000000000000000e+01
8.315000000000001279e+00 3.176094436645507812e+01 1.200000000000000000e+01 3.900000000000000000e+01
8.987000000000001876e+00 3.176094436645507812e+01 1.300000000000000000e+01 2.800000000000000000e+01
9.418000000000004590e+00 3.176094436645507812e+01 1.400000000000000000e+01 6.500000000000000000e+01
9.388000000000005230e+00 3.176094436645507812e+01 1.500000000000000000e+01 2.800000000000000000e+01
1.041900000000000226e+01 3.176094436645507812e+01 1.600000000000000000e+01 3.100000000000000000e+01
1.020800000000000374e+01 3.176094436645507812e+01 1.700000000000000000e+01 3.200000000000000000e+01
1.057200000000000273e+01 3.176094436645507812e+01 1.800000000000000000e+01 4.000000000000000000e+01
1.072100000000000186e+01 3.176094436645507812e+01 1.900000000000000000e+01 7.100000000000000000e+01
1.113400000000000212e+01 3.176094436645507812e+01 2.000000000000000000e+01 7.400000000000000000e+01
1.153700000000000259e+01 3.176094436645507812e+01 2.100000000000000000e+01 6.200000000000000000e+01
1.175400000000000134e+01 3.176094436645507812e+01 2.200000000000000000e+01 5.800000000000000000e+01
1.202100000000000257e+01 3.176094436645507812e+01 2.300000000000000000e+01 6.300000000000000000e+01
1.267000000000000348e+01 3.176094436645507812e+01 2.400000000000000000e+01 5.100000000000000000e+01
1.326900000000000546e+01 3.176094436645507812e+01 2.500000000000000000e+01 8.700000000000000000e+01
1.326900000000000546e+01 3.176094436645507812e+01 2.600000000000000000e+01 6.100000000000000000e+01
1.349800000000000644e+01 3.176094436645507812e+01 2.700000000000000000e+01 1.110000000000000000e+02
1.382000000000000561e+01 3.176094436645507812e+01 2.800000000000000000e+01 6.700000000000000000e+01
1.365800000000000658e+01 3.176094436645507812e+01 2.900000000000000000e+01 8.200000000000000000e+01
1.440300000000000580e+01 3.176094436645507812e+01 3.000000000000000000e+01 9.600000000000000000e+01
1.481100000000000705e+01 3.176094436645507812e+01 3.100000000000000000e+01 1.030000000000000000e+02
1.532500000000000639e+01 3.176094436645507812e+01 3.200000000000000000e+01 1.960000000000000000e+02
1.557100000000000684e+01 3.176094436645507812e+01 3.300000000000000000e+01 1.640000000000000000e+02
1.589000000000000590e+01 3.176094436645507812e+01 3.400000000000000000e+01 9.500000000000000000e+01
1.626100000000000279e+01 3.176094436645507812e+01 3.500000000000000000e+01 1.160000000000000000e+02
1.650399999999999778e+01 3.176094436645507812e+01 3.600000000000000000e+01 1.200000000000000000e+02
1.651000000000000867e+01 3.176094436645507812e+01 3.700000000000000000e+01 1.440000000000000000e+02
1.704400000000000404e+01 3.176094436645507812e+01 3.800000000000000000e+01 1.810000000000000000e+02
1.733100000000000662e+01 3.176094436645507812e+01 3.900000000000000000e+01 1.560000000000000000e+02
1.774400000000001043e+01 3.176094436645507812e+01 4.000000000000000000e+01 1.850000000000000000e+02
1.748400000000001953e+01 3.176094436645507812e+01 4.100000000000000000e+01 1.480000000000000000e+02
1.824500000000001521e+01 3.176094436645507812e+01 4.200000000000000000e+01 1.130000000000000000e+02
1.839500000000001023e+01 3.176094436645507812e+01 4.300000000000000000e+01 1.850000000000000000e+02
1.901800000000000779e+01 3.176094436645507812e+01 4.400000000000000000e+01 2.280000000000000000e+02
1.935800000000000054e+01 3.176094436645507812e+01 4.500000000000000000e+01 1.910000000000000000e+02
1.958000000000000185e+01 3.176094436645507812e+01 4.600000000000000000e+01 2.270000000000000000e+02
2.001400000000000645e+01 3.176094436645507812e+01 4.700000000000000000e+01 2.140000000000000000e+02
2.047299999999999187e+01 3.176094436645507812e+01 4.800000000000000000e+01 1.690000000000000000e+02
2.116700000000000870e+01 3.176094436645507812e+01 4.900000000000000000e+01 1.860000000000000000e+02
2.149900000000000944e+01 3.176094436645507812e+01 5.000000000000000000e+01 2.490000000000000000e+02
2.162900000000000844e+01 3.176094436645507812e+01 5.100000000000000000e+01 2.130000000000000000e+02
2.146500000000001407e+01 3.176094436645507812e+01 5.200000000000000000e+01 2.900000000000000000e+02
2.229700000000002191e+01 3.176094436645507812e+01 5.300000000000000000e+01 2.990000000000000000e+02
2.252200000000001978e+01 3.176094436645507812e+01 5.400000000000000000e+01 2.210000000000000000e+02
2.323800000000001376e+01 3.176094436645507812e+01 5.500000000000000000e+01 3.300000000000000000e+02
2.389900000000002933e+01 3.176094436645507812e+01 5.600000000000000000e+01 1.760000000000000000e+02
2.456900000000001683e+01 3.176094436645507812e+01 5.700000000000000000e+01 4.460000000000000000e+02
2.573800000000000310e+01 3.176094436645507812e+01 5.800000000000000000e+01 2.760000000000000000e+02
2.596800000000001418e+01 3.176094436645507812e+01 5.900000000000000000e+01 6.030000000000000000e+02
2.628200000000000358e+01 3.176094436645507812e+01 6.000000000000000000e+01 6.510000000000000000e+02
2.706800000000000850e+01 3.176094436645507812e+01 6.100000000000000000e+01 9.060000000000000000e+02
2.741000000000000014e+01 3.176094436645507812e+01 6.200000000000000000e+01 3.300000000000000000e+02
2.863999999999998280e+01 3.176094436645507812e+01 6.300000000000000000e+01 7.120000000000000000e+02
2.871899999999997632e+01 3.176094436645507812e+01 6.400000000000000000e+01 3.130000000000000000e+02
2.885699999999997090e+01 3.176094436645507812e+01 6.500000000000000000e+01 5.460000000000000000e+02
2.973099999999999810e+01 3.176094436645507812e+01 6.600000000000000000e+01 7.330000000000000000e+02
3.003400000000001668e+01 3.176094436645507812e+01 6.700000000000000000e+01 3.540000000000000000e+02
3.073200000000004906e+01 3.176094436645507812e+01 6.800000000000000000e+01 4.270000000000000000e+02
3.169200000000007122e+01 3.176094436645507812e+01 6.900000000000000000e+01 4.380000000000000000e+02
3.177400000000007196e+01 3.176094436645507812e+01 7.000000000000000000e+01 6.850000000000000000e+02
3.176094436645507812e+01 3.176094436645507812e+01 0.000000000000000000e+00 0.000000000000000000e+00
3.176094436645507812e+01 3.176094436645507812e+01 0.000000000000000000e+00 0.000000000000000000e+00
3.176094436645507812e+01 3.176094436645507812e+01 0.000000000000000000e+00 0.000000000000000000e+00
3.176094436645507812e+01 3.176094436645507812e+01 0.000000000000000000e+00 0.000000000000000000e+00
4.223000000000000753e+00 3.165966057777404785e+01 0.000000000000000000e+00 7.000000000000000000e+00
4.223000000000000753e+00 3.165966057777404785e+01 1.000000000000000000e+00 3.000000000000000000e+00
4.890000000000001457e+00 3.165966057777404785e+01 2.000000000000000000e+00 6.000000000000000000e+00
5.547000000000001485e+00 3.165966057777404785e+01 3.000000000000000000e+00 1.000000000000000000e+01
5.547000000000001485e+00 3.165966057777404785e+01 4.000000000000000000e+00 1.200000000000000000e+01
6.372000000000002551e+00 3.165966057777404785e+01 5.000000000000000000e+00 1.900000000000000000e+01
6.777000000000001911e+00 3.165966057777404785e+01 6.000000000000000000e+00 1.500000000000000000e+01
6.979000000000001869e+00 3.165966057777404785e+01 7.000000000000000000e+00 1.800000000000000000e+01
7.563000000000002387e+00 3.165966057777404785e+01 8.000000000000000000e+00 1.600000000000000000e+01
7.757000000000002338e+00 3.165966057777404785e+01 9.000000000000000000e+00 3.500000000000000000e+01
8.124000000000002331e+00 3.165966057777404785e+01 1.000000000000000000e+01 2.000000000000000000e+01
8.304000000000002046e+00 3.165966057777404785e+01 1.100000000000000000e+01 1.400000000000000000e+01
8.650000000000002132e+00 3.165966057777404785e+01 1.200000000000000000e+01 2.500000000000000000e+01
9.162000000000002586e+00 3.165966057777404785e+01 1.300000000000000000e+01 1.100000000000000000e+01
9.502000000000002444e+00 3.165966057777404785e+01 1.400000000000000000e+01 1.900000000000000000e+01
9.985000000000002984e+00 3.165966057777404785e+01 1.500000000000000000e+01 2.700000000000000000e+01
1.027400000000000269e+01 3.165966057777404785e+01 1.600000000000000000e+01 3.500000000000000000e+01
1.045400000000000240e+01 3.165966057777404785e+01 1.700000000000000000e+01 2.900000000000000000e+01
1.091100000000000136e+01 3.165966057777404785e+01 1.800000000000000000e+01 3.500000000000000000e+01
1.123200000000000109e+01 3.165966057777404785e+01 1.900000000000000000e+01 3.700000000000000000e+01
1.119900000000000340e+01 3.165966057777404785e+01 2.000000000000000000e+01 4.300000000000000000e+01
1.156100000000000172e+01 3.165966057777404785e+01 2.100000000000000000e+01 9.400000000000000000e+01
1.199200000000000266e+01 3.165966057777404785e+01 2.200000000000000000e+01 2.800000000000000000e+01
1.194200000000000017e+01 3.165966057777404785e+01 2.300000000000000000e+01 4.200000000000000000e+01
1.226800000000000068e+01 3.165966057777404785e+01 2.400000000000000000e+01 4.600000000000000000e+01
1.274000000000000199e+01 3.165966057777404785e+01 2.500000000000000000e+01 5.200000000000000000e+01
1.309600000000000186e+01 3.165966057777404785e+01 2.600000000000000000e+01 3.900000000000000000e+01
1.343100000000000271e+01 3.165966057777404785e+01 2.700000000000000000e+01 6.800000000000000000e+01
1.343100000000000271e+01 3.165966057777404785e+01 2.800000000000000000e+01 9.200000000000000000e+01
1.407200000000000095e+01 3.165966057777404785e+01 2.900000000000000000e+01 4.700000000000000000e+01
1.394000000000000128e+01 3.165966057777404785e+01 3.000000000000000000e+01 6.800000000000000000e+01
1.406600000000000072e+01 3.165966057777404785e+01 3.100000000000000000e+01 5.900000000000000000e+01
1.428900000000000148e+01 3.165966057777404785e+01 3.200000000000000000e+01 5.100000000000000000e+01
1.465500000000000114e+01 3.165966057777404785e+01 3.300000000000000000e+01 8.900000000000000000e+01
1.500699999999999967e+01 3.165966057777404785e+01 3.400000000000000000e+01 1.010000000000000000e+02
1.543099999999999916e+01 3.165966057777404785e+01 3.500000000000000000e+01 9.000000000000000000e+01
1.567499999999999893e+01 3.165966057777404785e+01 3.600000000000000000e+01 1.160000000000000000e+02
1.558799999999999919e+01 3.165966057777404785e+01 3.700000000000000000e+01 9.800000000000000000e+01
1.590900000000000070e+01 3.165966057777404785e+01 3.800000000000000000e+01 1.130000000000000000e+02
1.620699999999999719e+01 3.165966057777404785e+01 3.900000000000000000e+01 1.370000000000000000e+02
1.655599999999999383e+01 3.165966057777404785e+01 4.000000000000000000e+01 1.210000000000000000e+02
1.685699999999999577e+01 3.165966057777404785e+01 4.100000000000000000e+01 1.640000000000000000e+02
1.774799999999999756e+01 3.165966057777404785e+01 4.200000000000000000e+01 1.210000000000000000e+02
1.855800000000001049e+01 3.165966057777404785e+01 4.300000000000000000e+01 2.840000000000000000e+02
1.880400000000001270e+01 3.165966057777404785e+01 4.400000000000000000e+01 1.780000000000000000e+02
1.920200000000001239e+01 3.165966057777404785e+01 4.500000000000000000e+01 1.690000000000000000e+02
1.961200000000000898e+01 3.165966057777404785e+01 4.600000000000000000e+01 1.470000000000000000e+02
1.985900000000000531e+01 3.165966057777404785e+01 4.700000000000000000e+01 2.150000000000000000e+02
2.019899999999999451e+01 3.165966057777404785e+01 4.800000000000000000e+01 1.630000000000000000e+02
2.074199999999999378e+01 3.165966057777404785e+01 4.900000000000000000e+01 1.990000000000000000e+02
2.089899999999999380e+01 3.165966057777404785e+01 5.000000000000000000e+01 2.930000000000000000e+02
2.177499999999999858e+01 3.165966057777404785e+01 5.100000000000000000e+01 4.190000000000000000e+02
2.197000000000000952e+01 3.165966057777404785e+01 5.200000000000000000e+01 1.360000000000000000e+02
2.220000000000001350e+01 3.165966057777404785e+01 5.300000000000000000e+01 3.140000000000000000e+02
2.268800000000000594e+01 3.165966057777404785e+01 5.400000000000000000e+01 1.730000000000000000e+02
2.307900000000000773e+01 3.165966057777404785e+01 5.500000000000000000e+01 4.140000000000000000e+02
2.372200000000001907e+01 3.165966057777404785e+01 5.600000000000000000e+01 3.770000000000000000e+02
2.407200000000000983e+01 3.165966057777404785e+01 5.700000000000000000e+01 3.560000000000000000e+02
2.444000000000001549e+01 3.165966057777404785e+01 5.800000000000000000e+01 3.050000000000000000e+02
2.471600000000001529e+01 3.165966057777404785e+01 5.900000000000000000e+01 6.220000000000000000e+02
2.559000000000000696e+01 3.165966057777404785e+01 6.000000000000000000e+01 5.580000000000000000e+02
2.569600000000001216e+01 3.165966057777404785e+01 6.100000000000000000e+01 5.300000000000000000e+02
2.709999999999995168e+01 3.165966057777404785e+01 6.200000000000000000e+01 3.020000000000000000e+02
2.702899999999995373e+01 3.165966057777404785e+01 6.300000000000000000e+01 3.190000000000000000e+02
2.817099999999988214e+01 3.165966057777404785e+01 6.400000000000000000e+01 3.730000000000000000e+02
2.885199999999986531e+01 3.165966057777404785e+01 6.500000000000000000e+01 5.570000000000000000e+02
2.961399999999987642e+01 3.165966057777404785e+01 6.600000000000000000e+01 3.920000000000000000e+02
3.002399999999989788e+01 3.165966057777404785e+01 6.700000000000000000e+01 4.030000000000000000e+02
3.054199999999991988e+01 3.165966057777404785e+01 6.800000000000000000e+01 3.950000000000000000e+02
3.157199999999994944e+01 3.165966057777404785e+01 6.900000000000000000e+01 3.270000000000000000e+02
3.147199999999995157e+01 3.165966057777404785e+01 7.000000000000000000e+01 9.490000000000000000e+02
3.165966057777404785e+01 3.165966057777404785e+01 0.000000000000000000e+00 0.000000000000000000e+00
3.165966057777404785e+01 3.165966057777404785e+01 0.000000000000000000e+00 0.000000000000000000e+00
3.165966057777404785e+01 3.165966057777404785e+01 0.000000000000000000e+00 0.000000000000000000e+00
3.165966057777404785e+01 3.165966057777404785e+01 0.000000000000000000e+00 0.000000000000000000e+00
3.939000000000000057e+00 3.245054650306701660e+01 0.000000000000000000e+00 0.000000000000000000e+00
4.831000000000001293e+00 3.245054650306701660e+01 1.000000000000000000e+00 3.000000000000000000e+00
5.052000000000001378e+00 3.245054650306701660e+01 2.000000000000000000e+00 9.000000000000000000e+00
6.134000000000001229e+00 3.245054650306701660e+01 3.000000000000000000e+00 5.000000000000000000e+00
6.557000000000001272e+00 3.245054650306701660e+01 4.000000000000000000e+00 1.600000000000000000e+01
6.764000000000001123e+00 3.245054650306701660e+01 5.000000000000000000e+00 1.400000000000000000e+01
7.166000000000001258e+00 3.245054650306701660e+01 6.000000000000000000e+00 7.000000000000000000e+00
7.557000000000001272e+00 3.245054650306701660e+01 7.000000000000000000e+00 1.700000000000000000e+01
7.557000000000001272e+00 3.245054650306701660e+01 8.000000000000000000e+00 1.400000000000000000e+01
7.934000000000001052e+00 3.245054650306701660e+01 9.000000000000000000e+00 1.000000000000000000e+01
8.117000000000000881e+00 3.245054650306701660e+01 1.000000000000000000e+01 3.700000000000000000e+01
8.647000000000002018e+00 3.245054650306701660e+01 1.100000000000000000e+01 2.000000000000000000e+01
8.822000000000002728e+00 3.245054650306701660e+01 1.200000000000000000e+01 1.400000000000000000e+01
8.771000000000002572e+00 3.245054650306701660e+01 1.300000000000000000e+01 2.600000000000000000e+01
9.319000000000002615e+00 3.245054650306701660e+01 1.400000000000000000e+01 3.400000000000000000e+01
9.480000000000002203e+00 3.245054650306701660e+01 1.500000000000000000e+01 3.000000000000000000e+01
9.591000000000002856e+00 3.245054650306701660e+01 1.600000000000000000e+01 1.600000000000000000e+01
9.917000000000001592e+00 3.245054650306701660e+01 1.700000000000000000e+01 3.200000000000000000e+01
1.024100000000000144e+01 3.245054650306701660e+01 1.800000000000000000e+01 4.800000000000000000e+01
1.050700000000000145e+01 3.245054650306701660e+01 1.900000000000000000e+01 4.200000000000000000e+01
1.094599999999999973e+01 3.245054650306701660e+01 2.000000000000000000e+01 6.400000000000000000e+01
1.104599999999999937e+01 3.245054650306701660e+01 2.100000000000000000e+01 3.200000000000000000e+01
1.114199999999999946e+01 3.245054650306701660e+01 2.200000000000000000e+01 6.000000000000000000e+01
1.122899999999999743e+01 3.245054650306701660e+01 2.300000000000000000e+01 5.000000000000000000e+01
1.221499999999999986e+01 3.245054650306701660e+01 2.400000000000000000e+01 4.000000000000000000e+01
1.233799999999999919e+01 3.245054650306701660e+01 2.500000000000000000e+01 5.000000000000000000e+01
1.224899999999999700e+01 3.245054650306701660e+01 2.600000000000000000e+01 6.000000000000000000e+01
1.276600000000000001e+01 3.245054650306701660e+01 2.700000000000000000e+01 9.400000000000000000e+01
1.301199999999999868e+01 3.245054650306701660e+01 2.800000000000000000e+01 6.200000000000000000e+01
1.342099999999999760e+01 3.245054650306701660e+01 2.900000000000000000e+01 5.800000000000000000e+01
1.363399999999999679e+01 3.245054650306701660e+01 3.000000000000000000e+01 7.300000000000000000e+01
1.363399999999999679e+01 3.245054650306701660e+01 3.100000000000000000e+01 7.100000000000000000e+01
1.418099999999999561e+01 3.245054650306701660e+01 3.200000000000000000e+01 1.290000000000000000e+02
1.409899999999999487e+01 3.245054650306701660e+01 3.300000000000000000e+01 8.100000000000000000e+01
1.481899999999999551e+01 3.245054650306701660e+01 3.400000000000000000e+01 9.400000000000000000e+01
1.481899999999999551e+01 3.245054650306701660e+01 3.500000000000000000e+01 8.000000000000000000e+01
1.515299999999999514e+01 3.245054650306701660e+01 3.600000000000000000e+01 1.570000000000000000e+02
1.538899999999999579e+01 3.245054650306701660e+01 3.700000000000000000e+01 1.230000000000000000e+02
1.595199999999999463e+01 3.245054650306701660e+01 3.800000000000000000e+01 1.540000000000000000e+02
1.598399999999999288e+01 3.245054650306701660e+01 3.900000000000000000e+01 1.560000000000000000e+02
1.653199999999999648e+01 3.245054650306701660e+01 4.000000000000000000e+01 1.440000000000000000e+02
1.673199999999999577e+01 3.245054650306701660e+01 4.100000000000000000e+01 1.380000000000000000e+02
1.740699999999998937e+01 3.245054650306701660e+01 4.200000000000000000e+01 1.130000000000000000e+02
1.733599999999999142e+01 3.245054650306701660e+01 4.300000000000000000e+01 1.220000000000000000e+02
1.787699999999998823e+01 3.245054650306701660e+01 4.400000000000000000e+01 1.540000000000000000e+02
1.820999999999998664e+01 3.245054650306701660e+01 4.500000000000000000e+01 1.840000000000000000e+02
1.884299999999998576e+01 3.245054650306701660e+01 4.600000000000000000e+01 2.350000000000000000e+02
1.894499999999998607e+01 3.245054650306701660e+01 4.700000000000000000e+01 2.570000000000000000e+02
1.951899999999997704e+01 3.245054650306701660e+01 4.800000000000000000e+01 2.340000000000000000e+02
1.983699999999998553e+01 3.245054650306701660e+01 4.900000000000000000e+01 1.990000000000000000e+02
2.080599999999997962e+01 3.245054650306701660e+01 5.000000000000000000e+01 3.300000000000000000e+02
2.156499999999997286e+01 3.245054650306701660e+01 5.100000000000000000e+01 2.180000000000000000e+02
2.240599999999998460e+01 3.245054650306701660e+01 5.200000000000000000e+01 2.330000000000000000e+02
2.315599999999999525e+01 3.245054650306701660e+01 5.300000000000000000e+01 3.310000000000000000e+02
2.337599999999998701e+01 3.245054650306701660e+01 5.400000000000000000e+01 2.970000000000000000e+02
2.373499999999998877e+01 3.245054650306701660e+01 5.500000000000000000e+01 3.420000000000000000e+02
2.458600000000001273e+01 3.245054650306701660e+01 5.600000000000000000e+01 7.170000000000000000e+02
2.476000000000000867e+01 3.245054650306701660e+01 5.700000000000000000e+01 5.360000000000000000e+02
2.491900000000000759e+01 3.245054650306701660e+01 5.800000000000000000e+01 4.980000000000000000e+02
2.561400000000001143e+01 3.245054650306701660e+01 5.900000000000000000e+01 5.830000000000000000e+02
2.577600000000000691e+01 3.245054650306701660e+01 6.000000000000000000e+01 4.470000000000000000e+02
2.685000000000002629e+01 3.245054650306701660e+01 6.100000000000000000e+01 4.160000000000000000e+02
2.703100000000000946e+01 3.245054650306701660e+01 6.200000000000000000e+01 4.490000000000000000e+02
2.788600000000000634e+01 3.245054650306701660e+01 6.300000000000000000e+01 5.100000000000000000e+02
2.819599999999999085e+01 3.245054650306701660e+01 6.400000000000000000e+01 4.520000000000000000e+02
2.880099999999997351e+01 3.245054650306701660e+01 6.500000000000000000e+01 3.980000000000000000e+02
2.927099999999999369e+01 3.245054650306701660e+01 6.600000000000000000e+01 3.870000000000000000e+02
2.954899999999999594e+01 3.245054650306701660e+01 6.700000000000000000e+01 3.740000000000000000e+02
3.097000000000005215e+01 3.245054650306701660e+01 6.800000000000000000e+01 2.360000000000000000e+02
3.129400000000006798e+01 3.245054650306701660e+01 6.900000000000000000e+01 9.780000000000000000e+02
3.244800000000009987e+01 3.245054650306701660e+01 7.000000000000000000e+01 5.750000000000000000e+02
3.245054650306701660e+01 3.245054650306701660e+01 0.000000000000000000e+00 0.000000000000000000e+00
3.245054650306701660e+01 3.245054650306701660e+01 0.000000000000000000e+00 0.000000000000000000e+00
3.245054650306701660e+01 3.245054650306701660e+01 0.000000000000000000e+00 0.000000000000000000e+00
3.245054650306701660e+01 3.245054650306701660e+01 0.000000000000000000e+00 0.000000000000000000e+00
4.019999999999999574e+00 3.445225501060485840e+01 0.000000000000000000e+00 0.000000000000000000e+00
4.019999999999999574e+00 3.445225501060485840e+01 1.000000000000000000e+00 6.000000000000000000e+00
4.690999999999999837e+00 3.445225501060485840e+01 2.000000000000000000e+00 7.000000000000000000e+00
5.136999999999999567e+00 3.445225501060485840e+01 3.000000000000000000e+00 7.000000000000000000e+00
5.985999999999999766e+00 3.445225501060485840e+01 4.000000000000000000e+00 1.600000000000000000e+01
6.399999999999999467e+00 3.445225501060485840e+01 5.000000000000000000e+00 8.000000000000000000e+00
6.603999999999999204e+00 3.445225501060485840e+01 6.000000000000000000e+00 8.000000000000000000e+00
6.804999999999998828e+00 3.445225501060485840e+01 7.000000000000000000e+00 1.700000000000000000e+01
7.624999999999999112e+00 3.445225501060485840e+01 8.000000000000000000e+00 2.000000000000000000e+01
8.006999999999999673e+00 3.445225501060485840e+01 9.000000000000000000e+00 2.100000000000000000e+01
8.374999999999998224e+00 3.445225501060485840e+01 1.000000000000000000e+01 1.500000000000000000e+01
8.374999999999998224e+00 3.445225501060485840e+01 1.100000000000000000e+01 4.300000000000000000e+01
8.900999999999998025e+00 3.445225501060485840e+01 1.200000000000000000e+01 2.400000000000000000e+01
9.073999999999998067e+00 3.445225501060485840e+01 1.300000000000000000e+01 1.500000000000000000e+01
9.731999999999997542e+00 3.445225501060485840e+01 1.400000000000000000e+01 2.400000000000000000e+01
1.021699999999999875e+01 3.445225501060485840e+01 1.500000000000000000e+01 1.900000000000000000e+01
1.021699999999999875e+01 3.445225501060485840e+01 1.600000000000000000e+01 4.400000000000000000e+01
1.052699999999999925e+01 3.445225501060485840e+01 1.700000000000000000e+01 2.200000000000000000e+01
1.067799999999999905e+01 3.445225501060485840e+01 1.800000000000000000e+01 3.600000000000000000e+01
1.089800000000000146e+01 3.445225501060485840e+01 1.900000000000000000e+01 3.000000000000000000e+01
1.109499999999999886e+01 3.445225501060485840e+01 2.000000000000000000e+01 3.500000000000000000e+01
1.152799999999999869e+01 3.445225501060485840e+01 2.100000000000000000e+01 4.000000000000000000e+01
1.199399999999999977e+01 3.445225501060485840e+01 2.200000000000000000e+01 6.400000000000000000e+01
1.231499999999999950e+01 3.445225501060485840e+01 2.300000000000000000e+01 4.800000000000000000e+01
1.248000000000000220e+01 3.445225501060485840e+01 2.400000000000000000e+01 4.600000000000000000e+01
1.293099999999999916e+01 3.445225501060485840e+01 2.500000000000000000e+01 6.400000000000000000e+01
1.282900000000000063e+01 3.445225501060485840e+01 2.600000000000000000e+01 9.600000000000000000e+01
1.316599999999999859e+01 3.445225501060485840e+01 2.700000000000000000e+01 5.400000000000000000e+01
1.382000000000000028e+01 3.445225501060485840e+01 2.800000000000000000e+01 8.100000000000000000e+01
1.382000000000000028e+01 3.445225501060485840e+01 2.900000000000000000e+01 7.000000000000000000e+01
1.453800000000000203e+01 3.445225501060485840e+01 3.000000000000000000e+01 1.070000000000000000e+02
1.464000000000000234e+01 3.445225501060485840e+01 3.100000000000000000e+01 1.110000000000000000e+02
1.443600000000000350e+01 3.445225501060485840e+01 3.200000000000000000e+01 7.800000000000000000e+01
1.495800000000000018e+01 3.445225501060485840e+01 3.300000000000000000e+01 9.600000000000000000e+01
1.528100000000000058e+01 3.445225501060485840e+01 3.400000000000000000e+01 1.050000000000000000e+02
1.547200000000000131e+01 3.445225501060485840e+01 3.500000000000000000e+01 8.700000000000000000e+01
1.595200000000000173e+01 3.445225501060485840e+01 3.600000000000000000e+01 1.150000000000000000e+02
1.582900000000000240e+01 3.445225501060485840e+01 3.700000000000000000e+01 1.460000000000000000e+02
1.642999999999999972e+01 3.445225501060485840e+01 3.800000000000000000e+01 1.200000000000000000e+02
1.670899999999999963e+01 3.445225501060485840e+01 3.900000000000000000e+01 1.360000000000000000e+02
1.748599999999999710e+01 3.445225501060485840e+01 4.000000000000000000e+01 1.410000000000000000e+02
1.757899999999999352e+01 3.445225501060485840e+01 4.100000000000000000e+01 2.130000000000000000e+02
1.800899999999999324e+01 3.445225501060485840e+01 4.200000000000000000e+01 1.660000000000000000e+02
1.832699999999999108e+01 3.445225501060485840e+01 4.300000000000000000e+01 1.700000000000000000e+02
1.885299999999999088e+01 3.445225501060485840e+01 4.400000000000000000e+01 1.640000000000000000e+02
1.881899999999998840e+01 3.445225501060485840e+01 4.500000000000000000e+01 2.190000000000000000e+02
1.949199999999999022e+01 3.445225501060485840e+01 4.600000000000000000e+01 1.900000000000000000e+02
1.918899999999998940e+01 3.445225501060485840e+01 4.700000000000000000e+01 2.120000000000000000e+02
1.990099999999997493e+01 3.445225501060485840e+01 4.800000000000000000e+01 2.340000000000000000e+02
2.019399999999997419e+01 3.445225501060485840e+01 4.900000000000000000e+01 2.390000000000000000e+02
2.080099999999996996e+01 3.445225501060485840e+01 5.000000000000000000e+01 3.100000000000000000e+02
2.124999999999996803e+01 3.445225501060485840e+01 5.100000000000000000e+01 2.610000000000000000e+02
2.151999999999997470e+01 3.445225501060485840e+01 5.200000000000000000e+01 1.610000000000000000e+02
2.226099999999998147e+01 3.445225501060485840e+01 5.300000000000000000e+01 2.900000000000000000e+02
2.256899999999997419e+01 3.445225501060485840e+01 5.400000000000000000e+01 3.100000000000000000e+02
2.303799999999997183e+01 3.445225501060485840e+01 5.500000000000000000e+01 2.820000000000000000e+02
2.422199999999999775e+01 3.445225501060485840e+01 5.600000000000000000e+01 3.080000000000000000e+02
2.522499999999996234e+01 3.445225501060485840e+01 5.700000000000000000e+01 2.040000000000000000e+02
2.551699999999996393e+01 3.445225501060485840e+01 5.800000000000000000e+01 2.980000000000000000e+02
2.607699999999996621e+01 3.445225501060485840e+01 5.900000000000000000e+01 3.390000000000000000e+02
2.744299999999991968e+01 3.445225501060485840e+01 6.000000000000000000e+01 2.600000000000000000e+02
2.798899999999991905e+01 3.445225501060485840e+01 6.100000000000000000e+01 1.093000000000000000e+03
2.862499999999986144e+01 3.445225501060485840e+01 6.200000000000000000e+01 5.970000000000000000e+02
2.922399999999985809e+01 3.445225501060485840e+01 6.300000000000000000e+01 6.420000000000000000e+02
2.975999999999983459e+01 3.445225501060485840e+01 6.400000000000000000e+01 5.380000000000000000e+02
3.061399999999981603e+01 3.445225501060485840e+01 6.500000000000000000e+01 7.280000000000000000e+02
3.115699999999982950e+01 3.445225501060485840e+01 6.600000000000000000e+01 6.390000000000000000e+02
3.192099999999985371e+01 3.445225501060485840e+01 6.700000000000000000e+01 5.120000000000000000e+02
3.237699999999987455e+01 3.445225501060485840e+01 6.800000000000000000e+01 8.910000000000000000e+02
3.305799999999990035e+01 3.445225501060485840e+01 6.900000000000000000e+01 4.440000000000000000e+02
3.418699999999994787e+01 3.445225501060485840e+01 7.000000000000000000e+01 4.140000000000000000e+02
3.445225501060485840e+01 3.445225501060485840e+01 0.000000000000000000e+00 0.000000000000000000e+00
3.445225501060485840e+01 3.445225501060485840e+01 0.000000000000000000e+00 0.000000000000000000e+00
3.445225501060485840e+01 3.445225501060485840e+01 0.000000000000000000e+00 0.000000000000000000e+00
3.445225501060485840e+01 3.445225501060485840e+01 0.000000000000000000e+00 0.000000000000000000e+00
3.520000000000000906e+00 3.104996156692504883e+01 0.000000000000000000e+00 1.000000000000000000e+01
3.972000000000000863e+00 3.104996156692504883e+01 1.000000000000000000e+00 4.000000000000000000e+00
3.972000000000000863e+00 3.104996156692504883e+01 2.000000000000000000e+00 1.200000000000000000e+01
4.618000000000000327e+00 3.104996156692504883e+01 3.000000000000000000e+00 7.000000000000000000e+00
5.036999999999999922e+00 3.104996156692504883e+01 4.000000000000000000e+00 1.200000000000000000e+01
5.854000000000000092e+00 3.104996156692504883e+01 5.000000000000000000e+00 3.000000000000000000e+00
6.054999999999999716e+00 3.104996156692504883e+01 6.000000000000000000e+00 9.000000000000000000e+00
6.253000000000000114e+00 3.104996156692504883e+01 7.000000000000000000e+00 2.800000000000000000e+01
7.203000000000000291e+00 3.104996156692504883e+01 8.000000000000000000e+00 3.500000000000000000e+01
7.392000000000000348e+00 3.104996156692504883e+01 9.000000000000000000e+00 3.100000000000000000e+01
7.578000000000000291e+00 3.104996156692504883e+01 1.000000000000000000e+01 8.000000000000000000e+00
7.757000000000000561e+00 3.104996156692504883e+01 1.100000000000000000e+01 3.200000000000000000e+01
7.920000000000000817e+00 3.104996156692504883e+01 1.200000000000000000e+01 1.700000000000000000e+01
8.609000000000001762e+00 3.104996156692504883e+01 1.300000000000000000e+01 2.500000000000000000e+01
8.774000000000000909e+00 3.104996156692504883e+01 1.400000000000000000e+01 1.300000000000000000e+01
8.935000000000000497e+00 3.104996156692504883e+01 1.500000000000000000e+01 1.400000000000000000e+01
9.245000000000000995e+00 3.104996156692504883e+01 1.600000000000000000e+01 3.600000000000000000e+01
9.317999999999999616e+00 3.104996156692504883e+01 1.700000000000000000e+01 2.600000000000000000e+01
1.013700000000000045e+01 3.104996156692504883e+01 1.800000000000000000e+01 6.200000000000000000e+01
1.030899999999999928e+01 3.104996156692504883e+01 1.900000000000000000e+01 5.000000000000000000e+01
1.097900000000000098e+01 3.104996156692504883e+01 2.000000000000000000e+01 2.200000000000000000e+01
1.078099999999999881e+01 3.104996156692504883e+01 2.100000000000000000e+01 8.300000000000000000e+01
1.124500000000000099e+01 3.104996156692504883e+01 2.200000000000000000e+01 5.700000000000000000e+01
1.150000000000000178e+01 3.104996156692504883e+01 2.300000000000000000e+01 2.600000000000000000e+01
1.162500000000000178e+01 3.104996156692504883e+01 2.400000000000000000e+01 7.700000000000000000e+01
1.162500000000000178e+01 3.104996156692504883e+01 2.500000000000000000e+01 4.400000000000000000e+01
1.194400000000000439e+01 3.104996156692504883e+01 2.600000000000000000e+01 8.100000000000000000e+01
1.202400000000000269e+01 3.104996156692504883e+01 2.700000000000000000e+01 5.000000000000000000e+01
1.231400000000000539e+01 3.104996156692504883e+01 2.800000000000000000e+01 9.400000000000000000e+01
1.273200000000000287e+01 3.104996156692504883e+01 2.900000000000000000e+01 8.400000000000000000e+01
1.313700000000000401e+01 3.104996156692504883e+01 3.000000000000000000e+01 1.220000000000000000e+02
1.358100000000000307e+01 3.104996156692504883e+01 3.100000000000000000e+01 7.200000000000000000e+01
1.363700000000000223e+01 3.104996156692504883e+01 3.200000000000000000e+01 1.250000000000000000e+02
1.472700000000000031e+01 3.104996156692504883e+01 3.300000000000000000e+01 6.400000000000000000e+01
1.461699999999999910e+01 3.104996156692504883e+01 3.400000000000000000e+01 1.140000000000000000e+02
1.477999999999999936e+01 3.104996156692504883e+01 3.500000000000000000e+01 1.710000000000000000e+02
1.522399999999999842e+01 3.104996156692504883e+01 3.600000000000000000e+01 1.530000000000000000e+02
1.555100000000000016e+01 3.104996156692504883e+01 3.700000000000000000e+01 1.070000000000000000e+02
1.570299999999999940e+01 3.104996156692504883e+01 3.800000000000000000e+01 1.130000000000000000e+02
1.620799999999999841e+01 3.104996156692504883e+01 3.900000000000000000e+01 1.970000000000000000e+02
1.627999999999999758e+01 3.104996156692504883e+01 4.000000000000000000e+01 1.460000000000000000e+02
1.647499999999999432e+01 3.104996156692504883e+01 4.100000000000000000e+01 1.650000000000000000e+02
1.679899999999999238e+01 3.104996156692504883e+01 4.200000000000000000e+01 1.820000000000000000e+02
1.700099999999998701e+01 3.104996156692504883e+01 4.300000000000000000e+01 1.840000000000000000e+02
1.725499999999998835e+01 3.104996156692504883e+01 4.400000000000000000e+01 1.560000000000000000e+02
1.775899999999998258e+01 3.104996156692504883e+01 4.500000000000000000e+01 1.620000000000000000e+02
1.796799999999998576e+01 3.104996156692504883e+01 4.600000000000000000e+01 2.260000000000000000e+02
1.827799999999998093e+01 3.104996156692504883e+01 4.700000000000000000e+01 1.340000000000000000e+02
1.889399999999997704e+01 3.104996156692504883e+01 4.800000000000000000e+01 2.190000000000000000e+02
1.877999999999997627e+01 3.104996156692504883e+01 4.900000000000000000e+01 1.870000000000000000e+02
1.985099999999997067e+01 3.104996156692504883e+01 5.000000000000000000e+01 1.240000000000000000e+02
1.981999999999996831e+01 3.104996156692504883e+01 5.100000000000000000e+01 2.690000000000000000e+02
2.087199999999998212e+01 3.104996156692504883e+01 5.200000000000000000e+01 2.030000000000000000e+02
2.089299999999998647e+01 3.104996156692504883e+01 5.300000000000000000e+01 2.260000000000000000e+02
2.143799999999997752e+01 3.104996156692504883e+01 5.400000000000000000e+01 4.360000000000000000e+02
2.210399999999997434e+01 3.104996156692504883e+01 5.500000000000000000e+01 2.990000000000000000e+02
2.259299999999998931e+01 3.104996156692504883e+01 5.600000000000000000e+01 3.790000000000000000e+02
2.268099999999998317e+01 3.104996156692504883e+01 5.700000000000000000e+01 2.510000000000000000e+02
2.320499999999997698e+01 3.104996156692504883e+01 5.800000000000000000e+01 2.600000000000000000e+02
2.350299999999997880e+01 3.104996156692504883e+01 5.900000000000000000e+01 2.490000000000000000e+02
2.393399999999996197e+01 3.104996156692504883e+01 6.000000000000000000e+01 5.350000000000000000e+02
2.461999999999997613e+01 3.104996156692504883e+01 6.100000000000000000e+01 4.150000000000000000e+02
2.541299999999993275e+01 3.104996156692504883e+01 6.200000000000000000e+01 6.380000000000000000e+02
2.570499999999993079e+01 3.104996156692504883e+01 6.300000000000000000e+01 2.990000000000000000e+02
2.574699999999990041e+01 3.104996156692504883e+01 6.400000000000000000e+01 2.600000000000000000e+02
2.677199999999988123e+01 3.104996156692504883e+01 6.500000000000000000e+01 3.820000000000000000e+02
2.687199999999988265e+01 3.104996156692504883e+01 6.600000000000000000e+01 2.590000000000000000e+02
2.779999999999992255e+01 3.104996156692504883e+01 6.700000000000000000e+01 4.380000000000000000e+02
2.843499999999993832e+01 3.104996156692504883e+01 6.800000000000000000e+01 4.370000000000000000e+02
2.920999999999996888e+01 3.104996156692504883e+01 6.900000000000000000e+01 4.710000000000000000e+02
3.087700000000002021e+01 3.104996156692504883e+01 7.000000000000000000e+01 3.040000000000000000e+02
3.104996156692504883e+01 3.104996156692504883e+01 0.000000000000000000e+00 0.000000000000000000e+00
3.104996156692504883e+01 3.104996156692504883e+01 0.000000000000000000e+00 0.000000000000000000e+00
3.104996156692504883e+01 3.104996156692504883e+01 0.000000000000000000e+00 0.000000000000000000e+00
3.104996156692504883e+01 3.104996156692504883e+01 0.000000000000000000e+00 0.000000000000000000e+00
3.881000000000000227e+00 3.212123155593872070e+01 0.000000000000000000e+00 0.000000000000000000e+00
4.137000000000000455e+00 3.212123155593872070e+01 1.000000000000000000e+00 4.000000000000000000e+00
4.376000000000000334e+00 3.212123155593872070e+01 2.000000000000000000e+00 6.000000000000000000e+00
5.241999999999999993e+00 3.212123155593872070e+01 3.000000000000000000e+00 1.300000000000000000e+01
5.703000000000000291e+00 3.212123155593872070e+01 4.000000000000000000e+00 9.000000000000000000e+00
6.132000000000000561e+00 3.212123155593872070e+01 5.000000000000000000e+00 1.600000000000000000e+01
6.132000000000000561e+00 3.212123155593872070e+01 6.000000000000000000e+00 1.300000000000000000e+01
6.935000000000001386e+00 3.212123155593872070e+01 7.000000000000000000e+00 1.300000000000000000e+01
7.132000000000001450e+00 3.212123155593872070e+01 8.000000000000000000e+00 1.400000000000000000e+01
7.888000000000001677e+00 3.212123155593872070e+01 9.000000000000000000e+00 2.000000000000000000e+01
7.888000000000001677e+00 3.212123155593872070e+01 1.000000000000000000e+01 1.400000000000000000e+01
8.256000000000002004e+00 3.212123155593872070e+01 1.100000000000000000e+01 3.200000000000000000e+01
8.785000000000001918e+00 3.212123155593872070e+01 1.200000000000000000e+01 4.000000000000000000e+01
9.290000000000000924e+00 3.212123155593872070e+01 1.300000000000000000e+01 3.400000000000000000e+01
9.231000000000001648e+00 3.212123155593872070e+01 1.400000000000000000e+01 2.600000000000000000e+01
1.011100000000000243e+01 3.212123155593872070e+01 1.500000000000000000e+01 3.600000000000000000e+01
1.044300000000000317e+01 3.212123155593872070e+01 1.600000000000000000e+01 4.500000000000000000e+01
1.061600000000000321e+01 3.212123155593872070e+01 1.700000000000000000e+01 2.500000000000000000e+01
1.059800000000000253e+01 3.212123155593872070e+01 1.800000000000000000e+01 4.700000000000000000e+01
1.147800000000000331e+01 3.212123155593872070e+01 1.900000000000000000e+01 8.100000000000000000e+01
1.147800000000000331e+01 3.212123155593872070e+01 2.000000000000000000e+01 8.800000000000000000e+01
1.147800000000000331e+01 3.212123155593872070e+01 2.100000000000000000e+01 5.300000000000000000e+01
1.176100000000000456e+01 3.212123155593872070e+01 2.200000000000000000e+01 5.400000000000000000e+01
1.183800000000000452e+01 3.212123155593872070e+01 2.300000000000000000e+01 8.600000000000000000e+01
1.275700000000000500e+01 3.212123155593872070e+01 2.400000000000000000e+01 4.400000000000000000e+01
1.275700000000000500e+01 3.212123155593872070e+01 2.500000000000000000e+01 9.000000000000000000e+01
1.322500000000000497e+01 3.212123155593872070e+01 2.600000000000000000e+01 7.300000000000000000e+01
1.345200000000000529e+01 3.212123155593872070e+01 2.700000000000000000e+01 1.000000000000000000e+02
1.378100000000000591e+01 3.212123155593872070e+01 2.800000000000000000e+01 6.600000000000000000e+01
1.378500000000000547e+01 3.212123155593872070e+01 2.900000000000000000e+01 1.180000000000000000e+02
1.430000000000000604e+01 3.212123155593872070e+01 3.000000000000000000e+01 1.500000000000000000e+02
1.480200000000000848e+01 3.212123155593872070e+01 3.100000000000000000e+01 1.200000000000000000e+02
1.499200000000000799e+01 3.212123155593872070e+01 3.200000000000000000e+01 1.150000000000000000e+02
1.542300000000000715e+01 3.212123155593872070e+01 3.300000000000000000e+01 1.010000000000000000e+02
1.562800000000000722e+01 3.212123155593872070e+01 3.400000000000000000e+01 1.190000000000000000e+02
1.613500000000000867e+01 3.212123155593872070e+01 3.500000000000000000e+01 1.460000000000000000e+02
1.670900000000000674e+01 3.212123155593872070e+01 3.600000000000000000e+01 1.660000000000000000e+02
1.686800000000000921e+01 3.212123155593872070e+01 3.700000000000000000e+01 1.400000000000000000e+02
1.718100000000000804e+01 3.212123155593872070e+01 3.800000000000000000e+01 1.590000000000000000e+02
1.741700000000000870e+01 3.212123155593872070e+01 3.900000000000000000e+01 1.590000000000000000e+02
1.795900000000001384e+01 3.212123155593872070e+01 4.000000000000000000e+01 1.620000000000000000e+02
1.811700000000001154e+01 3.212123155593872070e+01 4.100000000000000000e+01 1.920000000000000000e+02
1.821300000000000807e+01 3.212123155593872070e+01 4.200000000000000000e+01 2.420000000000000000e+02
1.924200000000000443e+01 3.212123155593872070e+01 4.300000000000000000e+01 2.060000000000000000e+02
1.964900000000000091e+01 3.212123155593872070e+01 4.400000000000000000e+01 2.770000000000000000e+02
1.978900000000000148e+01 3.212123155593872070e+01 4.500000000000000000e+01 2.930000000000000000e+02
2.040600000000000236e+01 3.212123155593872070e+01 4.600000000000000000e+01 3.420000000000000000e+02
2.059200000000000230e+01 3.212123155593872070e+01 4.700000000000000000e+01 2.010000000000000000e+02
2.090100000000000335e+01 3.212123155593872070e+01 4.800000000000000000e+01 1.810000000000000000e+02
2.111600000000000321e+01 3.212123155593872070e+01 4.900000000000000000e+01 2.370000000000000000e+02
2.177000000000000313e+01 3.212123155593872070e+01 5.000000000000000000e+01 1.940000000000000000e+02
2.247500000000000142e+01 3.212123155593872070e+01 5.100000000000000000e+01 2.610000000000000000e+02
2.223100000000000165e+01 3.212123155593872070e+01 5.200000000000000000e+01 3.140000000000000000e+02
2.259400000000000830e+01 3.212123155593872070e+01 5.300000000000000000e+01 3.900000000000000000e+02
2.328500000000000725e+01 3.212123155593872070e+01 5.400000000000000000e+01 4.630000000000000000e+02
2.342500000000000426e+01 3.212123155593872070e+01 5.500000000000000000e+01 3.500000000000000000e+02
2.412900000000001199e+01 3.212123155593872070e+01 5.600000000000000000e+01 4.710000000000000000e+02
2.456800000000000139e+01 3.212123155593872070e+01 5.700000000000000000e+01 3.130000000000000000e+02
2.542999999999998906e+01 3.212123155593872070e+01 5.800000000000000000e+01 4.340000000000000000e+02
2.607600000000000051e+01 3.212123155593872070e+01 5.900000000000000000e+01 4.190000000000000000e+02
2.603299999999999415e+01 3.212123155593872070e+01 6.000000000000000000e+01 6.830000000000000000e+02
2.705699999999999861e+01 3.212123155593872070e+01 6.100000000000000000e+01 3.610000000000000000e+02
2.777899999999994307e+01 3.212123155593872070e+01 6.200000000000000000e+01 3.590000000000000000e+02
2.788199999999994105e+01 3.212123155593872070e+01 6.300000000000000000e+01 3.080000000000000000e+02
2.840299999999991698e+01 3.212123155593872070e+01 6.400000000000000000e+01 3.880000000000000000e+02
2.880499999999990379e+01 3.212123155593872070e+01 6.500000000000000000e+01 3.260000000000000000e+02
2.906299999999990646e+01 3.212123155593872070e+01 6.600000000000000000e+01 7.340000000000000000e+02
3.010899999999994492e+01 3.212123155593872070e+01 6.700000000000000000e+01 3.330000000000000000e+02
3.022799999999994469e+01 3.212123155593872070e+01 6.800000000000000000e+01 2.110000000000000000e+02
3.122899999999998855e+01 3.212123155593872070e+01 6.900000000000000000e+01 5.290000000000000000e+02
3.209700000000000131e+01 3.212123155593872070e+01 7.000000000000000000e+01 2.450000000000000000e+02
3.212123155593872070e+01 3.212123155593872070e+01 0.000000000000000000e+00 0.000000000000000000e+00
3.212123155593872070e+01 3.212123155593872070e+01 0.000000000000000000e+00 0.000000000000000000e+00
3.212123155593872070e+01 3.212123155593872070e+01 0.000000000000000000e+00 0.000000000000000000e+00
3.212123155593872070e+01 3.212123155593872070e+01 0.000000000000000000e+00 0.000000000000000000e+00
