3.387999999999999901e+00 7.131432271003723145e+01 0.000000000000000000e+00 5.000000000000000000e+00
4.391000000000000014e+00 7.131432271003723145e+01 1.000000000000000000e+00 0.000000000000000000e+00
5.949999999999999289e+00 7.131432271003723145e+01 2.000000000000000000e+00 8.000000000000000000e+00
6.913999999999998813e+00 7.131432271003723145e+01 3.000000000000000000e+00 1.800000000000000000e+01
7.472999999999998977e+00 7.131432271003723145e+01 4.000000000000000000e+00 1.200000000000000000e+01
8.211000000000000298e+00 7.131432271003723145e+01 5.000000000000000000e+00 1.600000000000000000e+01
9.617000000000002657e+00 7.131432271003723145e+01 6.000000000000000000e+00 3.900000000000000000e+01
9.963000000000002743e+00 7.131432271003723145e+01 7.000000000000000000e+00 2.000000000000000000e+01
1.013100000000000378e+01 7.131432271003723145e+01 8.000000000000000000e+00 3.800000000000000000e+01
1.063200000000000323e+01 7.131432271003723145e+01 9.000000000000000000e+00 3.500000000000000000e+01
1.155100000000000193e+01 7.131432271003723145e+01 1.000000000000000000e+01 3.900000000000000000e+01
1.282200000000000273e+01 7.131432271003723145e+01 1.100000000000000000e+01 3.700000000000000000e+01
1.337100000000000044e+01 7.131432271003723145e+01 1.200000000000000000e+01 1.020000000000000000e+02
1.401500000000000234e+01 7.131432271003723145e+01 1.300000000000000000e+01 6.600000000000000000e+01
1.501300000000000168e+01 7.131432271003723145e+01 1.400000000000000000e+01 1.050000000000000000e+02
1.557099999999999973e+01 7.131432271003723145e+01 1.500000000000000000e+01 1.030000000000000000e+02
1.622400000000000020e+01 7.131432271003723145e+01 1.600000000000000000e+01 1.030000000000000000e+02
1.729900000000000304e+01 7.131432271003723145e+01 1.700000000000000000e+01 1.210000000000000000e+02
1.768300000000000338e+01 7.131432271003723145e+01 1.800000000000000000e+01 1.030000000000000000e+02
1.811900000000000333e+01 7.131432271003723145e+01 1.900000000000000000e+01 1.130000000000000000e+02
1.889500000000001023e+01 7.131432271003723145e+01 2.000000000000000000e+01 1.240000000000000000e+02
1.944700000000000628e+01 7.131432271003723145e+01 2.100000000000000000e+01 1.330000000000000000e+02
2.006200000000000472e+01 7.131432271003723145e+01 2.200000000000000000e+01 1.160000000000000000e+02
2.093600000000001415e+01 7.131432271003723145e+01 2.300000000000000000e+01 1.850000000000000000e+02
2.137300000000001532e+01 7.131432271003723145e+01 2.400000000000000000e+01 1.640000000000000000e+02
2.259700000000002262e+01 7.131432271003723145e+01 2.500000000000000000e+01 1.420000000000000000e+02
2.319200000000002504e+01 7.131432271003723145e+01 2.600000000000000000e+01 2.100000000000000000e+02
2.403500000000002146e+01 7.131432271003723145e+01 2.700000000000000000e+01 1.160000000000000000e+02
2.452000000000002089e+01 7.131432271003723145e+01 2.800000000000000000e+01 1.210000000000000000e+02
2.532500000000000995e+01 7.131432271003723145e+01 2.900000000000000000e+01 1.340000000000000000e+02
2.601700000000000301e+01 7.131432271003723145e+01 3.000000000000000000e+01 1.220000000000000000e+02
2.701299999999999102e+01 7.131432271003723145e+01 3.100000000000000000e+01 1.340000000000000000e+02
2.789299999999997937e+01 7.131432271003723145e+01 3.200000000000000000e+01 1.270000000000000000e+02
2.829999999999998650e+01 7.131432271003723145e+01 3.300000000000000000e+01 1.190000000000000000e+02
2.925399999999999778e+01 7.131432271003723145e+01 3.400000000000000000e+01 1.260000000000000000e+02
3.152900000000003544e+01 7.131432271003723145e+01 3.500000000000000000e+01 1.820000000000000000e+02
3.232200000000003115e+01 7.131432271003723145e+01 3.600000000000000000e+01 2.120000000000000000e+02
3.241800000000002768e+01 7.131432271003723145e+01 3.700000000000000000e+01 2.090000000000000000e+02
3.345800000000004104e+01 7.131432271003723145e+01 3.800000000000000000e+01 2.550000000000000000e+02
3.453200000000005332e+01 7.131432271003723145e+01 3.900000000000000000e+01 2.260000000000000000e+02
3.479700000000006099e+01 7.131432271003723145e+01 4.000000000000000000e+01 1.980000000000000000e+02
3.539300000000005753e+01 7.131432271003723145e+01 4.100000000000000000e+01 2.220000000000000000e+02
3.686500000000002331e+01 7.131432271003723145e+01 4.200000000000000000e+01 2.310000000000000000e+02
3.686500000000002331e+01 7.131432271003723145e+01 4.300000000000000000e+01 2.170000000000000000e+02
3.732800000000003138e+01 7.131432271003723145e+01 4.400000000000000000e+01 1.930000000000000000e+02
3.834900000000004638e+01 7.131432271003723145e+01 4.500000000000000000e+01 1.360000000000000000e+02
4.023900000000000432e+01 7.131432271003723145e+01 4.600000000000000000e+01 3.080000000000000000e+02
4.130499999999994998e+01 7.131432271003723145e+01 4.700000000000000000e+01 2.050000000000000000e+02
4.170999999999995111e+01 7.131432271003723145e+01 4.800000000000000000e+01 1.930000000000000000e+02
4.247499999999994458e+01 7.131432271003723145e+01 4.900000000000000000e+01 2.660000000000000000e+02
4.426399999999983947e+01 7.131432271003723145e+01 5.000000000000000000e+01 2.200000000000000000e+02
4.503999999999982151e+01 7.131432271003723145e+01 5.100000000000000000e+01 1.930000000000000000e+02
4.616199999999980008e+01 7.131432271003723145e+01 5.200000000000000000e+01 7.100000000000000000e+01
4.826499999999997215e+01 7.131432271003723145e+01 5.300000000000000000e+01 1.470000000000000000e+02
4.975600000000001444e+01 7.131432271003723145e+01 5.400000000000000000e+01 1.250000000000000000e+02
5.070800000000004815e+01 7.131432271003723145e+01 5.500000000000000000e+01 6.100000000000000000e+01
5.324400000000021294e+01 7.131432271003723145e+01 5.600000000000000000e+01 1.400000000000000000e+02
5.378300000000020020e+01 7.131432271003723145e+01 5.700000000000000000e+01 1.770000000000000000e+02
5.553300000000032099e+01 7.131432271003723145e+01 5.800000000000000000e+01 1.570000000000000000e+02
5.611400000000031696e+01 7.131432271003723145e+01 5.900000000000000000e+01 2.380000000000000000e+02
5.777200000000048874e+01 7.131432271003723145e+01 6.000000000000000000e+01 2.450000000000000000e+02
5.929300000000051085e+01 7.131432271003723145e+01 6.100000000000000000e+01 3.060000000000000000e+02
6.032500000000059259e+01 7.131432271003723145e+01 6.200000000000000000e+01 5.640000000000000000e+02
6.143000000000066052e+01 7.131432271003723145e+01 6.300000000000000000e+01 4.430000000000000000e+02
6.255400000000073391e+01 7.131432271003723145e+01 6.400000000000000000e+01 2.720000000000000000e+02
6.333700000000075647e+01 7.131432271003723145e+01 6.500000000000000000e+01 6.300000000000000000e+02
6.465100000000079206e+01 7.131432271003723145e+01 6.600000000000000000e+01 1.970000000000000000e+02
6.552200000000082980e+01 7.131432271003723145e+01 6.700000000000000000e+01 8.720000000000000000e+02
6.685500000000088505e+01 7.131432271003723145e+01 6.800000000000000000e+01 7.880000000000000000e+02
6.789500000000091973e+01 7.131432271003723145e+01 6.900000000000000000e+01 6.950000000000000000e+02
6.945500000000095042e+01 7.131432271003723145e+01 7.000000000000000000e+01 5.390000000000000000e+02
7.052300000000099089e+01 7.131432271003723145e+01 7.100000000000000000e+01 4.730000000000000000e+02
7.116700000000102477e+01 7.131432271003723145e+01 7.200000000000000000e+01 5.120000000000000000e+02
7.131432271003723145e+01 7.131432271003723145e+01 0.000000000000000000e+00 0.000000000000000000e+00
7.131432271003723145e+01 7.131432271003723145e+01 0.000000000000000000e+00 0.000000000000000000e+00
4.347999999999998977e+00 6.862282085418701172e+01 0.000000000000000000e+00 2.000000000000000000e+00
5.143999999999998352e+00 6.862282085418701172e+01 1.000000000000000000e+00 6.000000000000000000e+00
6.308999999999997499e+00 6.862282085418701172e+01 2.000000000000000000e+00 4.000000000000000000e+00
7.633999999999996788e+00 6.862282085418701172e+01 3.000000000000000000e+00 7.000000000000000000e+00
8.555999999999995609e+00 6.862282085418701172e+01 4.000000000000000000e+00 8.000000000000000000e+00
9.101999999999994984e+00 6.862282085418701172e+01 5.000000000000000000e+00 1.200000000000000000e+01
1.033599999999999675e+01 6.862282085418701172e+01 6.000000000000000000e+00 1.500000000000000000e+01
1.085599999999999810e+01 6.862282085418701172e+01 7.000000000000000000e+00 1.600000000000000000e+01
1.100599999999999667e+01 6.862282085418701172e+01 8.000000000000000000e+00 1.100000000000000000e+01
1.201099999999999923e+01 6.862282085418701172e+01 9.000000000000000000e+00 4.100000000000000000e+01
1.249099999999999966e+01 6.862282085418701172e+01 1.000000000000000000e+01 2.400000000000000000e+01
1.311199999999999832e+01 6.862282085418701172e+01 1.100000000000000000e+01 5.100000000000000000e+01
1.357199999999999740e+01 6.862282085418701172e+01 1.200000000000000000e+01 4.000000000000000000e+01
1.464999999999999680e+01 6.862282085418701172e+01 1.300000000000000000e+01 5.300000000000000000e+01
1.479599999999999760e+01 6.862282085418701172e+01 1.400000000000000000e+01 7.200000000000000000e+01
1.485799999999999699e+01 6.862282085418701172e+01 1.500000000000000000e+01 9.600000000000000000e+01
1.581299999999999883e+01 6.862282085418701172e+01 1.600000000000000000e+01 6.100000000000000000e+01
1.637299999999999756e+01 6.862282085418701172e+01 1.700000000000000000e+01 8.500000000000000000e+01
1.702299999999999969e+01 6.862282085418701172e+01 1.800000000000000000e+01 1.040000000000000000e+02
1.777700000000000102e+01 6.862282085418701172e+01 1.900000000000000000e+01 7.300000000000000000e+01
1.837399999999999878e+01 6.862282085418701172e+01 2.000000000000000000e+01 8.600000000000000000e+01
1.875799999999999912e+01 6.862282085418701172e+01 2.100000000000000000e+01 1.530000000000000000e+02
1.927499999999999503e+01 6.862282085418701172e+01 2.200000000000000000e+01 1.460000000000000000e+02
1.986299999999999955e+01 6.862282085418701172e+01 2.300000000000000000e+01 1.120000000000000000e+02
2.082100000000000861e+01 6.862282085418701172e+01 2.400000000000000000e+01 1.100000000000000000e+02
2.139300000000001489e+01 6.862282085418701172e+01 2.500000000000000000e+01 1.090000000000000000e+02
2.226400000000001000e+01 6.862282085418701172e+01 2.600000000000000000e+01 1.230000000000000000e+02
2.264600000000001145e+01 6.862282085418701172e+01 2.700000000000000000e+01 1.510000000000000000e+02
2.329700000000001125e+01 6.862282085418701172e+01 2.800000000000000000e+01 1.940000000000000000e+02
2.383600000000000918e+01 6.862282085418701172e+01 2.900000000000000000e+01 2.020000000000000000e+02
2.472400000000001086e+01 6.862282085418701172e+01 3.000000000000000000e+01 1.570000000000000000e+02
2.569300000000001205e+01 6.862282085418701172e+01 3.100000000000000000e+01 1.370000000000000000e+02
2.594200000000001083e+01 6.862282085418701172e+01 3.200000000000000000e+01 1.680000000000000000e+02
2.667800000000002214e+01 6.862282085418701172e+01 3.300000000000000000e+01 1.780000000000000000e+02
2.753400000000003445e+01 6.862282085418701172e+01 3.400000000000000000e+01 1.470000000000000000e+02
2.768000000000003524e+01 6.862282085418701172e+01 3.500000000000000000e+01 2.020000000000000000e+02
2.843700000000003314e+01 6.862282085418701172e+01 3.600000000000000000e+01 1.210000000000000000e+02
2.889900000000003288e+01 6.862282085418701172e+01 3.700000000000000000e+01 3.160000000000000000e+02
2.973800000000003863e+01 6.862282085418701172e+01 3.800000000000000000e+01 2.100000000000000000e+02
3.059600000000003206e+01 6.862282085418701172e+01 3.900000000000000000e+01 1.250000000000000000e+02
3.110800000000002896e+01 6.862282085418701172e+01 4.000000000000000000e+01 2.490000000000000000e+02
3.165500000000001890e+01 6.862282085418701172e+01 4.100000000000000000e+01 1.770000000000000000e+02
3.421999999999997755e+01 6.862282085418701172e+01 4.200000000000000000e+01 4.070000000000000000e+02
3.572099999999992548e+01 6.862282085418701172e+01 4.300000000000000000e+01 2.510000000000000000e+02
3.601499999999992241e+01 6.862282085418701172e+01 4.400000000000000000e+01 2.960000000000000000e+02
3.686199999999995214e+01 6.862282085418701172e+01 4.500000000000000000e+01 3.680000000000000000e+02
3.810999999999992838e+01 6.862282085418701172e+01 4.600000000000000000e+01 3.470000000000000000e+02
3.855399999999989546e+01 6.862282085418701172e+01 4.700000000000000000e+01 2.970000000000000000e+02
4.026499999999987267e+01 6.862282085418701172e+01 4.800000000000000000e+01 2.310000000000000000e+02
4.152599999999986125e+01 6.862282085418701172e+01 4.900000000000000000e+01 3.120000000000000000e+02
4.362399999999973232e+01 6.862282085418701172e+01 5.000000000000000000e+01 3.050000000000000000e+02
4.410599999999972454e+01 6.862282085418701172e+01 5.100000000000000000e+01 2.440000000000000000e+02
4.536699999999969179e+01 6.862282085418701172e+01 5.200000000000000000e+01 2.170000000000000000e+02
4.619799999999975171e+01 6.862282085418701172e+01 5.300000000000000000e+01 2.800000000000000000e+02
4.725499999999978940e+01 6.862282085418701172e+01 5.400000000000000000e+01 1.870000000000000000e+02
4.890499999999986613e+01 6.862282085418701172e+01 5.500000000000000000e+01 1.710000000000000000e+02
4.965999999999988290e+01 6.862282085418701172e+01 5.600000000000000000e+01 2.690000000000000000e+02
5.035599999999985243e+01 6.862282085418701172e+01 5.700000000000000000e+01 3.450000000000000000e+02
5.149899999999993838e+01 6.862282085418701172e+01 5.800000000000000000e+01 2.070000000000000000e+02
5.329499999999983828e+01 6.862282085418701172e+01 5.900000000000000000e+01 4.310000000000000000e+02
5.370099999999987972e+01 6.862282085418701172e+01 6.000000000000000000e+01 2.290000000000000000e+02
5.477299999999985403e+01 6.862282085418701172e+01 6.100000000000000000e+01 4.560000000000000000e+02
5.570299999999993190e+01 6.862282085418701172e+01 6.200000000000000000e+01 2.360000000000000000e+02
5.640499999999997982e+01 6.862282085418701172e+01 6.300000000000000000e+01 2.400000000000000000e+02
5.818700000000004025e+01 6.862282085418701172e+01 6.400000000000000000e+01 1.150000000000000000e+02
5.934100000000008635e+01 6.862282085418701172e+01 6.500000000000000000e+01 1.680000000000000000e+02
6.050400000000013279e+01 6.862282085418701172e+01 6.600000000000000000e+01 1.970000000000000000e+02
6.168800000000017292e+01 6.862282085418701172e+01 6.700000000000000000e+01 1.340000000000000000e+02
6.241500000000021942e+01 6.862282085418701172e+01 6.800000000000000000e+01 1.760000000000000000e+02
6.445300000000027296e+01 6.862282085418701172e+01 6.900000000000000000e+01 1.530000000000000000e+02
6.573500000000031207e+01 6.862282085418701172e+01 7.000000000000000000e+01 2.180000000000000000e+02
6.712500000000036948e+01 6.862282085418701172e+01 7.100000000000000000e+01 1.090000000000000000e+02
6.846800000000042985e+01 6.862282085418701172e+01 7.200000000000000000e+01 1.020000000000000000e+02
6.862282085418701172e+01 6.862282085418701172e+01 0.000000000000000000e+00 0.000000000000000000e+00
6.862282085418701172e+01 6.862282085418701172e+01 0.000000000000000000e+00 0.000000000000000000e+00
3.597000000000000419e+00 7.407495641708374023e+01 0.000000000000000000e+00 0.000000000000000000e+00
5.617000000000000881e+00 7.407495641708374023e+01 1.000000000000000000e+00 0.000000000000000000e+00
7.191000000000001613e+00 7.407495641708374023e+01 2.000000000000000000e+00 7.000000000000000000e+00
8.526000000000001577e+00 7.407495641708374023e+01 3.000000000000000000e+00 2.100000000000000000e+01
9.088000000000000966e+00 7.407495641708374023e+01 4.000000000000000000e+00 2.100000000000000000e+01
9.634999999999999787e+00 7.407495641708374023e+01 5.000000000000000000e+00 4.700000000000000000e+01
1.034699999999999775e+01 7.407495641708374023e+01 6.000000000000000000e+00 3.900000000000000000e+01
1.052299999999999791e+01 7.407495641708374023e+01 7.000000000000000000e+00 3.300000000000000000e+01
1.086099999999999710e+01 7.407495641708374023e+01 8.000000000000000000e+00 3.400000000000000000e+01
1.168099999999999739e+01 7.407495641708374023e+01 9.000000000000000000e+00 2.900000000000000000e+01
1.232199999999999918e+01 7.407495641708374023e+01 1.000000000000000000e+01 3.100000000000000000e+01
1.248099999999999987e+01 7.407495641708374023e+01 1.100000000000000000e+01 5.100000000000000000e+01
1.308899999999999864e+01 7.407495641708374023e+01 1.200000000000000000e+01 3.600000000000000000e+01
1.364600000000000080e+01 7.407495641708374023e+01 1.300000000000000000e+01 6.800000000000000000e+01
1.360300000000000153e+01 7.407495641708374023e+01 1.400000000000000000e+01 5.100000000000000000e+01
1.480799999999999805e+01 7.407495641708374023e+01 1.500000000000000000e+01 6.100000000000000000e+01
1.494499999999999851e+01 7.407495641708374023e+01 1.600000000000000000e+01 6.500000000000000000e+01
1.547100000000000009e+01 7.407495641708374023e+01 1.700000000000000000e+01 6.400000000000000000e+01
1.624000000000000199e+01 7.407495641708374023e+01 1.800000000000000000e+01 6.100000000000000000e+01
1.648499999999999943e+01 7.407495641708374023e+01 1.900000000000000000e+01 7.900000000000000000e+01
1.685999999999999943e+01 7.407495641708374023e+01 2.000000000000000000e+01 7.200000000000000000e+01
1.736599999999999966e+01 7.407495641708374023e+01 2.100000000000000000e+01 5.600000000000000000e+01
1.858199999999999719e+01 7.407495641708374023e+01 2.200000000000000000e+01 9.600000000000000000e+01
1.924300000000000210e+01 7.407495641708374023e+01 2.300000000000000000e+01 8.100000000000000000e+01
1.981200000000001182e+01 7.407495641708374023e+01 2.400000000000000000e+01 5.600000000000000000e+01
2.122700000000002163e+01 7.407495641708374023e+01 2.500000000000000000e+01 1.140000000000000000e+02
2.195400000000002194e+01 7.407495641708374023e+01 2.600000000000000000e+01 1.010000000000000000e+02
2.193000000000002458e+01 7.407495641708374023e+01 2.700000000000000000e+01 9.400000000000000000e+01
2.322900000000001697e+01 7.407495641708374023e+01 2.800000000000000000e+01 9.500000000000000000e+01
2.362900000000001199e+01 7.407495641708374023e+01 2.900000000000000000e+01 1.040000000000000000e+02
2.396300000000001518e+01 7.407495641708374023e+01 3.000000000000000000e+01 1.240000000000000000e+02
2.454700000000001125e+01 7.407495641708374023e+01 3.100000000000000000e+01 9.700000000000000000e+01
2.534899999999999665e+01 7.407495641708374023e+01 3.200000000000000000e+01 1.230000000000000000e+02
2.635300000000001219e+01 7.407495641708374023e+01 3.300000000000000000e+01 1.390000000000000000e+02
2.702100000000002566e+01 7.407495641708374023e+01 3.400000000000000000e+01 1.600000000000000000e+02
2.802000000000004221e+01 7.407495641708374023e+01 3.500000000000000000e+01 1.360000000000000000e+02
2.816000000000004277e+01 7.407495641708374023e+01 3.600000000000000000e+01 1.220000000000000000e+02
2.888400000000004297e+01 7.407495641708374023e+01 3.700000000000000000e+01 1.590000000000000000e+02
3.039700000000002333e+01 7.407495641708374023e+01 3.800000000000000000e+01 1.890000000000000000e+02
3.040800000000001901e+01 7.407495641708374023e+01 3.900000000000000000e+01 1.170000000000000000e+02
3.173500000000000654e+01 7.407495641708374023e+01 4.000000000000000000e+01 1.790000000000000000e+02
3.235600000000000875e+01 7.407495641708374023e+01 4.100000000000000000e+01 1.750000000000000000e+02
3.339899999999996538e+01 7.407495641708374023e+01 4.200000000000000000e+01 1.940000000000000000e+02
3.503799999999992565e+01 7.407495641708374023e+01 4.300000000000000000e+01 1.800000000000000000e+02
3.643299999999996430e+01 7.407495641708374023e+01 4.400000000000000000e+01 1.530000000000000000e+02
3.760999999999997812e+01 7.407495641708374023e+01 4.500000000000000000e+01 1.340000000000000000e+02
3.906999999999994344e+01 7.407495641708374023e+01 4.600000000000000000e+01 1.450000000000000000e+02
3.983499999999988006e+01 7.407495641708374023e+01 4.700000000000000000e+01 2.970000000000000000e+02
4.102199999999989188e+01 7.407495641708374023e+01 4.800000000000000000e+01 2.700000000000000000e+01
4.317299999999986682e+01 7.407495641708374023e+01 4.900000000000000000e+01 8.600000000000000000e+01
4.478399999999975734e+01 7.407495641708374023e+01 5.000000000000000000e+01 7.600000000000000000e+01
4.669399999999976814e+01 7.407495641708374023e+01 5.100000000000000000e+01 1.420000000000000000e+02
4.778499999999973369e+01 7.407495641708374023e+01 5.200000000000000000e+01 2.530000000000000000e+02
4.953499999999986869e+01 7.407495641708374023e+01 5.300000000000000000e+01 1.850000000000000000e+02
4.995599999999988938e+01 7.407495641708374023e+01 5.400000000000000000e+01 1.970000000000000000e+02
5.140899999999993497e+01 7.407495641708374023e+01 5.500000000000000000e+01 2.680000000000000000e+02
5.228699999999998482e+01 7.407495641708374023e+01 5.600000000000000000e+01 1.950000000000000000e+02
5.411699999999992627e+01 7.407495641708374023e+01 5.700000000000000000e+01 1.930000000000000000e+02
5.460899999999996624e+01 7.407495641708374023e+01 5.800000000000000000e+01 4.160000000000000000e+02
5.568599999999992178e+01 7.407495641708374023e+01 5.900000000000000000e+01 4.270000000000000000e+02
5.638400000000000034e+01 7.407495641708374023e+01 6.000000000000000000e+01 2.220000000000000000e+02
5.776800000000000068e+01 7.407495641708374023e+01 6.100000000000000000e+01 2.270000000000000000e+02
5.851500000000005741e+01 7.407495641708374023e+01 6.200000000000000000e+01 1.490000000000000000e+02
6.014000000000014978e+01 7.407495641708374023e+01 6.300000000000000000e+01 1.350000000000000000e+02
6.171300000000021413e+01 7.407495641708374023e+01 6.400000000000000000e+01 1.270000000000000000e+02
6.312800000000027012e+01 7.407495641708374023e+01 6.500000000000000000e+01 8.600000000000000000e+01
6.448000000000031662e+01 7.407495641708374023e+01 6.600000000000000000e+01 4.600000000000000000e+01
6.621900000000037778e+01 7.407495641708374023e+01 6.700000000000000000e+01 0.000000000000000000e+00
6.811600000000045441e+01 7.407495641708374023e+01 6.800000000000000000e+01 4.600000000000000000e+01
7.007700000000050977e+01 7.407495641708374023e+01 6.900000000000000000e+01 6.300000000000000000e+01
7.136300000000056798e+01 7.407495641708374023e+01 7.000000000000000000e+01 8.200000000000000000e+01
7.273200000000061038e+01 7.407495641708374023e+01 7.100000000000000000e+01 1.340000000000000000e+02
7.407400000000066598e+01 7.407495641708374023e+01 7.200000000000000000e+01 1.240000000000000000e+02
7.407495641708374023e+01 7.407495641708374023e+01 0.000000000000000000e+00 0.000000000000000000e+00
7.407495641708374023e+01 7.407495641708374023e+01 0.000000000000000000e+00 0.000000000000000000e+00
3.971999999999999975e+00 6.951499676704406738e+01 0.000000000000000000e+00 8.000000000000000000e+00
4.978999999999999204e+00 6.951499676704406738e+01 1.000000000000000000e+00 1.800000000000000000e+01
5.569999999999999396e+00 6.951499676704406738e+01 2.000000000000000000e+00 8.000000000000000000e+00
6.908000000000000362e+00 6.951499676704406738e+01 3.000000000000000000e+00 1.900000000000000000e+01
7.280999999999999694e+00 6.951499676704406738e+01 4.000000000000000000e+00 2.600000000000000000e+01
7.838000000000000078e+00 6.951499676704406738e+01 5.000000000000000000e+00 2.200000000000000000e+01
8.549000000000001265e+00 6.951499676704406738e+01 6.000000000000000000e+00 2.300000000000000000e+01
8.724000000000001975e+00 6.951499676704406738e+01 7.000000000000000000e+00 3.100000000000000000e+01
9.063000000000002387e+00 6.951499676704406738e+01 8.000000000000000000e+00 4.100000000000000000e+01
9.556000000000002714e+00 6.951499676704406738e+01 9.000000000000000000e+00 2.400000000000000000e+01
1.035400000000000276e+01 6.951499676704406738e+01 1.000000000000000000e+01 3.300000000000000000e+01
1.128400000000000247e+01 6.951499676704406738e+01 1.100000000000000000e+01 3.500000000000000000e+01
1.173900000000000254e+01 6.951499676704406738e+01 1.200000000000000000e+01 3.000000000000000000e+01
1.261800000000000566e+01 6.951499676704406738e+01 1.300000000000000000e+01 6.400000000000000000e+01
1.285300000000000509e+01 6.951499676704406738e+01 1.400000000000000000e+01 3.100000000000000000e+01
1.415800000000000480e+01 6.951499676704406738e+01 1.500000000000000000e+01 7.800000000000000000e+01
1.510100000000000442e+01 6.951499676704406738e+01 1.600000000000000000e+01 6.300000000000000000e+01
1.601600000000000534e+01 6.951499676704406738e+01 1.700000000000000000e+01 9.300000000000000000e+01
1.665200000000000813e+01 6.951499676704406738e+01 1.800000000000000000e+01 7.000000000000000000e+01
1.820000000000000284e+01 6.951499676704406738e+01 1.900000000000000000e+01 1.000000000000000000e+02
1.921800000000000708e+01 6.951499676704406738e+01 2.000000000000000000e+01 1.320000000000000000e+02
1.921800000000000708e+01 6.951499676704406738e+01 2.100000000000000000e+01 1.260000000000000000e+02
1.990000000000000213e+01 6.951499676704406738e+01 2.200000000000000000e+01 1.190000000000000000e+02
2.055700000000000927e+01 6.951499676704406738e+01 2.300000000000000000e+01 1.480000000000000000e+02
2.087500000000001066e+01 6.951499676704406738e+01 2.400000000000000000e+01 1.230000000000000000e+02
2.149200000000001154e+01 6.951499676704406738e+01 2.500000000000000000e+01 1.120000000000000000e+02
2.199700000000001054e+01 6.951499676704406738e+01 2.600000000000000000e+01 1.040000000000000000e+02
2.285700000000000642e+01 6.951499676704406738e+01 2.700000000000000000e+01 1.400000000000000000e+02
2.321500000000000341e+01 6.951499676704406738e+01 2.800000000000000000e+01 1.720000000000000000e+02
2.448499999999999588e+01 6.951499676704406738e+01 2.900000000000000000e+01 2.040000000000000000e+02
2.542999999999998906e+01 6.951499676704406738e+01 3.000000000000000000e+01 1.570000000000000000e+02
2.559999999999998721e+01 6.951499676704406738e+01 3.100000000000000000e+01 1.200000000000000000e+02
2.607399999999998386e+01 6.951499676704406738e+01 3.200000000000000000e+01 1.480000000000000000e+02
2.708299999999999841e+01 6.951499676704406738e+01 3.300000000000000000e+01 1.340000000000000000e+02
2.716199999999999903e+01 6.951499676704406738e+01 3.400000000000000000e+01 7.900000000000000000e+01
2.767700000000001026e+01 6.951499676704406738e+01 3.500000000000000000e+01 1.830000000000000000e+02
2.882500000000002416e+01 6.951499676704406738e+01 3.600000000000000000e+01 6.500000000000000000e+01
2.883500000000002572e+01 6.951499676704406738e+01 3.700000000000000000e+01 1.540000000000000000e+02
2.997100000000002140e+01 6.951499676704406738e+01 3.800000000000000000e+01 1.090000000000000000e+02
3.051200000000001111e+01 6.951499676704406738e+01 3.900000000000000000e+01 1.310000000000000000e+02
3.109800000000000253e+01 6.951499676704406738e+01 4.000000000000000000e+01 1.840000000000000000e+02
3.177699999999999392e+01 6.951499676704406738e+01 4.100000000000000000e+01 1.890000000000000000e+02
3.270699999999997232e+01 6.951499676704406738e+01 4.200000000000000000e+01 2.250000000000000000e+02
3.345199999999994844e+01 6.951499676704406738e+01 4.300000000000000000e+01 2.540000000000000000e+02
3.495499999999995566e+01 6.951499676704406738e+01 4.400000000000000000e+01 1.710000000000000000e+02
3.643799999999995975e+01 6.951499676704406738e+01 4.500000000000000000e+01 3.380000000000000000e+02
3.755999999999992411e+01 6.951499676704406738e+01 4.600000000000000000e+01 2.150000000000000000e+02
3.827299999999988245e+01 6.951499676704406738e+01 4.700000000000000000e+01 4.550000000000000000e+02
3.883299999999989893e+01 6.951499676704406738e+01 4.800000000000000000e+01 3.290000000000000000e+02
4.001299999999987733e+01 6.951499676704406738e+01 4.900000000000000000e+01 1.990000000000000000e+02
4.074399999999982924e+01 6.951499676704406738e+01 5.000000000000000000e+01 3.260000000000000000e+02
4.222799999999983811e+01 6.951499676704406738e+01 5.100000000000000000e+01 1.410000000000000000e+02
4.359399999999979514e+01 6.951499676704406738e+01 5.200000000000000000e+01 4.140000000000000000e+02
4.479299999999990689e+01 6.951499676704406738e+01 5.300000000000000000e+01 9.900000000000000000e+01
4.686699999999993338e+01 6.951499676704406738e+01 5.400000000000000000e+01 7.700000000000000000e+01
4.771699999999997033e+01 6.951499676704406738e+01 5.500000000000000000e+01 1.380000000000000000e+02
4.899299999999997368e+01 6.951499676704406738e+01 5.600000000000000000e+01 6.100000000000000000e+01
5.007800000000001717e+01 6.951499676704406738e+01 5.700000000000000000e+01 8.800000000000000000e+01
5.100100000000004030e+01 6.951499676704406738e+01 5.800000000000000000e+01 8.000000000000000000e+01
5.212000000000006850e+01 6.951499676704406738e+01 5.900000000000000000e+01 6.600000000000000000e+01
5.394400000000012341e+01 6.951499676704406738e+01 6.000000000000000000e+01 1.530000000000000000e+02
5.493800000000010897e+01 6.951499676704406738e+01 6.100000000000000000e+01 2.160000000000000000e+02
5.595600000000015939e+01 6.951499676704406738e+01 6.200000000000000000e+01 2.710000000000000000e+02
5.727700000000024971e+01 6.951499676704406738e+01 6.300000000000000000e+01 2.090000000000000000e+02
5.793500000000029360e+01 6.951499676704406738e+01 6.400000000000000000e+01 2.020000000000000000e+02
5.941300000000033776e+01 6.951499676704406738e+01 6.500000000000000000e+01 1.540000000000000000e+02
6.026800000000037727e+01 6.951499676704406738e+01 6.600000000000000000e+01 1.860000000000000000e+02
6.162300000000042388e+01 6.951499676704406738e+01 6.700000000000000000e+01 1.440000000000000000e+02
6.317500000000048743e+01 6.951499676704406738e+01 6.800000000000000000e+01 1.700000000000000000e+02
6.482900000000054774e+01 6.951499676704406738e+01 6.900000000000000000e+01 1.590000000000000000e+02
6.609900000000060061e+01 6.951499676704406738e+01 7.000000000000000000e+01 8.500000000000000000e+01
6.790600000000065961e+01 6.951499676704406738e+01 7.100000000000000000e+01 4.600000000000000000e+01
6.927500000000073044e+01 6.951499676704406738e+01 7.200000000000000000e+01 1.500000000000000000e+01
6.951499676704406738e+01 6.951499676704406738e+01 0.000000000000000000e+00 0.000000000000000000e+00
6.951499676704406738e+01 6.951499676704406738e+01 0.000000000000000000e+00 0.000000000000000000e+00
3.818999999999999506e+00 6.990382933616638184e+01 0.000000000000000000e+00 0.000000000000000000e+00
4.821999999999999176e+00 6.990382933616638184e+01 1.000000000000000000e+00 1.000000000000000000e+01
5.626999999999999780e+00 6.990382933616638184e+01 2.000000000000000000e+00 9.000000000000000000e+00
6.782999999999999474e+00 6.990382933616638184e+01 3.000000000000000000e+00 1.100000000000000000e+01
7.719999999999998863e+00 6.990382933616638184e+01 4.000000000000000000e+00 2.500000000000000000e+01
8.269999999999999574e+00 6.990382933616638184e+01 5.000000000000000000e+00 2.500000000000000000e+01
8.800000000000000711e+00 6.990382933616638184e+01 6.000000000000000000e+00 2.500000000000000000e+01
9.658000000000001251e+00 6.990382933616638184e+01 7.000000000000000000e+00 4.500000000000000000e+01
9.801999999999999602e+00 6.990382933616638184e+01 8.000000000000000000e+00 3.200000000000000000e+01
1.048799999999999955e+01 6.990382933616638184e+01 9.000000000000000000e+00 4.600000000000000000e+01
1.095200000000000173e+01 6.990382933616638184e+01 1.000000000000000000e+01 4.800000000000000000e+01
1.128600000000000314e+01 6.990382933616638184e+01 1.100000000000000000e+01 5.200000000000000000e+01
1.176000000000000334e+01 6.990382933616638184e+01 1.200000000000000000e+01 5.700000000000000000e+01
1.280600000000000449e+01 6.990382933616638184e+01 1.300000000000000000e+01 4.700000000000000000e+01
1.324100000000000321e+01 6.990382933616638184e+01 1.400000000000000000e+01 5.100000000000000000e+01
1.394000000000000306e+01 6.990382933616638184e+01 1.500000000000000000e+01 7.500000000000000000e+01
1.416000000000000192e+01 6.990382933616638184e+01 1.600000000000000000e+01 5.300000000000000000e+01
1.476300000000000168e+01 6.990382933616638184e+01 1.700000000000000000e+01 7.200000000000000000e+01
1.540200000000000102e+01 6.990382933616638184e+01 1.800000000000000000e+01 8.700000000000000000e+01
1.663000000000000256e+01 6.990382933616638184e+01 1.900000000000000000e+01 6.600000000000000000e+01
1.706899999999999906e+01 6.990382933616638184e+01 2.000000000000000000e+01 1.200000000000000000e+02
1.803899999999999793e+01 6.990382933616638184e+01 2.100000000000000000e+01 7.700000000000000000e+01
1.872099999999999298e+01 6.990382933616638184e+01 2.200000000000000000e+01 1.060000000000000000e+02
1.938299999999999201e+01 6.990382933616638184e+01 2.300000000000000000e+01 7.800000000000000000e+01
2.034499999999999531e+01 6.990382933616638184e+01 2.400000000000000000e+01 1.080000000000000000e+02
2.044999999999999574e+01 6.990382933616638184e+01 2.500000000000000000e+01 1.350000000000000000e+02
2.154899999999999949e+01 6.990382933616638184e+01 2.600000000000000000e+01 7.300000000000000000e+01
2.231799999999999784e+01 6.990382933616638184e+01 2.700000000000000000e+01 1.000000000000000000e+02
2.314899999999999380e+01 6.990382933616638184e+01 2.800000000000000000e+01 1.420000000000000000e+02
2.389599999999998658e+01 6.990382933616638184e+01 2.900000000000000000e+01 1.710000000000000000e+02
2.538299999999997425e+01 6.990382933616638184e+01 3.000000000000000000e+01 1.690000000000000000e+02
2.617299999999996274e+01 6.990382933616638184e+01 3.100000000000000000e+01 1.170000000000000000e+02
2.703999999999996362e+01 6.990382933616638184e+01 3.200000000000000000e+01 1.330000000000000000e+02
2.773099999999996967e+01 6.990382933616638184e+01 3.300000000000000000e+01 2.310000000000000000e+02
2.812099999999997024e+01 6.990382933616638184e+01 3.400000000000000000e+01 1.500000000000000000e+02
2.883899999999998087e+01 6.990382933616638184e+01 3.500000000000000000e+01 1.810000000000000000e+02
2.867999999999997840e+01 6.990382933616638184e+01 3.600000000000000000e+01 1.650000000000000000e+02
2.952199999999998781e+01 6.990382933616638184e+01 3.700000000000000000e+01 2.460000000000000000e+02
3.024299999999999145e+01 6.990382933616638184e+01 3.800000000000000000e+01 1.910000000000000000e+02
3.048399999999999110e+01 6.990382933616638184e+01 3.900000000000000000e+01 1.650000000000000000e+02
3.086699999999998667e+01 6.990382933616638184e+01 4.000000000000000000e+01 2.260000000000000000e+02
3.185799999999997922e+01 6.990382933616638184e+01 4.100000000000000000e+01 1.520000000000000000e+02
3.290999999999996817e+01 6.990382933616638184e+01 4.200000000000000000e+01 2.740000000000000000e+02
3.318699999999996919e+01 6.990382933616638184e+01 4.300000000000000000e+01 2.080000000000000000e+02
3.369099999999995987e+01 6.990382933616638184e+01 4.400000000000000000e+01 2.570000000000000000e+02
3.484699999999996578e+01 6.990382933616638184e+01 4.500000000000000000e+01 1.820000000000000000e+02
3.562799999999996459e+01 6.990382933616638184e+01 4.600000000000000000e+01 3.720000000000000000e+02
3.653399999999991365e+01 6.990382933616638184e+01 4.700000000000000000e+01 2.020000000000000000e+02
3.811099999999990473e+01 6.990382933616638184e+01 4.800000000000000000e+01 3.020000000000000000e+02
3.921299999999990149e+01 6.990382933616638184e+01 4.900000000000000000e+01 3.080000000000000000e+02
3.991799999999985005e+01 6.990382933616638184e+01 5.000000000000000000e+01 2.030000000000000000e+02
4.091699999999983817e+01 6.990382933616638184e+01 5.100000000000000000e+01 3.270000000000000000e+02
4.219099999999979644e+01 6.990382933616638184e+01 5.200000000000000000e+01 5.060000000000000000e+02
4.276199999999982282e+01 6.990382933616638184e+01 5.300000000000000000e+01 2.510000000000000000e+02
4.420999999999984453e+01 6.990382933616638184e+01 5.400000000000000000e+01 1.680000000000000000e+02
4.548499999999987864e+01 6.990382933616638184e+01 5.500000000000000000e+01 1.910000000000000000e+02
4.725699999999997658e+01 6.990382933616638184e+01 5.600000000000000000e+01 5.210000000000000000e+02
4.825399999999992673e+01 6.990382933616638184e+01 5.700000000000000000e+01 2.810000000000000000e+02
4.962100000000002353e+01 6.990382933616638184e+01 5.800000000000000000e+01 3.600000000000000000e+02
5.095699999999997942e+01 6.990382933616638184e+01 5.900000000000000000e+01 1.740000000000000000e+02
5.181900000000005235e+01 6.990382933616638184e+01 6.000000000000000000e+01 2.700000000000000000e+02
5.336900000000007083e+01 6.990382933616638184e+01 6.100000000000000000e+01 2.150000000000000000e+02
5.514800000000018798e+01 6.990382933616638184e+01 6.200000000000000000e+01 2.290000000000000000e+02
5.617000000000027882e+01 6.990382933616638184e+01 6.300000000000000000e+01 8.800000000000000000e+01
5.792000000000037119e+01 6.990382933616638184e+01 6.400000000000000000e+01 4.300000000000000000e+01
5.925800000000042189e+01 6.990382933616638184e+01 6.500000000000000000e+01 1.500000000000000000e+01
6.118300000000050431e+01 6.990382933616638184e+01 6.600000000000000000e+01 4.900000000000000000e+01
6.268000000000055394e+01 6.990382933616638184e+01 6.700000000000000000e+01 2.700000000000000000e+01
6.440500000000061220e+01 6.990382933616638184e+01 6.800000000000000000e+01 1.130000000000000000e+02
6.558500000000066166e+01 6.990382933616638184e+01 6.900000000000000000e+01 1.880000000000000000e+02
6.718000000000071736e+01 6.990382933616638184e+01 7.000000000000000000e+01 8.900000000000000000e+01
6.818900000000076034e+01 6.990382933616638184e+01 7.100000000000000000e+01 8.000000000000000000e+01
6.977000000000082025e+01 6.990382933616638184e+01 7.200000000000000000e+01 1.530000000000000000e+02
6.990382933616638184e+01 6.990382933616638184e+01 0.000000000000000000e+00 0.000000000000000000e+00
6.990382933616638184e+01 6.990382933616638184e+01 0.000000000000000000e+00 0.000000000000000000e+00
4.434000000000001052e+00 7.876126241683959961e+01 0.000000000000000000e+00 2.000000000000000000e+00
5.433000000000001606e+00 7.876126241683959961e+01 1.000000000000000000e+00 9.000000000000000000e+00
5.828000000000002068e+00 7.876126241683959961e+01 2.000000000000000000e+00 1.800000000000000000e+01
6.424000000000002153e+00 7.876126241683959961e+01 3.000000000000000000e+00 9.000000000000000000e+00
7.168000000000001926e+00 7.876126241683959961e+01 4.000000000000000000e+00 1.500000000000000000e+01
7.883000000000001783e+00 7.876126241683959961e+01 5.000000000000000000e+00 1.600000000000000000e+01
9.327000000000001734e+00 7.876126241683959961e+01 6.000000000000000000e+00 2.400000000000000000e+01
1.003200000000000180e+01 7.876126241683959961e+01 7.000000000000000000e+00 2.700000000000000000e+01
1.071500000000000341e+01 7.876126241683959961e+01 8.000000000000000000e+00 5.900000000000000000e+01
1.121400000000000396e+01 7.876126241683959961e+01 9.000000000000000000e+00 2.900000000000000000e+01
1.154100000000000392e+01 7.876126241683959961e+01 1.000000000000000000e+01 2.500000000000000000e+01
1.232000000000000206e+01 7.876126241683959961e+01 1.100000000000000000e+01 3.200000000000000000e+01
1.262500000000000178e+01 7.876126241683959961e+01 1.200000000000000000e+01 3.100000000000000000e+01
1.321200000000000152e+01 7.876126241683959961e+01 1.300000000000000000e+01 7.400000000000000000e+01
1.408999999999999986e+01 7.876126241683959961e+01 1.400000000000000000e+01 3.800000000000000000e+01
1.424000000000000021e+01 7.876126241683959961e+01 1.500000000000000000e+01 3.700000000000000000e+01
1.480300000000000260e+01 7.876126241683959961e+01 1.600000000000000000e+01 5.900000000000000000e+01
1.526400000000000112e+01 7.876126241683959961e+01 1.700000000000000000e+01 5.000000000000000000e+01
1.598700000000000365e+01 7.876126241683959961e+01 1.800000000000000000e+01 5.100000000000000000e+01
1.661200000000000543e+01 7.876126241683959961e+01 1.900000000000000000e+01 8.700000000000000000e+01
1.781300000000000239e+01 7.876126241683959961e+01 2.000000000000000000e+01 5.900000000000000000e+01
1.817000000000000526e+01 7.876126241683959961e+01 2.100000000000000000e+01 3.100000000000000000e+01
1.900399999999999423e+01 7.876126241683959961e+01 2.200000000000000000e+01 7.900000000000000000e+01
2.006199999999999406e+01 7.876126241683959961e+01 2.300000000000000000e+01 8.900000000000000000e+01
2.050799999999998846e+01 7.876126241683959961e+01 2.400000000000000000e+01 1.360000000000000000e+02
2.142499999999999361e+01 7.876126241683959961e+01 2.500000000000000000e+01 9.500000000000000000e+01
2.285199999999999321e+01 7.876126241683959961e+01 2.600000000000000000e+01 7.100000000000000000e+01
2.382799999999999230e+01 7.876126241683959961e+01 2.700000000000000000e+01 7.400000000000000000e+01
2.429499999999999460e+01 7.876126241683959961e+01 2.800000000000000000e+01 7.000000000000000000e+01
2.525699999999998724e+01 7.876126241683959961e+01 2.900000000000000000e+01 5.200000000000000000e+01
2.597999999999998977e+01 7.876126241683959961e+01 3.000000000000000000e+01 7.100000000000000000e+01
2.690099999999998559e+01 7.876126241683959961e+01 3.100000000000000000e+01 1.020000000000000000e+02
2.767299999999998406e+01 7.876126241683959961e+01 3.200000000000000000e+01 1.520000000000000000e+02
2.830599999999999028e+01 7.876126241683959961e+01 3.300000000000000000e+01 1.410000000000000000e+02
2.959000000000000696e+01 7.876126241683959961e+01 3.400000000000000000e+01 1.310000000000000000e+02
2.991300000000000736e+01 7.876126241683959961e+01 3.500000000000000000e+01 1.450000000000000000e+02
3.054700000000001125e+01 7.876126241683959961e+01 3.600000000000000000e+01 1.390000000000000000e+02
3.135600000000001231e+01 7.876126241683959961e+01 3.700000000000000000e+01 1.360000000000000000e+02
3.295700000000001495e+01 7.876126241683959961e+01 3.800000000000000000e+01 9.700000000000000000e+01
3.424900000000003786e+01 7.876126241683959961e+01 3.900000000000000000e+01 2.190000000000000000e+02
3.523500000000004917e+01 7.876126241683959961e+01 4.000000000000000000e+01 1.350000000000000000e+02
3.607600000000004314e+01 7.876126241683959961e+01 4.100000000000000000e+01 1.510000000000000000e+02
3.695000000000003126e+01 7.876126241683959961e+01 4.200000000000000000e+01 1.090000000000000000e+02
3.829900000000000659e+01 7.876126241683959961e+01 4.300000000000000000e+01 1.470000000000000000e+02
3.964800000000001035e+01 7.876126241683959961e+01 4.400000000000000000e+01 1.740000000000000000e+02
4.105600000000001160e+01 7.876126241683959961e+01 4.500000000000000000e+01 1.060000000000000000e+02
4.291699999999998738e+01 7.876126241683959961e+01 4.600000000000000000e+01 7.100000000000000000e+01
4.413999999999992951e+01 7.876126241683959961e+01 4.700000000000000000e+01 2.210000000000000000e+02
4.544499999999995055e+01 7.876126241683959961e+01 4.800000000000000000e+01 9.700000000000000000e+01
4.748099999999992349e+01 7.876126241683959961e+01 4.900000000000000000e+01 1.130000000000000000e+02
4.862099999999982458e+01 7.876126241683959961e+01 5.000000000000000000e+01 1.920000000000000000e+02
5.109299999999980457e+01 7.876126241683959961e+01 5.100000000000000000e+01 1.890000000000000000e+02
5.141899999999979087e+01 7.876126241683959961e+01 5.200000000000000000e+01 1.970000000000000000e+02
5.283599999999988484e+01 7.876126241683959961e+01 5.300000000000000000e+01 1.780000000000000000e+02
5.352199999999991320e+01 7.876126241683959961e+01 5.400000000000000000e+01 2.190000000000000000e+02
5.524499999999995481e+01 7.876126241683959961e+01 5.500000000000000000e+01 2.110000000000000000e+02
5.567599999999998062e+01 7.876126241683959961e+01 5.600000000000000000e+01 2.360000000000000000e+02
5.715500000000002245e+01 7.876126241683959961e+01 5.700000000000000000e+01 1.430000000000000000e+02
5.790400000000010294e+01 7.876126241683959961e+01 5.800000000000000000e+01 1.720000000000000000e+02
5.922200000000005105e+01 7.876126241683959961e+01 5.900000000000000000e+01 1.850000000000000000e+02
6.089100000000012614e+01 7.876126241683959961e+01 6.000000000000000000e+01 2.450000000000000000e+02
6.312400000000012312e+01 7.876126241683959961e+01 6.100000000000000000e+01 3.020000000000000000e+02
6.308000000000011909e+01 7.876126241683959961e+01 6.200000000000000000e+01 4.940000000000000000e+02
6.440100000000015257e+01 7.876126241683959961e+01 6.300000000000000000e+01 3.570000000000000000e+02
6.569100000000015882e+01 7.876126241683959961e+01 6.400000000000000000e+01 5.440000000000000000e+02
6.653900000000015780e+01 7.876126241683959961e+01 6.500000000000000000e+01 4.700000000000000000e+02
6.821100000000024011e+01 7.876126241683959961e+01 6.600000000000000000e+01 4.580000000000000000e+02
6.955400000000028626e+01 7.876126241683959961e+01 6.700000000000000000e+01 4.650000000000000000e+02
7.041900000000038062e+01 7.876126241683959961e+01 6.800000000000000000e+01 3.210000000000000000e+02
7.239900000000039881e+01 7.876126241683959961e+01 6.900000000000000000e+01 2.630000000000000000e+02
7.401000000000045986e+01 7.876126241683959961e+01 7.000000000000000000e+01 1.340000000000000000e+02
7.550300000000052592e+01 7.876126241683959961e+01 7.100000000000000000e+01 1.100000000000000000e+01
7.878400000000061709e+01 7.876126241683959961e+01 7.200000000000000000e+01 6.100000000000000000e+01
7.876126241683959961e+01 7.876126241683959961e+01 0.000000000000000000e+00 0.000000000000000000e+00
7.876126241683959961e+01 7.876126241683959961e+01 0.000000000000000000e+00 0.000000000000000000e+00
4.779999999999999361e+00 7.457251095771789551e+01 0.000000000000000000e+00 5.000000000000000000e+00
5.972999999999999865e+00 7.457251095771789551e+01 1.000000000000000000e+00 8.000000000000000000e+00
6.558000000000000718e+00 7.457251095771789551e+01 2.000000000000000000e+00 1.500000000000000000e+01
7.696000000000001506e+00 7.457251095771789551e+01 3.000000000000000000e+00 1.700000000000000000e+01
8.070000000000002061e+00 7.457251095771789551e+01 4.000000000000000000e+00 4.300000000000000000e+01
8.979000000000000981e+00 7.457251095771789551e+01 5.000000000000000000e+00 2.700000000000000000e+01
9.687000000000001165e+00 7.457251095771789551e+01 6.000000000000000000e+00 3.500000000000000000e+01
1.003400000000000070e+01 7.457251095771789551e+01 7.000000000000000000e+00 4.100000000000000000e+01
1.054000000000000092e+01 7.457251095771789551e+01 8.000000000000000000e+00 5.400000000000000000e+01
1.119400000000000261e+01 7.457251095771789551e+01 9.000000000000000000e+00 6.300000000000000000e+01
1.151300000000000345e+01 7.457251095771789551e+01 1.000000000000000000e+01 6.900000000000000000e+01
1.214100000000000357e+01 7.457251095771789551e+01 1.100000000000000000e+01 4.000000000000000000e+01
1.244400000000000261e+01 7.457251095771789551e+01 1.200000000000000000e+01 5.600000000000000000e+01
1.298600000000000421e+01 7.457251095771789551e+01 1.300000000000000000e+01 5.500000000000000000e+01
1.368900000000000361e+01 7.457251095771789551e+01 1.400000000000000000e+01 9.300000000000000000e+01
1.425700000000000323e+01 7.457251095771789551e+01 1.500000000000000000e+01 7.700000000000000000e+01
1.498400000000000354e+01 7.457251095771789551e+01 1.600000000000000000e+01 1.140000000000000000e+02
1.538000000000000433e+01 7.457251095771789551e+01 1.700000000000000000e+01 8.100000000000000000e+01
1.589000000000000590e+01 7.457251095771789551e+01 1.800000000000000000e+01 9.600000000000000000e+01
1.638700000000000756e+01 7.457251095771789551e+01 1.900000000000000000e+01 7.300000000000000000e+01
1.720700000000000429e+01 7.457251095771789551e+01 2.000000000000000000e+01 1.130000000000000000e+02
1.758100000000000662e+01 7.457251095771789551e+01 2.100000000000000000e+01 1.060000000000000000e+02
1.814400000000000190e+01 7.457251095771789551e+01 2.200000000000000000e+01 1.480000000000000000e+02
1.912500000000000355e+01 7.457251095771789551e+01 2.300000000000000000e+01 1.040000000000000000e+02
1.965500000000000824e+01 7.457251095771789551e+01 2.400000000000000000e+01 6.800000000000000000e+01
2.045800000000000907e+01 7.457251095771789551e+01 2.500000000000000000e+01 1.180000000000000000e+02
2.086000000000000654e+01 7.457251095771789551e+01 2.600000000000000000e+01 9.400000000000000000e+01
2.167799999999999727e+01 7.457251095771789551e+01 2.700000000000000000e+01 9.200000000000000000e+01
2.266199999999999193e+01 7.457251095771789551e+01 2.800000000000000000e+01 1.620000000000000000e+02
2.354899999999998528e+01 7.457251095771789551e+01 2.900000000000000000e+01 1.000000000000000000e+02
2.388699999999998269e+01 7.457251095771789551e+01 3.000000000000000000e+01 8.000000000000000000e+01
2.461199999999998056e+01 7.457251095771789551e+01 3.100000000000000000e+01 1.220000000000000000e+02
2.616899999999997206e+01 7.457251095771789551e+01 3.200000000000000000e+01 1.760000000000000000e+02
2.615799999999997283e+01 7.457251095771789551e+01 3.300000000000000000e+01 1.080000000000000000e+02
2.689099999999998403e+01 7.457251095771789551e+01 3.400000000000000000e+01 1.280000000000000000e+02
2.826700000000000301e+01 7.457251095771789551e+01 3.500000000000000000e+01 7.600000000000000000e+01
2.942400000000001725e+01 7.457251095771789551e+01 3.600000000000000000e+01 8.600000000000000000e+01
3.040300000000003067e+01 7.457251095771789551e+01 3.700000000000000000e+01 1.120000000000000000e+02
3.121800000000003550e+01 7.457251095771789551e+01 3.800000000000000000e+01 1.420000000000000000e+02
3.242000000000003013e+01 7.457251095771789551e+01 3.900000000000000000e+01 1.230000000000000000e+02
3.545000000000008811e+01 7.457251095771789551e+01 4.000000000000000000e+01 2.150000000000000000e+02
3.649900000000009470e+01 7.457251095771789551e+01 4.100000000000000000e+01 1.890000000000000000e+02
3.709100000000008635e+01 7.457251095771789551e+01 4.200000000000000000e+01 1.450000000000000000e+02
3.862800000000003564e+01 7.457251095771789551e+01 4.300000000000000000e+01 2.530000000000000000e+02
3.943700000000001893e+01 7.457251095771789551e+01 4.400000000000000000e+01 3.430000000000000000e+02
4.062200000000003541e+01 7.457251095771789551e+01 4.500000000000000000e+01 1.900000000000000000e+02
4.094200000000002859e+01 7.457251095771789551e+01 4.600000000000000000e+01 2.050000000000000000e+02
4.228199999999994674e+01 7.457251095771789551e+01 4.700000000000000000e+01 1.540000000000000000e+02
4.307799999999995322e+01 7.457251095771789551e+01 4.800000000000000000e+01 1.660000000000000000e+02
4.432099999999994822e+01 7.457251095771789551e+01 4.900000000000000000e+01 1.380000000000000000e+02
4.619999999999984652e+01 7.457251095771789551e+01 5.000000000000000000e+01 1.780000000000000000e+02
4.661099999999984078e+01 7.457251095771789551e+01 5.100000000000000000e+01 1.760000000000000000e+02
4.782399999999979912e+01 7.457251095771789551e+01 5.200000000000000000e+01 4.390000000000000000e+02
4.868799999999988870e+01 7.457251095771789551e+01 5.300000000000000000e+01 1.760000000000000000e+02
5.028799999999991854e+01 7.457251095771789551e+01 5.400000000000000000e+01 1.720000000000000000e+02
5.100099999999993372e+01 7.457251095771789551e+01 5.500000000000000000e+01 1.450000000000000000e+02
5.190199999999999392e+01 7.457251095771789551e+01 5.600000000000000000e+01 1.370000000000000000e+02
5.329599999999991411e+01 7.457251095771789551e+01 5.700000000000000000e+01 1.380000000000000000e+02
5.468600000000002836e+01 7.457251095771789551e+01 5.800000000000000000e+01 2.510000000000000000e+02
5.560899999999997334e+01 7.457251095771789551e+01 5.900000000000000000e+01 2.310000000000000000e+02
5.695500000000008356e+01 7.457251095771789551e+01 6.000000000000000000e+01 1.090000000000000000e+02
5.854500000000003723e+01 7.457251095771789551e+01 6.100000000000000000e+01 1.630000000000000000e+02
5.957100000000011164e+01 7.457251095771789551e+01 6.200000000000000000e+01 1.810000000000000000e+02
6.068800000000019423e+01 7.457251095771789551e+01 6.300000000000000000e+01 1.360000000000000000e+02
6.190700000000024517e+01 7.457251095771789551e+01 6.400000000000000000e+01 2.050000000000000000e+02
6.298800000000029087e+01 7.457251095771789551e+01 6.500000000000000000e+01 1.320000000000000000e+02
6.429400000000033799e+01 7.457251095771789551e+01 6.600000000000000000e+01 2.060000000000000000e+02
6.594200000000039097e+01 7.457251095771789551e+01 6.700000000000000000e+01 9.700000000000000000e+01
6.741200000000044668e+01 7.457251095771789551e+01 6.800000000000000000e+01 1.750000000000000000e+02
6.867900000000051364e+01 7.457251095771789551e+01 6.900000000000000000e+01 1.160000000000000000e+02
7.048000000000055820e+01 7.457251095771789551e+01 7.000000000000000000e+01 7.600000000000000000e+01
7.234500000000063835e+01 7.457251095771789551e+01 7.100000000000000000e+01 6.000000000000000000e+00
7.451400000000072055e+01 7.457251095771789551e+01 7.200000000000000000e+01 1.020000000000000000e+02
7.457251095771789551e+01 7.457251095771789551e+01 0.000000000000000000e+00 0.000000000000000000e+00
7.457251095771789551e+01 7.457251095771789551e+01 0.000000000000000000e+00 0.000000000000000000e+00
4.205999999999999517e+00 7.273077964782714844e+01 0.000000000000000000e+00 0.000000000000000000e+00
5.811000000000000831e+00 7.273077964782714844e+01 1.000000000000000000e+00 1.900000000000000000e+01
6.777999999999999581e+00 7.273077964782714844e+01 2.000000000000000000e+00 2.000000000000000000e+01
7.160999999999999588e+00 7.273077964782714844e+01 3.000000000000000000e+00 1.500000000000000000e+01
8.467999999999999972e+00 7.273077964782714844e+01 4.000000000000000000e+00 1.600000000000000000e+01
8.830000000000000071e+00 7.273077964782714844e+01 5.000000000000000000e+00 3.100000000000000000e+01
9.191000000000000725e+00 7.273077964782714844e+01 6.000000000000000000e+00 1.900000000000000000e+01
1.005499999999999972e+01 7.273077964782714844e+01 7.000000000000000000e+00 1.400000000000000000e+01
1.088799999999999812e+01 7.273077964782714844e+01 8.000000000000000000e+00 2.200000000000000000e+01
1.154100000000000037e+01 7.273077964782714844e+01 9.000000000000000000e+00 3.800000000000000000e+01
1.186100000000000065e+01 7.273077964782714844e+01 1.000000000000000000e+01 3.100000000000000000e+01
1.217800000000000082e+01 7.273077964782714844e+01 1.100000000000000000e+01 3.200000000000000000e+01
1.307699999999999996e+01 7.273077964782714844e+01 1.200000000000000000e+01 5.300000000000000000e+01
1.366399999999999970e+01 7.273077964782714844e+01 1.300000000000000000e+01 5.000000000000000000e+01
1.409100000000000108e+01 7.273077964782714844e+01 1.400000000000000000e+01 7.400000000000000000e+01
1.450900000000000212e+01 7.273077964782714844e+01 1.500000000000000000e+01 8.200000000000000000e+01
1.504900000000000304e+01 7.273077964782714844e+01 1.600000000000000000e+01 6.200000000000000000e+01
1.622000000000000242e+01 7.273077964782714844e+01 1.700000000000000000e+01 1.080000000000000000e+02
1.685300000000000509e+01 7.273077964782714844e+01 1.800000000000000000e+01 5.900000000000000000e+01
1.719400000000000617e+01 7.273077964782714844e+01 1.900000000000000000e+01 6.700000000000000000e+01
1.819100000000000250e+01 7.273077964782714844e+01 2.000000000000000000e+01 1.000000000000000000e+02
1.897400000000000020e+01 7.273077964782714844e+01 2.100000000000000000e+01 7.600000000000000000e+01
1.951299999999999457e+01 7.273077964782714844e+01 2.200000000000000000e+01 1.230000000000000000e+02
2.035799999999999699e+01 7.273077964782714844e+01 2.300000000000000000e+01 1.230000000000000000e+02
2.119999999999999929e+01 7.273077964782714844e+01 2.400000000000000000e+01 1.320000000000000000e+02
2.191700000000000159e+01 7.273077964782714844e+01 2.500000000000000000e+01 1.330000000000000000e+02
2.214999999999999858e+01 7.273077964782714844e+01 2.600000000000000000e+01 1.190000000000000000e+02
2.340099999999999270e+01 7.273077964782714844e+01 2.700000000000000000e+01 1.240000000000000000e+02
2.466299999999998604e+01 7.273077964782714844e+01 2.800000000000000000e+01 1.770000000000000000e+02
2.481399999999998585e+01 7.273077964782714844e+01 2.900000000000000000e+01 1.420000000000000000e+02
2.541999999999998749e+01 7.273077964782714844e+01 3.000000000000000000e+01 1.130000000000000000e+02
2.590399999999998926e+01 7.273077964782714844e+01 3.100000000000000000e+01 1.690000000000000000e+02
2.675599999999998602e+01 7.273077964782714844e+01 3.200000000000000000e+01 1.620000000000000000e+02
2.943300000000001759e+01 7.273077964782714844e+01 3.300000000000000000e+01 2.990000000000000000e+02
3.016900000000002535e+01 7.273077964782714844e+01 3.400000000000000000e+01 2.440000000000000000e+02
3.016900000000002535e+01 7.273077964782714844e+01 3.500000000000000000e+01 2.590000000000000000e+02
3.146200000000003882e+01 7.273077964782714844e+01 3.600000000000000000e+01 2.790000000000000000e+02
3.210100000000004172e+01 7.273077964782714844e+01 3.700000000000000000e+01 2.500000000000000000e+02
3.336700000000001864e+01 7.273077964782714844e+01 3.800000000000000000e+01 3.980000000000000000e+02
3.412900000000002620e+01 7.273077964782714844e+01 3.900000000000000000e+01 3.120000000000000000e+02
3.472200000000002973e+01 7.273077964782714844e+01 4.000000000000000000e+01 3.110000000000000000e+02
3.599500000000006850e+01 7.273077964782714844e+01 4.100000000000000000e+01 3.840000000000000000e+02
3.718000000000004945e+01 7.273077964782714844e+01 4.200000000000000000e+01 4.090000000000000000e+02
3.779400000000003246e+01 7.273077964782714844e+01 4.300000000000000000e+01 2.470000000000000000e+02
3.964299999999999358e+01 7.273077964782714844e+01 4.400000000000000000e+01 4.420000000000000000e+02
4.043100000000001160e+01 7.273077964782714844e+01 4.500000000000000000e+01 5.670000000000000000e+02
4.114900000000000091e+01 7.273077964782714844e+01 4.600000000000000000e+01 2.570000000000000000e+02
4.203299999999995151e+01 7.273077964782714844e+01 4.700000000000000000e+01 5.700000000000000000e+02
4.418899999999988637e+01 7.273077964782714844e+01 4.800000000000000000e+01 5.320000000000000000e+02
4.444199999999988648e+01 7.273077964782714844e+01 4.900000000000000000e+01 3.190000000000000000e+02
4.603499999999979053e+01 7.273077964782714844e+01 5.000000000000000000e+01 4.590000000000000000e+02
4.635799999999979093e+01 7.273077964782714844e+01 5.100000000000000000e+01 2.780000000000000000e+02
4.787699999999976797e+01 7.273077964782714844e+01 5.200000000000000000e+01 1.870000000000000000e+02
4.854299999999981452e+01 7.273077964782714844e+01 5.300000000000000000e+01 1.670000000000000000e+02
5.001599999999988455e+01 7.273077964782714844e+01 5.400000000000000000e+01 1.510000000000000000e+02
5.105399999999989546e+01 7.273077964782714844e+01 5.500000000000000000e+01 6.140000000000000000e+02
5.192599999999996641e+01 7.273077964782714844e+01 5.600000000000000000e+01 1.830000000000000000e+02
5.326099999999988910e+01 7.273077964782714844e+01 5.700000000000000000e+01 1.620000000000000000e+02
5.427099999999995106e+01 7.273077964782714844e+01 5.800000000000000000e+01 3.680000000000000000e+02
5.561699999999990496e+01 7.273077964782714844e+01 5.900000000000000000e+01 4.580000000000000000e+02
5.644199999999995754e+01 7.273077964782714844e+01 6.000000000000000000e+01 3.210000000000000000e+02
5.845299999999994611e+01 7.273077964782714844e+01 6.100000000000000000e+01 5.740000000000000000e+02
5.881199999999998340e+01 7.273077964782714844e+01 6.200000000000000000e+01 4.520000000000000000e+02
6.015500000000007930e+01 7.273077964782714844e+01 6.300000000000000000e+01 5.410000000000000000e+02
6.107800000000012375e+01 7.273077964782714844e+01 6.400000000000000000e+01 5.880000000000000000e+02
6.246800000000018827e+01 7.273077964782714844e+01 6.500000000000000000e+01 5.900000000000000000e+02
6.411900000000024136e+01 7.273077964782714844e+01 6.600000000000000000e+01 4.780000000000000000e+02
6.502200000000027558e+01 7.273077964782714844e+01 6.700000000000000000e+01 3.700000000000000000e+02
6.675100000000034584e+01 7.273077964782714844e+01 6.800000000000000000e+01 2.070000000000000000e+02
6.821000000000037744e+01 7.273077964782714844e+01 6.900000000000000000e+01 4.350000000000000000e+02
7.002700000000044156e+01 7.273077964782714844e+01 7.000000000000000000e+01 1.900000000000000000e+02
7.126000000000048828e+01 7.273077964782714844e+01 7.100000000000000000e+01 3.590000000000000000e+02
7.274500000000055877e+01 7.273077964782714844e+01 7.200000000000000000e+01 1.730000000000000000e+02
7.273077964782714844e+01 7.273077964782714844e+01 0.000000000000000000e+00 0.000000000000000000e+00
7.273077964782714844e+01 7.273077964782714844e+01 0.000000000000000000e+00 0.000000000000000000e+00
3.971999999999999975e+00 7.430911707878112793e+01 0.000000000000000000e+00 4.000000000000000000e+00
4.772000000000000242e+00 7.430911707878112793e+01 1.000000000000000000e+00 8.000000000000000000e+00
5.942999999999999616e+00 7.430911707878112793e+01 2.000000000000000000e+00 6.000000000000000000e+00
7.272000000000000242e+00 7.430911707878112793e+01 3.000000000000000000e+00 6.000000000000000000e+00
8.020000000000001350e+00 7.430911707878112793e+01 4.000000000000000000e+00 2.000000000000000000e+00
9.105000000000002203e+00 7.430911707878112793e+01 5.000000000000000000e+00 1.900000000000000000e+01
9.638000000000003453e+00 7.430911707878112793e+01 6.000000000000000000e+00 2.700000000000000000e+01
9.813000000000004164e+00 7.430911707878112793e+01 7.000000000000000000e+00 2.200000000000000000e+01
1.099900000000000233e+01 7.430911707878112793e+01 8.000000000000000000e+00 2.200000000000000000e+01
1.116700000000000159e+01 7.430911707878112793e+01 9.000000000000000000e+00 2.600000000000000000e+01
1.180400000000000027e+01 7.430911707878112793e+01 1.000000000000000000e+01 3.400000000000000000e+01
1.227100000000000080e+01 7.430911707878112793e+01 1.100000000000000000e+01 3.900000000000000000e+01
1.302400000000000091e+01 7.430911707878112793e+01 1.200000000000000000e+01 4.300000000000000000e+01
1.331900000000000084e+01 7.430911707878112793e+01 1.300000000000000000e+01 5.000000000000000000e+01
1.417299999999999827e+01 7.430911707878112793e+01 1.400000000000000000e+01 7.800000000000000000e+01
1.472899999999999743e+01 7.430911707878112793e+01 1.500000000000000000e+01 4.400000000000000000e+01
1.521499999999999808e+01 7.430911707878112793e+01 1.600000000000000000e+01 7.700000000000000000e+01
1.631799999999999784e+01 7.430911707878112793e+01 1.700000000000000000e+01 6.900000000000000000e+01
1.637800000000000011e+01 7.430911707878112793e+01 1.800000000000000000e+01 1.030000000000000000e+02
1.719000000000000128e+01 7.430911707878112793e+01 1.900000000000000000e+01 9.200000000000000000e+01
1.790599999999999881e+01 7.430911707878112793e+01 2.000000000000000000e+01 9.000000000000000000e+01
1.837199999999999633e+01 7.430911707878112793e+01 2.100000000000000000e+01 1.040000000000000000e+02
1.926999999999998536e+01 7.430911707878112793e+01 2.200000000000000000e+01 8.800000000000000000e+01
1.944199999999998951e+01 7.430911707878112793e+01 2.300000000000000000e+01 9.400000000000000000e+01
2.009599999999998943e+01 7.430911707878112793e+01 2.400000000000000000e+01 9.800000000000000000e+01
2.115199999999998681e+01 7.430911707878112793e+01 2.500000000000000000e+01 1.010000000000000000e+02
2.252999999999997982e+01 7.430911707878112793e+01 2.600000000000000000e+01 1.170000000000000000e+02
2.290199999999997971e+01 7.430911707878112793e+01 2.700000000000000000e+01 8.700000000000000000e+01
2.339599999999997593e+01 7.430911707878112793e+01 2.800000000000000000e+01 1.050000000000000000e+02
2.411699999999996891e+01 7.430911707878112793e+01 2.900000000000000000e+01 1.400000000000000000e+02
2.493499999999996675e+01 7.430911707878112793e+01 3.000000000000000000e+01 9.600000000000000000e+01
2.629699999999995441e+01 7.430911707878112793e+01 3.100000000000000000e+01 1.860000000000000000e+02
2.701799999999994384e+01 7.430911707878112793e+01 3.200000000000000000e+01 1.630000000000000000e+02
2.725099999999994438e+01 7.430911707878112793e+01 3.300000000000000000e+01 2.420000000000000000e+02
2.793299999999995364e+01 7.430911707878112793e+01 3.400000000000000000e+01 2.220000000000000000e+02
2.883099999999996754e+01 7.430911707878112793e+01 3.500000000000000000e+01 2.310000000000000000e+02
2.899099999999996768e+01 7.430911707878112793e+01 3.600000000000000000e+01 2.520000000000000000e+02
2.953699999999996706e+01 7.430911707878112793e+01 3.700000000000000000e+01 2.120000000000000000e+02
3.037499999999996447e+01 7.430911707878112793e+01 3.800000000000000000e+01 2.320000000000000000e+02
3.084399999999996211e+01 7.430911707878112793e+01 3.900000000000000000e+01 2.130000000000000000e+02
3.135199999999995413e+01 7.430911707878112793e+01 4.000000000000000000e+01 2.940000000000000000e+02
3.218799999999995265e+01 7.430911707878112793e+01 4.100000000000000000e+01 2.860000000000000000e+02
3.390299999999988501e+01 7.430911707878112793e+01 4.200000000000000000e+01 2.690000000000000000e+02
3.463799999999988444e+01 7.430911707878112793e+01 4.300000000000000000e+01 2.530000000000000000e+02
3.563399999999990087e+01 7.430911707878112793e+01 4.400000000000000000e+01 3.330000000000000000e+02
3.692099999999989279e+01 7.430911707878112793e+01 4.500000000000000000e+01 3.290000000000000000e+02
3.751699999999986801e+01 7.430911707878112793e+01 4.600000000000000000e+01 3.460000000000000000e+02
3.857699999999982055e+01 7.430911707878112793e+01 4.700000000000000000e+01 2.540000000000000000e+02
3.896999999999983544e+01 7.430911707878112793e+01 4.800000000000000000e+01 3.860000000000000000e+02
4.126899999999982072e+01 7.430911707878112793e+01 4.900000000000000000e+01 3.180000000000000000e+02
4.174299999999978894e+01 7.430911707878112793e+01 5.000000000000000000e+01 2.400000000000000000e+02
4.237599999999976319e+01 7.430911707878112793e+01 5.100000000000000000e+01 3.720000000000000000e+02
4.358199999999974494e+01 7.430911707878112793e+01 5.200000000000000000e+01 2.620000000000000000e+02
4.490699999999984726e+01 7.430911707878112793e+01 5.300000000000000000e+01 1.700000000000000000e+02
4.661599999999990018e+01 7.430911707878112793e+01 5.400000000000000000e+01 1.950000000000000000e+02
4.724399999999992161e+01 7.430911707878112793e+01 5.500000000000000000e+01 3.100000000000000000e+02
4.851000000000001222e+01 7.430911707878112793e+01 5.600000000000000000e+01 1.200000000000000000e+02
4.984799999999998477e+01 7.430911707878112793e+01 5.700000000000000000e+01 2.050000000000000000e+02
5.150500000000015888e+01 7.430911707878112793e+01 5.800000000000000000e+01 9.800000000000000000e+01
5.296500000000008868e+01 7.430911707878112793e+01 5.900000000000000000e+01 1.590000000000000000e+02
5.454900000000029081e+01 7.430911707878112793e+01 6.000000000000000000e+01 2.460000000000000000e+02
5.583700000000032304e+01 7.430911707878112793e+01 6.100000000000000000e+01 1.600000000000000000e+02
5.750100000000040978e+01 7.430911707878112793e+01 6.200000000000000000e+01 2.540000000000000000e+02
5.832100000000047402e+01 7.430911707878112793e+01 6.300000000000000000e+01 2.580000000000000000e+02
5.950900000000051904e+01 7.430911707878112793e+01 6.400000000000000000e+01 1.590000000000000000e+02
6.046600000000056951e+01 7.430911707878112793e+01 6.500000000000000000e+01 1.240000000000000000e+02
6.154300000000061743e+01 7.430911707878112793e+01 6.600000000000000000e+01 1.220000000000000000e+02
6.269100000000066331e+01 7.430911707878112793e+01 6.700000000000000000e+01 1.110000000000000000e+02
6.446500000000072816e+01 7.430911707878112793e+01 6.800000000000000000e+01 1.490000000000000000e+02
6.569500000000076056e+01 7.430911707878112793e+01 6.900000000000000000e+01 2.220000000000000000e+02
6.747500000000080433e+01 7.430911707878112793e+01 7.000000000000000000e+01 1.090000000000000000e+02
7.011400000000094224e+01 7.430911707878112793e+01 7.100000000000000000e+01 2.800000000000000000e+01
7.426600000000108537e+01 7.430911707878112793e+01 7.200000000000000000e+01 1.900000000000000000e+01
7.430911707878112793e+01 7.430911707878112793e+01 0.000000000000000000e+00 0.000000000000000000e+00
7.430911707878112793e+01 7.430911707878112793e+01 0.000000000000000000e+00 0.000000000000000000e+00
3.984999999999999876e+00 6.931568288803100586e+01 0.000000000000000000e+00 0.000000000000000000e+00
5.387000000000000455e+00 6.931568288803100586e+01 1.000000000000000000e+00 7.000000000000000000e+00
5.980000000000001315e+00 6.931568288803100586e+01 2.000000000000000000e+00 1.400000000000000000e+01
6.368000000000001215e+00 6.931568288803100586e+01 3.000000000000000000e+00 1.800000000000000000e+01
7.855999999999999872e+00 6.931568288803100586e+01 4.000000000000000000e+00 2.300000000000000000e+01
8.039999999999999147e+00 6.931568288803100586e+01 5.000000000000000000e+00 3.500000000000000000e+01
8.573999999999998067e+00 6.931568288803100586e+01 6.000000000000000000e+00 3.500000000000000000e+01
8.921999999999998820e+00 6.931568288803100586e+01 7.000000000000000000e+00 3.600000000000000000e+01
9.261999999999998678e+00 6.931568288803100586e+01 8.000000000000000000e+00 3.700000000000000000e+01
9.429999999999997939e+00 6.931568288803100586e+01 9.000000000000000000e+00 3.000000000000000000e+01
9.910999999999997812e+00 6.931568288803100586e+01 1.000000000000000000e+01 3.300000000000000000e+01
1.022499999999999787e+01 6.931568288803100586e+01 1.100000000000000000e+01 5.300000000000000000e+01
1.052899999999999636e+01 6.931568288803100586e+01 1.200000000000000000e+01 4.900000000000000000e+01
1.127699999999999569e+01 6.931568288803100586e+01 1.300000000000000000e+01 4.600000000000000000e+01
1.138599999999999746e+01 6.931568288803100586e+01 1.400000000000000000e+01 6.400000000000000000e+01
1.178399999999999714e+01 6.931568288803100586e+01 1.500000000000000000e+01 7.300000000000000000e+01
1.253199999999999648e+01 6.931568288803100586e+01 1.600000000000000000e+01 5.400000000000000000e+01
1.345299999999999763e+01 6.931568288803100586e+01 1.700000000000000000e+01 7.200000000000000000e+01
1.409099999999999930e+01 6.931568288803100586e+01 1.800000000000000000e+01 1.190000000000000000e+02
1.446499999999999986e+01 6.931568288803100586e+01 1.900000000000000000e+01 1.010000000000000000e+02
1.579099999999999504e+01 6.931568288803100586e+01 2.000000000000000000e+01 1.500000000000000000e+02
1.660699999999999221e+01 6.931568288803100586e+01 2.100000000000000000e+01 1.290000000000000000e+02
1.683799999999999031e+01 6.931568288803100586e+01 2.200000000000000000e+01 1.680000000000000000e+02
1.716799999999999216e+01 6.931568288803100586e+01 2.300000000000000000e+01 1.420000000000000000e+02
1.791199999999999903e+01 6.931568288803100586e+01 2.400000000000000000e+01 1.370000000000000000e+02
1.883600000000000563e+01 6.931568288803100586e+01 2.500000000000000000e+01 1.890000000000000000e+02
1.942600000000000549e+01 6.931568288803100586e+01 2.600000000000000000e+01 1.640000000000000000e+02
2.010900000000000531e+01 6.931568288803100586e+01 2.700000000000000000e+01 1.090000000000000000e+02
2.048200000000000287e+01 6.931568288803100586e+01 2.800000000000000000e+01 1.200000000000000000e+02
2.128499999999999659e+01 6.931568288803100586e+01 2.900000000000000000e+01 7.500000000000000000e+01
2.172299999999999187e+01 6.931568288803100586e+01 3.000000000000000000e+01 1.410000000000000000e+02
2.222299999999998832e+01 6.931568288803100586e+01 3.100000000000000000e+01 1.350000000000000000e+02
2.342299999999997340e+01 6.931568288803100586e+01 3.200000000000000000e+01 2.340000000000000000e+02
2.350299999999997169e+01 6.931568288803100586e+01 3.300000000000000000e+01 1.630000000000000000e+02
2.416099999999998005e+01 6.931568288803100586e+01 3.400000000000000000e+01 8.800000000000000000e+01
2.486299999999999599e+01 6.931568288803100586e+01 3.500000000000000000e+01 2.820000000000000000e+02
2.514600000000000080e+01 6.931568288803100586e+01 3.600000000000000000e+01 3.470000000000000000e+02
2.590199999999999747e+01 6.931568288803100586e+01 3.700000000000000000e+01 2.020000000000000000e+02
2.704199999999998028e+01 6.931568288803100586e+01 3.800000000000000000e+01 2.540000000000000000e+02
2.740699999999997516e+01 6.931568288803100586e+01 3.900000000000000000e+01 1.490000000000000000e+02
2.797199999999997289e+01 6.931568288803100586e+01 4.000000000000000000e+01 1.950000000000000000e+02
2.892499999999997229e+01 6.931568288803100586e+01 4.100000000000000000e+01 1.470000000000000000e+02
2.997499999999997655e+01 6.931568288803100586e+01 4.200000000000000000e+01 2.160000000000000000e+02
3.086599999999997479e+01 6.931568288803100586e+01 4.300000000000000000e+01 2.240000000000000000e+02
3.211699999999994759e+01 6.931568288803100586e+01 4.400000000000000000e+01 1.700000000000000000e+02
3.307799999999995322e+01 6.931568288803100586e+01 4.500000000000000000e+01 3.560000000000000000e+02
3.396299999999990860e+01 6.931568288803100586e+01 4.600000000000000000e+01 3.030000000000000000e+02
3.514799999999983982e+01 6.931568288803100586e+01 4.700000000000000000e+01 2.010000000000000000e+02
3.623699999999985977e+01 6.931568288803100586e+01 4.800000000000000000e+01 3.310000000000000000e+02
3.757299999999984408e+01 6.931568288803100586e+01 4.900000000000000000e+01 1.500000000000000000e+02
3.938099999999968759e+01 6.931568288803100586e+01 5.000000000000000000e+01 3.980000000000000000e+02
4.283499999999976637e+01 6.931568288803100586e+01 5.100000000000000000e+01 3.030000000000000000e+02
4.332799999999974716e+01 6.931568288803100586e+01 5.200000000000000000e+01 3.640000000000000000e+02
4.558399999999996055e+01 6.931568288803100586e+01 5.300000000000000000e+01 1.790000000000000000e+02
4.588199999999996237e+01 6.931568288803100586e+01 5.400000000000000000e+01 1.850000000000000000e+02
4.764800000000004587e+01 6.931568288803100586e+01 5.500000000000000000e+01 1.480000000000000000e+02
4.892600000000011562e+01 6.931568288803100586e+01 5.600000000000000000e+01 3.980000000000000000e+02
5.079100000000008919e+01 6.931568288803100586e+01 5.700000000000000000e+01 2.060000000000000000e+02
5.110600000000012955e+01 6.931568288803100586e+01 5.800000000000000000e+01 2.500000000000000000e+02
5.213900000000008106e+01 6.931568288803100586e+01 5.900000000000000000e+01 2.540000000000000000e+02
5.288700000000016388e+01 6.931568288803100586e+01 6.000000000000000000e+01 1.640000000000000000e+02
5.414500000000016655e+01 6.931568288803100586e+01 6.100000000000000000e+01 2.800000000000000000e+02
5.549400000000028399e+01 6.931568288803100586e+01 6.200000000000000000e+01 1.680000000000000000e+02
5.651200000000032730e+01 6.931568288803100586e+01 6.300000000000000000e+01 3.830000000000000000e+02
5.809900000000042297e+01 6.931568288803100586e+01 6.400000000000000000e+01 3.530000000000000000e+02
5.917200000000045890e+01 6.931568288803100586e+01 6.500000000000000000e+01 3.470000000000000000e+02
6.060900000000051335e+01 6.931568288803100586e+01 6.600000000000000000e+01 4.240000000000000000e+02
6.172500000000055564e+01 6.931568288803100586e+01 6.700000000000000000e+01 4.500000000000000000e+02
6.270400000000060459e+01 6.931568288803100586e+01 6.800000000000000000e+01 3.550000000000000000e+02
6.373700000000064847e+01 6.931568288803100586e+01 6.900000000000000000e+01 6.080000000000000000e+02
6.600400000000071543e+01 6.931568288803100586e+01 7.000000000000000000e+01 2.590000000000000000e+02
6.768200000000078376e+01 6.931568288803100586e+01 7.100000000000000000e+01 3.770000000000000000e+02
6.918200000000084060e+01 6.931568288803100586e+01 7.200000000000000000e+01 4.700000000000000000e+01
6.931568288803100586e+01 6.931568288803100586e+01 0.000000000000000000e+00 0.000000000000000000e+00
6.931568288803100586e+01 6.931568288803100586e+01 0.000000000000000000e+00 0.000000000000000000e+00
