4.515000000000000568e+00 1.005605597496032715e+02 0.000000000000000000e+00 3.000000000000000000e+00
5.550000000000001599e+00 1.005605597496032715e+02 1.000000000000000000e+00 0.000000000000000000e+00
8.248000000000001108e+00 1.005605597496032715e+02 2.000000000000000000e+00 8.000000000000000000e+00
8.842000000000000526e+00 1.005605597496032715e+02 3.000000000000000000e+00 1.000000000000000000e+01
9.651999999999999247e+00 1.005605597496032715e+02 4.000000000000000000e+00 1.100000000000000000e+01
1.061799999999999855e+01 1.005605597496032715e+02 5.000000000000000000e+00 5.000000000000000000e+00
1.138299999999999734e+01 1.005605597496032715e+02 6.000000000000000000e+00 7.000000000000000000e+00
1.224399999999999622e+01 1.005605597496032715e+02 7.000000000000000000e+00 1.600000000000000000e+01
1.343399999999999572e+01 1.005605597496032715e+02 8.000000000000000000e+00 8.000000000000000000e+00
1.407199999999999562e+01 1.005605597496032715e+02 9.000000000000000000e+00 2.800000000000000000e+01
1.467199999999999527e+01 1.005605597496032715e+02 1.000000000000000000e+01 3.500000000000000000e+01
1.580599999999999561e+01 1.005605597496032715e+02 1.100000000000000000e+01 4.800000000000000000e+01
1.576799999999999535e+01 1.005605597496032715e+02 1.200000000000000000e+01 4.900000000000000000e+01
1.668199999999999150e+01 1.005605597496032715e+02 1.300000000000000000e+01 4.800000000000000000e+01
1.705699999999999150e+01 1.005605597496032715e+02 1.400000000000000000e+01 7.100000000000000000e+01
1.779299999999999571e+01 1.005605597496032715e+02 1.500000000000000000e+01 7.000000000000000000e+01
1.912199999999999989e+01 1.005605597496032715e+02 1.600000000000000000e+01 4.700000000000000000e+01
2.016199999999999903e+01 1.005605597496032715e+02 1.700000000000000000e+01 4.900000000000000000e+01
2.069500000000000028e+01 1.005605597496032715e+02 1.800000000000000000e+01 1.300000000000000000e+02
2.117899999999999849e+01 1.005605597496032715e+02 1.900000000000000000e+01 1.070000000000000000e+02
2.202799999999999514e+01 1.005605597496032715e+02 2.000000000000000000e+01 7.500000000000000000e+01
2.257799999999999940e+01 1.005605597496032715e+02 2.100000000000000000e+01 1.140000000000000000e+02
2.316499999999999559e+01 1.005605597496032715e+02 2.200000000000000000e+01 5.800000000000000000e+01
2.404700000000000060e+01 1.005605597496032715e+02 2.300000000000000000e+01 6.500000000000000000e+01
2.676700000000001012e+01 1.005605597496032715e+02 2.400000000000000000e+01 9.700000000000000000e+01
2.739300000000001134e+01 1.005605597496032715e+02 2.500000000000000000e+01 1.290000000000000000e+02
2.831500000000001194e+01 1.005605597496032715e+02 2.600000000000000000e+01 1.120000000000000000e+02
2.917800000000000793e+01 1.005605597496032715e+02 2.700000000000000000e+01 5.900000000000000000e+01
3.031300000000000594e+01 1.005605597496032715e+02 2.800000000000000000e+01 9.400000000000000000e+01
3.077700000000000813e+01 1.005605597496032715e+02 2.900000000000000000e+01 1.480000000000000000e+02
3.227500000000000568e+01 1.005605597496032715e+02 3.000000000000000000e+01 6.600000000000000000e+01
3.339800000000000324e+01 1.005605597496032715e+02 3.100000000000000000e+01 1.100000000000000000e+02
3.445400000000000063e+01 1.005605597496032715e+02 3.200000000000000000e+01 1.180000000000000000e+02
3.524100000000000676e+01 1.005605597496032715e+02 3.300000000000000000e+01 1.060000000000000000e+02
3.644299999999999784e+01 1.005605597496032715e+02 3.400000000000000000e+01 3.700000000000000000e+01
3.811400000000001143e+01 1.005605597496032715e+02 3.500000000000000000e+01 6.900000000000000000e+01
3.969600000000001216e+01 1.005605597496032715e+02 3.600000000000000000e+01 1.360000000000000000e+02
4.116400000000002279e+01 1.005605597496032715e+02 3.700000000000000000e+01 1.550000000000000000e+02
4.226200000000004309e+01 1.005605597496032715e+02 3.800000000000000000e+01 2.710000000000000000e+02
4.322700000000003939e+01 1.005605597496032715e+02 3.900000000000000000e+01 2.540000000000000000e+02
4.392800000000004701e+01 1.005605597496032715e+02 4.000000000000000000e+01 1.380000000000000000e+02
4.481200000000003314e+01 1.005605597496032715e+02 4.100000000000000000e+01 8.500000000000000000e+01
4.582300000000003593e+01 1.005605597496032715e+02 4.200000000000000000e+01 1.440000000000000000e+02
4.749000000000004462e+01 1.005605597496032715e+02 4.300000000000000000e+01 1.230000000000000000e+02
4.899600000000001643e+01 1.005605597496032715e+02 4.400000000000000000e+01 2.560000000000000000e+02
5.051899999999998414e+01 1.005605597496032715e+02 4.500000000000000000e+01 1.510000000000000000e+02
5.172099999999996811e+01 1.005605597496032715e+02 4.600000000000000000e+01 2.740000000000000000e+02
5.261399999999994748e+01 1.005605597496032715e+02 4.700000000000000000e+01 8.400000000000000000e+01
5.365899999999991365e+01 1.005605597496032715e+02 4.800000000000000000e+01 1.770000000000000000e+02
5.537499999999985079e+01 1.005605597496032715e+02 4.900000000000000000e+01 3.200000000000000000e+01
5.641299999999984038e+01 1.005605597496032715e+02 5.000000000000000000e+01 1.550000000000000000e+02
5.947799999999983811e+01 1.005605597496032715e+02 5.100000000000000000e+01 7.200000000000000000e+01
6.276399999999991763e+01 1.005605597496032715e+02 5.200000000000000000e+01 7.500000000000000000e+01
6.483400000000001739e+01 1.005605597496032715e+02 5.300000000000000000e+01 1.760000000000000000e+02
6.630100000000014404e+01 1.005605597496032715e+02 5.400000000000000000e+01 8.000000000000000000e+01
6.771600000000010766e+01 1.005605597496032715e+02 5.500000000000000000e+01 5.000000000000000000e+01
6.924600000000020827e+01 1.005605597496032715e+02 5.600000000000000000e+01 5.200000000000000000e+01
7.033500000000019270e+01 1.005605597496032715e+02 5.700000000000000000e+01 3.500000000000000000e+01
7.290900000000038972e+01 1.005605597496032715e+02 5.800000000000000000e+01 1.160000000000000000e+02
7.345100000000039131e+01 1.005605597496032715e+02 5.900000000000000000e+01 1.090000000000000000e+02
7.513500000000054513e+01 1.005605597496032715e+02 6.000000000000000000e+01 1.260000000000000000e+02
7.804400000000032378e+01 1.005605597496032715e+02 6.100000000000000000e+01 1.920000000000000000e+02
7.890100000000033731e+01 1.005605597496032715e+02 6.200000000000000000e+01 1.790000000000000000e+02
8.070800000000039631e+01 1.005605597496032715e+02 6.300000000000000000e+01 1.418000000000000000e+03
8.254800000000048499e+01 1.005605597496032715e+02 6.400000000000000000e+01 3.940000000000000000e+02
8.281800000000048101e+01 1.005605597496032715e+02 6.500000000000000000e+01 2.410000000000000000e+02
8.557700000000066609e+01 1.005605597496032715e+02 6.600000000000000000e+01 3.290000000000000000e+02
8.643800000000071293e+01 1.005605597496032715e+02 6.700000000000000000e+01 2.040000000000000000e+02
8.818300000000077432e+01 1.005605597496032715e+02 6.800000000000000000e+01 1.270000000000000000e+02
8.916800000000078796e+01 1.005605597496032715e+02 6.900000000000000000e+01 9.400000000000000000e+01
9.139000000000085322e+01 1.005605597496032715e+02 7.000000000000000000e+01 1.470000000000000000e+02
9.414900000000100988e+01 1.005605597496032715e+02 7.100000000000000000e+01 7.440000000000000000e+02
9.619000000000104933e+01 1.005605597496032715e+02 7.200000000000000000e+01 2.640000000000000000e+02
9.859700000000115949e+01 1.005605597496032715e+02 7.300000000000000000e+01 2.620000000000000000e+02
1.005760000000012724e+02 1.005605597496032715e+02 7.400000000000000000e+01 1.980000000000000000e+02
5.260000000000001563e+00 9.409599184989929199e+01 0.000000000000000000e+00 0.000000000000000000e+00
7.120000000000001883e+00 9.409599184989929199e+01 1.000000000000000000e+00 1.300000000000000000e+01
9.215000000000003411e+00 9.409599184989929199e+01 2.000000000000000000e+00 6.000000000000000000e+00
1.044000000000000483e+01 9.409599184989929199e+01 3.000000000000000000e+00 1.200000000000000000e+01
1.158800000000000630e+01 9.409599184989929199e+01 4.000000000000000000e+00 1.000000000000000000e+01
1.285600000000000698e+01 9.409599184989929199e+01 5.000000000000000000e+00 1.300000000000000000e+01
1.338100000000000556e+01 9.409599184989929199e+01 6.000000000000000000e+00 1.000000000000000000e+01
1.457800000000000473e+01 9.409599184989929199e+01 7.000000000000000000e+00 2.900000000000000000e+01
1.508100000000000485e+01 9.409599184989929199e+01 8.000000000000000000e+00 2.400000000000000000e+01
1.556200000000000472e+01 9.409599184989929199e+01 9.000000000000000000e+00 2.500000000000000000e+01
1.613300000000000267e+01 9.409599184989929199e+01 1.000000000000000000e+01 4.400000000000000000e+01
1.679400000000000404e+01 9.409599184989929199e+01 1.100000000000000000e+01 4.500000000000000000e+01
1.758100000000000307e+01 9.409599184989929199e+01 1.200000000000000000e+01 5.300000000000000000e+01
1.788900000000000290e+01 9.409599184989929199e+01 1.300000000000000000e+01 7.600000000000000000e+01
1.877100000000000435e+01 9.409599184989929199e+01 1.400000000000000000e+01 5.700000000000000000e+01
1.974300000000001276e+01 9.409599184989929199e+01 1.500000000000000000e+01 7.300000000000000000e+01
2.055700000000000927e+01 9.409599184989929199e+01 1.600000000000000000e+01 4.700000000000000000e+01
2.107000000000001094e+01 9.409599184989929199e+01 1.700000000000000000e+01 7.300000000000000000e+01
2.119300000000000495e+01 9.409599184989929199e+01 1.800000000000000000e+01 9.400000000000000000e+01
2.205600000000000804e+01 9.409599184989929199e+01 1.900000000000000000e+01 7.600000000000000000e+01
2.284900000000000375e+01 9.409599184989929199e+01 2.000000000000000000e+01 9.000000000000000000e+01
2.342500000000000426e+01 9.409599184989929199e+01 2.100000000000000000e+01 1.030000000000000000e+02
2.438000000000000966e+01 9.409599184989929199e+01 2.200000000000000000e+01 9.400000000000000000e+01
2.490200000000001168e+01 9.409599184989929199e+01 2.300000000000000000e+01 8.900000000000000000e+01
2.585600000000001231e+01 9.409599184989929199e+01 2.400000000000000000e+01 1.150000000000000000e+02
2.656200000000001538e+01 9.409599184989929199e+01 2.500000000000000000e+01 1.080000000000000000e+02
2.736700000000001864e+01 9.409599184989929199e+01 2.600000000000000000e+01 1.030000000000000000e+02
2.816700000000001580e+01 9.409599184989929199e+01 2.700000000000000000e+01 1.970000000000000000e+02
2.840500000000001535e+01 9.409599184989929199e+01 2.800000000000000000e+01 1.140000000000000000e+02
2.964900000000001157e+01 9.409599184989929199e+01 2.900000000000000000e+01 1.520000000000000000e+02
3.013400000000000745e+01 9.409599184989929199e+01 3.000000000000000000e+01 1.050000000000000000e+02
3.154400000000000404e+01 9.409599184989929199e+01 3.100000000000000000e+01 6.900000000000000000e+01
3.203200000000000358e+01 9.409599184989929199e+01 3.200000000000000000e+01 1.610000000000000000e+02
3.299899999999999523e+01 9.409599184989929199e+01 3.300000000000000000e+01 1.250000000000000000e+02
3.425600000000000023e+01 9.409599184989929199e+01 3.400000000000000000e+01 1.270000000000000000e+02
3.537199999999998568e+01 9.409599184989929199e+01 3.500000000000000000e+01 1.600000000000000000e+02
3.651599999999998403e+01 9.409599184989929199e+01 3.600000000000000000e+01 1.520000000000000000e+02
3.752400000000000801e+01 9.409599184989929199e+01 3.700000000000000000e+01 2.400000000000000000e+02
3.867200000000001125e+01 9.409599184989929199e+01 3.800000000000000000e+01 1.410000000000000000e+02
3.940500000000000824e+01 9.409599184989929199e+01 3.900000000000000000e+01 1.510000000000000000e+02
4.078699999999999903e+01 9.409599184989929199e+01 4.000000000000000000e+01 1.540000000000000000e+02
4.087899999999999778e+01 9.409599184989929199e+01 4.100000000000000000e+01 2.190000000000000000e+02
4.200799999999998846e+01 9.409599184989929199e+01 4.200000000000000000e+01 1.910000000000000000e+02
4.303199999999999648e+01 9.409599184989929199e+01 4.300000000000000000e+01 1.410000000000000000e+02
4.402199999999997715e+01 9.409599184989929199e+01 4.400000000000000000e+01 1.380000000000000000e+02
4.537399999999993128e+01 9.409599184989929199e+01 4.500000000000000000e+01 2.500000000000000000e+02
4.661799999999990973e+01 9.409599184989929199e+01 4.600000000000000000e+01 1.650000000000000000e+02
4.756599999999990303e+01 9.409599184989929199e+01 4.700000000000000000e+01 1.540000000000000000e+02
4.851099999999988910e+01 9.409599184989929199e+01 4.800000000000000000e+01 2.430000000000000000e+02
4.957299999999986539e+01 9.409599184989929199e+01 4.900000000000000000e+01 1.100000000000000000e+02
5.111999999999981270e+01 9.409599184989929199e+01 5.000000000000000000e+01 1.070000000000000000e+02
5.235299999999983811e+01 9.409599184989929199e+01 5.100000000000000000e+01 2.300000000000000000e+02
5.459999999999982379e+01 9.409599184989929199e+01 5.200000000000000000e+01 1.490000000000000000e+02
5.776599999999995561e+01 9.409599184989929199e+01 5.300000000000000000e+01 1.130000000000000000e+02
5.855999999999994543e+01 9.409599184989929199e+01 5.400000000000000000e+01 2.610000000000000000e+02
6.017600000000001614e+01 9.409599184989929199e+01 5.500000000000000000e+01 9.300000000000000000e+01
6.216200000000004167e+01 9.409599184989929199e+01 5.600000000000000000e+01 1.180000000000000000e+02
6.283600000000009089e+01 9.409599184989929199e+01 5.700000000000000000e+01 7.800000000000000000e+01
6.489600000000018554e+01 9.409599184989929199e+01 5.800000000000000000e+01 7.200000000000000000e+01
6.565300000000006264e+01 9.409599184989929199e+01 5.900000000000000000e+01 5.600000000000000000e+01
6.735900000000029308e+01 9.409599184989929199e+01 6.000000000000000000e+01 1.180000000000000000e+02
6.852200000000028979e+01 9.409599184989929199e+01 6.100000000000000000e+01 5.200000000000000000e+01
7.037900000000026068e+01 9.409599184989929199e+01 6.200000000000000000e+01 9.400000000000000000e+01
7.290700000000030911e+01 9.409599184989929199e+01 6.300000000000000000e+01 1.420000000000000000e+02
7.513100000000034129e+01 9.409599184989929199e+01 6.400000000000000000e+01 1.026000000000000000e+03
7.742600000000044247e+01 9.409599184989929199e+01 6.500000000000000000e+01 1.950000000000000000e+02
7.847700000000051546e+01 9.409599184989929199e+01 6.600000000000000000e+01 2.000000000000000000e+02
8.045600000000062835e+01 9.409599184989929199e+01 6.700000000000000000e+01 9.100000000000000000e+01
8.139000000000062585e+01 9.409599184989929199e+01 6.800000000000000000e+01 1.520000000000000000e+02
8.393400000000079331e+01 9.409599184989929199e+01 6.900000000000000000e+01 1.420000000000000000e+02
8.492400000000081661e+01 9.409599184989929199e+01 7.000000000000000000e+01 1.660000000000000000e+02
8.752900000000093428e+01 9.409599184989929199e+01 7.100000000000000000e+01 1.510000000000000000e+02
9.004300000000104376e+01 9.409599184989929199e+01 7.200000000000000000e+01 2.050000000000000000e+02
9.132800000000112561e+01 9.409599184989929199e+01 7.300000000000000000e+01 5.600000000000000000e+01
9.414900000000127989e+01 9.409599184989929199e+01 7.400000000000000000e+01 3.400000000000000000e+01
4.662999999999999368e+00 1.048742160797119141e+02 0.000000000000000000e+00 0.000000000000000000e+00
6.599999999999998757e+00 1.048742160797119141e+02 1.000000000000000000e+00 0.000000000000000000e+00
8.373999999999998778e+00 1.048742160797119141e+02 2.000000000000000000e+00 4.000000000000000000e+00
9.393999999999998352e+00 1.048742160797119141e+02 3.000000000000000000e+00 0.000000000000000000e+00
1.158299999999999841e+01 1.048742160797119141e+02 4.000000000000000000e+00 3.500000000000000000e+01
1.210999999999999766e+01 1.048742160797119141e+02 5.000000000000000000e+00 2.400000000000000000e+01
1.314799999999999791e+01 1.048742160797119141e+02 6.000000000000000000e+00 2.500000000000000000e+01
1.332399999999999807e+01 1.048742160797119141e+02 7.000000000000000000e+00 3.500000000000000000e+01
1.431299999999999883e+01 1.048742160797119141e+02 8.000000000000000000e+00 4.800000000000000000e+01
1.431299999999999883e+01 1.048742160797119141e+02 9.000000000000000000e+00 3.200000000000000000e+01
1.527799999999999869e+01 1.048742160797119141e+02 1.000000000000000000e+01 6.200000000000000000e+01
1.619599999999999795e+01 1.048742160797119141e+02 1.100000000000000000e+01 5.200000000000000000e+01
1.692999999999999616e+01 1.048742160797119141e+02 1.200000000000000000e+01 4.900000000000000000e+01
1.717599999999999838e+01 1.048742160797119141e+02 1.300000000000000000e+01 7.300000000000000000e+01
1.806299999999999883e+01 1.048742160797119141e+02 1.400000000000000000e+01 5.100000000000000000e+01
1.811199999999999832e+01 1.048742160797119141e+02 1.500000000000000000e+01 7.500000000000000000e+01
1.900800000000000267e+01 1.048742160797119141e+02 1.600000000000000000e+01 1.300000000000000000e+02
2.046900000000000119e+01 1.048742160797119141e+02 1.700000000000000000e+01 7.500000000000000000e+01
2.159900000000000375e+01 1.048742160797119141e+02 1.800000000000000000e+01 6.900000000000000000e+01
2.237100000000000577e+01 1.048742160797119141e+02 1.900000000000000000e+01 1.040000000000000000e+02
2.269400000000000617e+01 1.048742160797119141e+02 2.000000000000000000e+01 1.020000000000000000e+02
2.375699999999999790e+01 1.048742160797119141e+02 2.100000000000000000e+01 6.600000000000000000e+01
2.467600000000000193e+01 1.048742160797119141e+02 2.200000000000000000e+01 9.500000000000000000e+01
2.569800000000000395e+01 1.048742160797119141e+02 2.300000000000000000e+01 1.370000000000000000e+02
2.600300000000000722e+01 1.048742160797119141e+02 2.400000000000000000e+01 6.400000000000000000e+01
2.741100000000000492e+01 1.048742160797119141e+02 2.500000000000000000e+01 7.200000000000000000e+01
2.780400000000000560e+01 1.048742160797119141e+02 2.600000000000000000e+01 6.800000000000000000e+01
2.908000000000000185e+01 1.048742160797119141e+02 2.700000000000000000e+01 8.000000000000000000e+01
2.940000000000000213e+01 1.048742160797119141e+02 2.800000000000000000e+01 4.300000000000000000e+01
3.010599999999999454e+01 1.048742160797119141e+02 2.900000000000000000e+01 6.700000000000000000e+01
3.168799999999998462e+01 1.048742160797119141e+02 3.000000000000000000e+01 5.600000000000000000e+01
3.150899999999998258e+01 1.048742160797119141e+02 3.100000000000000000e+01 1.230000000000000000e+02
3.285099999999998488e+01 1.048742160797119141e+02 3.200000000000000000e+01 9.400000000000000000e+01
3.430399999999999494e+01 1.048742160797119141e+02 3.300000000000000000e+01 1.290000000000000000e+02
3.439099999999999824e+01 1.048742160797119141e+02 3.400000000000000000e+01 8.200000000000000000e+01
3.658300000000000551e+01 1.048742160797119141e+02 3.500000000000000000e+01 1.610000000000000000e+02
3.717999999999999972e+01 1.048742160797119141e+02 3.600000000000000000e+01 1.470000000000000000e+02
3.847300000000000608e+01 1.048742160797119141e+02 3.700000000000000000e+01 6.500000000000000000e+01
3.985600000000001586e+01 1.048742160797119141e+02 3.800000000000000000e+01 1.480000000000000000e+02
4.083700000000002461e+01 1.048742160797119141e+02 3.900000000000000000e+01 2.210000000000000000e+02
4.266100000000000136e+01 1.048742160797119141e+02 4.000000000000000000e+01 1.480000000000000000e+02
4.386799999999998789e+01 1.048742160797119141e+02 4.100000000000000000e+01 2.080000000000000000e+02
4.495899999999998187e+01 1.048742160797119141e+02 4.200000000000000000e+01 1.910000000000000000e+02
4.678499999999997527e+01 1.048742160797119141e+02 4.300000000000000000e+01 1.880000000000000000e+02
4.773399999999995913e+01 1.048742160797119141e+02 4.400000000000000000e+01 1.750000000000000000e+02
4.912699999999995981e+01 1.048742160797119141e+02 4.500000000000000000e+01 1.520000000000000000e+02
5.029799999999994498e+01 1.048742160797119141e+02 4.600000000000000000e+01 1.210000000000000000e+02
5.181499999999991957e+01 1.048742160797119141e+02 4.700000000000000000e+01 1.430000000000000000e+02
5.274199999999990496e+01 1.048742160797119141e+02 4.800000000000000000e+01 2.300000000000000000e+01
5.518799999999988160e+01 1.048742160797119141e+02 4.900000000000000000e+01 5.300000000000000000e+01
5.793199999999977479e+01 1.048742160797119141e+02 5.000000000000000000e+01 5.300000000000000000e+01
5.999599999999976774e+01 1.048742160797119141e+02 5.100000000000000000e+01 1.470000000000000000e+02
6.123599999999977683e+01 1.048742160797119141e+02 5.200000000000000000e+01 4.800000000000000000e+01
6.248699999999985266e+01 1.048742160797119141e+02 5.300000000000000000e+01 3.550000000000000000e+02
6.403699999999984982e+01 1.048742160797119141e+02 5.400000000000000000e+01 5.800000000000000000e+01
6.514999999999986358e+01 1.048742160797119141e+02 5.500000000000000000e+01 8.600000000000000000e+01
6.657999999999998408e+01 1.048742160797119141e+02 5.600000000000000000e+01 3.600000000000000000e+01
6.798799999999997112e+01 1.048742160797119141e+02 5.700000000000000000e+01 9.000000000000000000e+01
6.913000000000002387e+01 1.048742160797119141e+02 5.800000000000000000e+01 1.270000000000000000e+02
7.101799999999984436e+01 1.048742160797119141e+02 5.900000000000000000e+01 4.320000000000000000e+02
7.260600000000000875e+01 1.048742160797119141e+02 6.000000000000000000e+01 2.190000000000000000e+02
7.333599999999998431e+01 1.048742160797119141e+02 6.100000000000000000e+01 1.490000000000000000e+02
7.572299999999997056e+01 1.048742160797119141e+02 6.200000000000000000e+01 1.790000000000000000e+02
7.770000000000000284e+01 1.048742160797119141e+02 6.300000000000000000e+01 5.160000000000000000e+02
8.121900000000006514e+01 1.048742160797119141e+02 6.400000000000000000e+01 1.540000000000000000e+02
8.353000000000014325e+01 1.048742160797119141e+02 6.500000000000000000e+01 3.390000000000000000e+02
8.541600000000023840e+01 1.048742160797119141e+02 6.600000000000000000e+01 9.100000000000000000e+01
8.734700000000032105e+01 1.048742160797119141e+02 6.700000000000000000e+01 9.000000000000000000e+01
8.980100000000041405e+01 1.048742160797119141e+02 6.800000000000000000e+01 4.000000000000000000e+00
9.254700000000045179e+01 1.048742160797119141e+02 6.900000000000000000e+01 6.900000000000000000e+01
9.400200000000050693e+01 1.048742160797119141e+02 7.000000000000000000e+01 9.400000000000000000e+01
9.572400000000054376e+01 1.048742160797119141e+02 7.100000000000000000e+01 8.700000000000000000e+01
9.951400000000066370e+01 1.048742160797119141e+02 7.200000000000000000e+01 2.180000000000000000e+02
1.029090000000008018e+02 1.048742160797119141e+02 7.300000000000000000e+01 2.940000000000000000e+02
1.047910000000008921e+02 1.048742160797119141e+02 7.400000000000000000e+01 1.540000000000000000e+02
5.559999999999999609e+00 1.004013867378234863e+02 0.000000000000000000e+00 1.800000000000000000e+01
7.459999999999999076e+00 1.004013867378234863e+02 1.000000000000000000e+00 1.600000000000000000e+01
7.459999999999999076e+00 1.004013867378234863e+02 2.000000000000000000e+00 2.400000000000000000e+01
8.936999999999997613e+00 1.004013867378234863e+02 3.000000000000000000e+00 2.000000000000000000e+01
9.872999999999997556e+00 1.004013867378234863e+02 4.000000000000000000e+00 2.000000000000000000e+01
1.023599999999999710e+01 1.004013867378234863e+02 5.000000000000000000e+00 1.500000000000000000e+01
1.114199999999999591e+01 1.004013867378234863e+02 6.000000000000000000e+00 3.300000000000000000e+01
1.214199999999999591e+01 1.004013867378234863e+02 7.000000000000000000e+00 2.300000000000000000e+01
1.296599999999999575e+01 1.004013867378234863e+02 8.000000000000000000e+00 4.700000000000000000e+01
1.363599999999999568e+01 1.004013867378234863e+02 9.000000000000000000e+00 3.200000000000000000e+01
1.440799999999999592e+01 1.004013867378234863e+02 1.000000000000000000e+01 4.400000000000000000e+01
1.489499999999999602e+01 1.004013867378234863e+02 1.100000000000000000e+01 6.900000000000000000e+01
1.564499999999999602e+01 1.004013867378234863e+02 1.200000000000000000e+01 8.100000000000000000e+01
1.653299999999999770e+01 1.004013867378234863e+02 1.300000000000000000e+01 5.800000000000000000e+01
1.667599999999999838e+01 1.004013867378234863e+02 1.400000000000000000e+01 9.100000000000000000e+01
1.736499999999999844e+01 1.004013867378234863e+02 1.500000000000000000e+01 1.330000000000000000e+02
1.814499999999999957e+01 1.004013867378234863e+02 1.600000000000000000e+01 2.900000000000000000e+01
1.878999999999999915e+01 1.004013867378234863e+02 1.700000000000000000e+01 8.000000000000000000e+01
1.985999999999999588e+01 1.004013867378234863e+02 1.800000000000000000e+01 9.900000000000000000e+01
2.060799999999999343e+01 1.004013867378234863e+02 1.900000000000000000e+01 9.700000000000000000e+01
2.144899999999999096e+01 1.004013867378234863e+02 2.000000000000000000e+01 7.200000000000000000e+01
2.188999999999998991e+01 1.004013867378234863e+02 2.100000000000000000e+01 4.500000000000000000e+01
2.277299999999999258e+01 1.004013867378234863e+02 2.200000000000000000e+01 5.100000000000000000e+01
2.343999999999999417e+01 1.004013867378234863e+02 2.300000000000000000e+01 1.350000000000000000e+02
2.423499999999999233e+01 1.004013867378234863e+02 2.400000000000000000e+01 6.400000000000000000e+01
2.507999999999999474e+01 1.004013867378234863e+02 2.500000000000000000e+01 8.500000000000000000e+01
2.655099999999999483e+01 1.004013867378234863e+02 2.600000000000000000e+01 7.200000000000000000e+01
2.713899999999998869e+01 1.004013867378234863e+02 2.700000000000000000e+01 1.200000000000000000e+02
2.845099999999999696e+01 1.004013867378234863e+02 2.800000000000000000e+01 1.090000000000000000e+02
2.951799999999999358e+01 1.004013867378234863e+02 2.900000000000000000e+01 1.400000000000000000e+02
2.994099999999999184e+01 1.004013867378234863e+02 3.000000000000000000e+01 8.500000000000000000e+01
3.097799999999999443e+01 1.004013867378234863e+02 3.100000000000000000e+01 5.200000000000000000e+01
3.161400000000000077e+01 1.004013867378234863e+02 3.200000000000000000e+01 1.150000000000000000e+02
3.292500000000001137e+01 1.004013867378234863e+02 3.300000000000000000e+01 8.300000000000000000e+01
3.449599999999999511e+01 1.004013867378234863e+02 3.400000000000000000e+01 1.390000000000000000e+02
3.538899999999999579e+01 1.004013867378234863e+02 3.500000000000000000e+01 1.360000000000000000e+02
3.632099999999999795e+01 1.004013867378234863e+02 3.600000000000000000e+01 1.500000000000000000e+02
3.721900000000002251e+01 1.004013867378234863e+02 3.700000000000000000e+01 1.340000000000000000e+02
3.817800000000002569e+01 1.004013867378234863e+02 3.800000000000000000e+01 1.650000000000000000e+02
3.912300000000002598e+01 1.004013867378234863e+02 3.900000000000000000e+01 1.350000000000000000e+02
4.048700000000000188e+01 1.004013867378234863e+02 4.000000000000000000e+01 2.370000000000000000e+02
4.274099999999998545e+01 1.004013867378234863e+02 4.100000000000000000e+01 2.610000000000000000e+02
4.323899999999997590e+01 1.004013867378234863e+02 4.200000000000000000e+01 3.270000000000000000e+02
4.476499999999997215e+01 1.004013867378234863e+02 4.300000000000000000e+01 2.410000000000000000e+02
4.614799999999993929e+01 1.004013867378234863e+02 4.400000000000000000e+01 2.580000000000000000e+02
4.915000000000000924e+00 1.004013867378234863e+02 0.000000000000000000e+00 0.000000000000000000e+00
7.277999999999997804e+00 1.004013867378234863e+02 1.000000000000000000e+00 0.000000000000000000e+00
8.973000000000000753e+00 1.004013867378234863e+02 2.000000000000000000e+00 3.000000000000000000e+00
1.085600000000000342e+01 1.004013867378234863e+02 3.000000000000000000e+00 0.000000000000000000e+00
1.256700000000000017e+01 1.004013867378234863e+02 4.000000000000000000e+00 0.000000000000000000e+00
1.436700000000000088e+01 1.004013867378234863e+02 5.000000000000000000e+00 0.000000000000000000e+00
1.619200000000000017e+01 1.004013867378234863e+02 6.000000000000000000e+00 0.000000000000000000e+00
1.812399999999997746e+01 1.004013867378234863e+02 7.000000000000000000e+00 0.000000000000000000e+00
1.955399999999997718e+01 1.004013867378234863e+02 8.000000000000000000e+00 2.800000000000000000e+01
2.023999999999998067e+01 1.004013867378234863e+02 9.000000000000000000e+00 7.200000000000000000e+01
2.247199999999997999e+01 1.004013867378234863e+02 1.000000000000000000e+01 7.400000000000000000e+01
2.308299999999998420e+01 1.004013867378234863e+02 1.100000000000000000e+01 3.800000000000000000e+01
2.437399999999997391e+01 1.004013867378234863e+02 1.200000000000000000e+01 2.700000000000000000e+01
2.492199999999997928e+01 1.004013867378234863e+02 1.300000000000000000e+01 8.000000000000000000e+01
2.596399999999998442e+01 1.004013867378234863e+02 1.400000000000000000e+01 1.430000000000000000e+02
2.881899999999996709e+01 1.004013867378234863e+02 1.500000000000000000e+01 3.190000000000000000e+02
3.015199999999994418e+01 1.004013867378234863e+02 1.600000000000000000e+01 2.160000000000000000e+02
3.013399999999994350e+01 1.004013867378234863e+02 1.700000000000000000e+01 1.990000000000000000e+02
3.119299999999993744e+01 1.004013867378234863e+02 1.800000000000000000e+01 2.540000000000000000e+02
3.243999999999994088e+01 1.004013867378234863e+02 1.900000000000000000e+01 1.250000000000000000e+02
3.277599999999994651e+01 1.004013867378234863e+02 2.000000000000000000e+01 2.090000000000000000e+02
3.398999999999993804e+01 1.004013867378234863e+02 2.100000000000000000e+01 2.170000000000000000e+02
3.546500000000005315e+01 1.004013867378234863e+02 2.200000000000000000e+01 1.370000000000000000e+02
3.602400000000008617e+01 1.004013867378234863e+02 2.300000000000000000e+01 1.130000000000000000e+02
3.715000000000011937e+01 1.004013867378234863e+02 2.400000000000000000e+01 2.240000000000000000e+02
3.951600000000014745e+01 1.004013867378234863e+02 2.500000000000000000e+01 2.060000000000000000e+02
3.980200000000016303e+01 1.004013867378234863e+02 2.600000000000000000e+01 2.200000000000000000e+02
4.141600000000020998e+01 1.004013867378234863e+02 2.700000000000000000e+01 4.900000000000000000e+01
9.834700000000087527e+01 1.004013867378234863e+02 7.300000000000000000e+01 1.390000000000000000e+02
1.003710000000010041e+02 1.004013867378234863e+02 7.400000000000000000e+01 4.900000000000000000e+01
4.986999999999999211e+00 1.026376001834869385e+02 0.000000000000000000e+00 0.000000000000000000e+00
7.731999999999999318e+00 1.026376001834869385e+02 1.000000000000000000e+00 6.000000000000000000e+00
8.939999999999999503e+00 1.026376001834869385e+02 2.000000000000000000e+00 2.400000000000000000e+01
9.147000000000000242e+00 1.026376001834869385e+02 3.000000000000000000e+00 3.600000000000000000e+01
1.049900000000000233e+01 1.026376001834869385e+02 4.000000000000000000e+00 1.200000000000000000e+01
1.144200000000000372e+01 1.026376001834869385e+02 5.000000000000000000e+00 2.600000000000000000e+01
1.196800000000000352e+01 1.026376001834869385e+02 6.000000000000000000e+00 3.700000000000000000e+01
1.280400000000000382e+01 1.026376001834869385e+02 7.000000000000000000e+00 4.300000000000000000e+01
1.310100000000000442e+01 1.026376001834869385e+02 8.000000000000000000e+00 4.000000000000000000e+01
1.397300000000000608e+01 1.026376001834869385e+02 9.000000000000000000e+00 6.700000000000000000e+01
1.460800000000000409e+01 1.026376001834869385e+02 1.000000000000000000e+01 2.100000000000000000e+01
1.566100000000000136e+01 1.026376001834869385e+02 1.100000000000000000e+01 2.500000000000000000e+01
1.596400000000000219e+01 1.026376001834869385e+02 1.200000000000000000e+01 4.800000000000000000e+01
1.672600000000000264e+01 1.026376001834869385e+02 1.300000000000000000e+01 5.500000000000000000e+01
1.714100000000000179e+01 1.026376001834869385e+02 1.400000000000000000e+01 6.300000000000000000e+01
1.768599999999999994e+01 1.026376001834869385e+02 1.500000000000000000e+01 8.500000000000000000e+01
1.875199999999999889e+01 1.026376001834869385e+02 1.600000000000000000e+01 7.600000000000000000e+01
1.922700000000000031e+01 1.026376001834869385e+02 1.700000000000000000e+01 6.900000000000000000e+01
2.003600000000000136e+01 1.026376001834869385e+02 1.800000000000000000e+01 6.200000000000000000e+01
2.120999999999999375e+01 1.026376001834869385e+02 1.900000000000000000e+01 6.000000000000000000e+01
2.233299999999999130e+01 1.026376001834869385e+02 2.000000000000000000e+01 8.200000000000000000e+01
2.242799999999999372e+01 1.026376001834869385e+02 2.100000000000000000e+01 1.210000000000000000e+02
2.412299999999999400e+01 1.026376001834869385e+02 2.200000000000000000e+01 7.400000000000000000e+01
2.458199999999999363e+01 1.026376001834869385e+02 2.300000000000000000e+01 1.400000000000000000e+02
2.571299999999999741e+01 1.026376001834869385e+02 2.400000000000000000e+01 7.000000000000000000e+01
2.632299999999999685e+01 1.026376001834869385e+02 2.500000000000000000e+01 7.800000000000000000e+01
2.712599999999999056e+01 1.026376001834869385e+02 2.600000000000000000e+01 9.400000000000000000e+01
2.820799999999999486e+01 1.026376001834869385e+02 2.700000000000000000e+01 1.020000000000000000e+02
2.869999999999999218e+01 1.026376001834869385e+02 2.800000000000000000e+01 6.700000000000000000e+01
3.042099999999998516e+01 1.026376001834869385e+02 2.900000000000000000e+01 6.600000000000000000e+01
3.134299999999998576e+01 1.026376001834869385e+02 3.000000000000000000e+01 1.120000000000000000e+02
3.231299999999998818e+01 1.026376001834869385e+02 3.100000000000000000e+01 1.660000000000000000e+02
3.294999999999999574e+01 1.026376001834869385e+02 3.200000000000000000e+01 1.280000000000000000e+02
3.408100000000000307e+01 1.026376001834869385e+02 3.300000000000000000e+01 9.500000000000000000e+01
3.534000000000000341e+01 1.026376001834869385e+02 3.400000000000000000e+01 9.100000000000000000e+01
3.550800000000000267e+01 1.026376001834869385e+02 3.500000000000000000e+01 1.100000000000000000e+02
3.659400000000000830e+01 1.026376001834869385e+02 3.600000000000000000e+01 9.600000000000000000e+01
3.731200000000001893e+01 1.026376001834869385e+02 3.700000000000000000e+01 8.900000000000000000e+01
3.848800000000002086e+01 1.026376001834869385e+02 3.800000000000000000e+01 7.800000000000000000e+01
3.937900000000001199e+01 1.026376001834869385e+02 3.900000000000000000e+01 4.400000000000000000e+01
4.160799999999998988e+01 1.026376001834869385e+02 4.000000000000000000e+01 1.050000000000000000e+02
4.339099999999996982e+01 1.026376001834869385e+02 4.100000000000000000e+01 2.450000000000000000e+02
4.397199999999995157e+01 1.026376001834869385e+02 4.200000000000000000e+01 2.260000000000000000e+02
4.507499999999996021e+01 1.026376001834869385e+02 4.300000000000000000e+01 2.350000000000000000e+02
4.624299999999994526e+01 1.026376001834869385e+02 4.400000000000000000e+01 2.610000000000000000e+02
4.812799999999990774e+01 1.026376001834869385e+02 4.500000000000000000e+01 3.960000000000000000e+02
4.917799999999990490e+01 1.026376001834869385e+02 4.600000000000000000e+01 3.540000000000000000e+02
5.009699999999988762e+01 1.026376001834869385e+02 4.700000000000000000e+01 4.440000000000000000e+02
5.131599999999983908e+01 1.026376001834869385e+02 4.800000000000000000e+01 3.220000000000000000e+02
5.187899999999981304e+01 1.026376001834869385e+02 4.900000000000000000e+01 4.060000000000000000e+02
5.347499999999972431e+01 1.026376001834869385e+02 5.000000000000000000e+01 3.290000000000000000e+02
5.447999999999974108e+01 1.026376001834869385e+02 5.100000000000000000e+01 3.530000000000000000e+02
5.604799999999973892e+01 1.026376001834869385e+02 5.200000000000000000e+01 3.690000000000000000e+02
5.692099999999981463e+01 1.026376001834869385e+02 5.300000000000000000e+01 3.120000000000000000e+02
5.788699999999981571e+01 1.026376001834869385e+02 5.400000000000000000e+01 2.190000000000000000e+02
5.874199999999985522e+01 1.026376001834869385e+02 5.500000000000000000e+01 2.080000000000000000e+02
6.000299999999988643e+01 1.026376001834869385e+02 5.600000000000000000e+01 3.720000000000000000e+02
6.124600000000000222e+01 1.026376001834869385e+02 5.700000000000000000e+01 9.100000000000000000e+01
6.220400000000001484e+01 1.026376001834869385e+02 5.800000000000000000e+01 1.740000000000000000e+02
6.392100000000012017e+01 1.026376001834869385e+02 5.900000000000000000e+01 2.880000000000000000e+02
6.752300000000047930e+01 1.026376001834869385e+02 6.000000000000000000e+01 1.490000000000000000e+02
6.817700000000046145e+01 1.026376001834869385e+02 6.100000000000000000e+01 3.120000000000000000e+02
7.216600000000049420e+01 1.026376001834869385e+02 6.200000000000000000e+01 8.740000000000000000e+02
7.431300000000048556e+01 1.026376001834869385e+02 6.300000000000000000e+01 1.130000000000000000e+02
7.751100000000060675e+01 1.026376001834869385e+02 6.400000000000000000e+01 2.080000000000000000e+02
7.941400000000062676e+01 1.026376001834869385e+02 6.500000000000000000e+01 9.500000000000000000e+01
8.160000000000074749e+01 1.026376001834869385e+02 6.600000000000000000e+01 5.040000000000000000e+02
8.258500000000074692e+01 1.026376001834869385e+02 6.700000000000000000e+01 1.130000000000000000e+02
8.512000000000085720e+01 1.026376001834869385e+02 6.800000000000000000e+01 1.250000000000000000e+02
8.730300000000089256e+01 1.026376001834869385e+02 6.900000000000000000e+01 1.860000000000000000e+02
8.830500000000090211e+01 1.026376001834869385e+02 7.000000000000000000e+01 1.640000000000000000e+02
9.119100000000098305e+01 1.026376001834869385e+02 7.100000000000000000e+01 2.020000000000000000e+02
9.438600000000117518e+01 1.026376001834869385e+02 7.200000000000000000e+01 2.140000000000000000e+02
9.647000000000137732e+01 1.026376001834869385e+02 7.300000000000000000e+01 7.200000000000000000e+01
1.025870000000016375e+02 1.026376001834869385e+02 7.400000000000000000e+01 7.000000000000000000e+00
5.288000000000001144e+00 1.076581122875213623e+02 0.000000000000000000e+00 0.000000000000000000e+00
7.414000000000000590e+00 1.076581122875213623e+02 1.000000000000000000e+00 6.000000000000000000e+00
8.365999999999999659e+00 1.076581122875213623e+02 2.000000000000000000e+00 2.100000000000000000e+01
9.320000000000002061e+00 1.076581122875213623e+02 3.000000000000000000e+00 1.300000000000000000e+01
1.045100000000000051e+01 1.076581122875213623e+02 4.000000000000000000e+00 2.500000000000000000e+01
1.043800000000000061e+01 1.076581122875213623e+02 5.000000000000000000e+00 1.900000000000000000e+01
1.186399999999999899e+01 1.076581122875213623e+02 6.000000000000000000e+00 2.700000000000000000e+01
1.270199999999999818e+01 1.076581122875213623e+02 7.000000000000000000e+00 3.000000000000000000e+01
1.320299999999999763e+01 1.076581122875213623e+02 8.000000000000000000e+00 3.100000000000000000e+01
1.415399999999999814e+01 1.076581122875213623e+02 9.000000000000000000e+00 2.900000000000000000e+01
1.478599999999999959e+01 1.076581122875213623e+02 1.000000000000000000e+01 6.300000000000000000e+01
1.537599999999999945e+01 1.076581122875213623e+02 1.100000000000000000e+01 4.100000000000000000e+01
1.621399999999999508e+01 1.076581122875213623e+02 1.200000000000000000e+01 7.100000000000000000e+01
1.739199999999999946e+01 1.076581122875213623e+02 1.300000000000000000e+01 5.000000000000000000e+01
1.797099999999999653e+01 1.076581122875213623e+02 1.400000000000000000e+01 7.300000000000000000e+01
1.864699999999999847e+01 1.076581122875213623e+02 1.500000000000000000e+01 4.500000000000000000e+01
1.924299999999999855e+01 1.076581122875213623e+02 1.600000000000000000e+01 5.900000000000000000e+01
2.013799999999999457e+01 1.076581122875213623e+02 1.700000000000000000e+01 1.020000000000000000e+02
2.119699999999999562e+01 1.076581122875213623e+02 1.800000000000000000e+01 7.600000000000000000e+01
2.174699999999999633e+01 1.076581122875213623e+02 1.900000000000000000e+01 3.900000000000000000e+01
2.301099999999999568e+01 1.076581122875213623e+02 2.000000000000000000e+01 7.600000000000000000e+01
2.391199999999998838e+01 1.076581122875213623e+02 2.100000000000000000e+01 1.040000000000000000e+02
2.472599999999999199e+01 1.076581122875213623e+02 2.200000000000000000e+01 7.800000000000000000e+01
2.538199999999999079e+01 1.076581122875213623e+02 2.300000000000000000e+01 5.200000000000000000e+01
2.772399999999999309e+01 1.076581122875213623e+02 2.400000000000000000e+01 6.100000000000000000e+01
2.870599999999999241e+01 1.076581122875213623e+02 2.500000000000000000e+01 1.210000000000000000e+02
3.028799999999998604e+01 1.076581122875213623e+02 2.600000000000000000e+01 8.700000000000000000e+01
3.076399999999998514e+01 1.076581122875213623e+02 2.700000000000000000e+01 7.800000000000000000e+01
3.166199999999998838e+01 1.076581122875213623e+02 2.800000000000000000e+01 7.300000000000000000e+01
3.273999999999999488e+01 1.076581122875213623e+02 2.900000000000000000e+01 1.400000000000000000e+01
3.447500000000000142e+01 1.076581122875213623e+02 3.000000000000000000e+01 5.100000000000000000e+01
3.482600000000001472e+01 1.076581122875213623e+02 3.100000000000000000e+01 1.010000000000000000e+02
3.568600000000001415e+01 1.076581122875213623e+02 3.200000000000000000e+01 9.900000000000000000e+01
3.686700000000002575e+01 1.076581122875213623e+02 3.300000000000000000e+01 3.100000000000000000e+01
3.759600000000002495e+01 1.076581122875213623e+02 3.400000000000000000e+01 8.700000000000000000e+01
3.837900000000002620e+01 1.076581122875213623e+02 3.500000000000000000e+01 6.600000000000000000e+01
4.000400000000004042e+01 1.076581122875213623e+02 3.600000000000000000e+01 4.700000000000000000e+01
4.098500000000005627e+01 1.076581122875213623e+02 3.700000000000000000e+01 5.400000000000000000e+01
4.338800000000005497e+01 1.076581122875213623e+02 3.800000000000000000e+01 6.000000000000000000e+01
4.460000000000006537e+01 1.076581122875213623e+02 3.900000000000000000e+01 1.700000000000000000e+02
4.557700000000006924e+01 1.076581122875213623e+02 4.000000000000000000e+01 6.700000000000000000e+01
4.765600000000006276e+01 1.076581122875213623e+02 4.100000000000000000e+01 1.210000000000000000e+02
4.873500000000006338e+01 1.076581122875213623e+02 4.200000000000000000e+01 1.060000000000000000e+02
5.144700000000005247e+01 1.076581122875213623e+02 4.300000000000000000e+01 1.130000000000000000e+02
5.251500000000002188e+01 1.076581122875213623e+02 4.400000000000000000e+01 1.470000000000000000e+02
5.444799999999997908e+01 1.076581122875213623e+02 4.500000000000000000e+01 1.440000000000000000e+02
5.557199999999996010e+01 1.076581122875213623e+02 4.600000000000000000e+01 1.420000000000000000e+02
5.757999999999987750e+01 1.076581122875213623e+02 4.700000000000000000e+01 9.600000000000000000e+01
5.882099999999984874e+01 1.076581122875213623e+02 4.800000000000000000e+01 7.000000000000000000e+01
6.055799999999979377e+01 1.076581122875213623e+02 4.900000000000000000e+01 7.600000000000000000e+01
6.371599999999968134e+01 1.076581122875213623e+02 5.000000000000000000e+01 3.330000000000000000e+02
6.575499999999973966e+01 1.076581122875213623e+02 5.100000000000000000e+01 1.670000000000000000e+02
6.648299999999979093e+01 1.076581122875213623e+02 5.200000000000000000e+01 2.450000000000000000e+02
6.856999999999982265e+01 1.076581122875213623e+02 5.300000000000000000e+01 1.330000000000000000e+02
6.978799999999988302e+01 1.076581122875213623e+02 5.400000000000000000e+01 1.330000000000000000e+02
7.136899999999987187e+01 1.076581122875213623e+02 5.500000000000000000e+01 9.500000000000000000e+01
7.258699999999996066e+01 1.076581122875213623e+02 5.600000000000000000e+01 1.220000000000000000e+02
7.427099999999997237e+01 1.076581122875213623e+02 5.700000000000000000e+01 1.050000000000000000e+02
7.554300000000010584e+01 1.076581122875213623e+02 5.800000000000000000e+01 1.440000000000000000e+02
7.721999999999994202e+01 1.076581122875213623e+02 5.900000000000000000e+01 1.510000000000000000e+02
7.828100000000007697e+01 1.076581122875213623e+02 6.000000000000000000e+01 1.300000000000000000e+02
8.291699999999984527e+01 1.076581122875213623e+02 6.100000000000000000e+01 2.500000000000000000e+02
8.389299999999984436e+01 1.076581122875213623e+02 6.200000000000000000e+01 3.120000000000000000e+02
8.556799999999986994e+01 1.076581122875213623e+02 6.300000000000000000e+01 1.070000000000000000e+02
8.690899999999990655e+01 1.076581122875213623e+02 6.400000000000000000e+01 1.690000000000000000e+02
8.857399999999996965e+01 1.076581122875213623e+02 6.500000000000000000e+01 2.060000000000000000e+02
9.012900000000006173e+01 1.076581122875213623e+02 6.600000000000000000e+01 1.860000000000000000e+02
9.107000000000010687e+01 1.076581122875213623e+02 6.700000000000000000e+01 2.280000000000000000e+02
9.261700000000020339e+01 1.076581122875213623e+02 6.800000000000000000e+01 7.800000000000000000e+01
9.551100000000030832e+01 1.076581122875213623e+02 6.900000000000000000e+01 1.610000000000000000e+02
9.880100000000041405e+01 1.076581122875213623e+02 7.000000000000000000e+01 5.580000000000000000e+02
1.013740000000004784e+02 1.076581122875213623e+02 7.100000000000000000e+01 2.100000000000000000e+02
1.035740000000005381e+02 1.076581122875213623e+02 7.200000000000000000e+01 5.220000000000000000e+02
1.050570000000006559e+02 1.076581122875213623e+02 7.300000000000000000e+01 6.700000000000000000e+01
1.075170000000008201e+02 1.076581122875213623e+02 7.400000000000000000e+01 1.000000000000000000e+01
3.904000000000000359e+00 1.039473302364349365e+02 0.000000000000000000e+00 0.000000000000000000e+00
6.741000000000000547e+00 1.039473302364349365e+02 1.000000000000000000e+00 9.000000000000000000e+00
7.506999999999999673e+00 1.039473302364349365e+02 2.000000000000000000e+00 1.100000000000000000e+01
8.148999999999999133e+00 1.039473302364349365e+02 3.000000000000000000e+00 2.000000000000000000e+00
1.006399999999999828e+01 1.039473302364349365e+02 4.000000000000000000e+00 2.700000000000000000e+01
1.078199999999999825e+01 1.039473302364349365e+02 5.000000000000000000e+00 2.600000000000000000e+01
1.165899999999999892e+01 1.039473302364349365e+02 6.000000000000000000e+00 3.000000000000000000e+01
1.200699999999999967e+01 1.039473302364349365e+02 7.000000000000000000e+00 3.600000000000000000e+01
1.267900000000000027e+01 1.039473302364349365e+02 8.000000000000000000e+00 6.200000000000000000e+01
1.447699999999999854e+01 1.039473302364349365e+02 9.000000000000000000e+00 3.700000000000000000e+01
1.534199999999999875e+01 1.039473302364349365e+02 1.000000000000000000e+01 8.400000000000000000e+01
1.534199999999999875e+01 1.039473302364349365e+02 1.100000000000000000e+01 4.700000000000000000e+01
1.608799999999999741e+01 1.039473302364349365e+02 1.200000000000000000e+01 7.700000000000000000e+01
1.696099999999999852e+01 1.039473302364349365e+02 1.300000000000000000e+01 6.700000000000000000e+01
1.779100000000000392e+01 1.039473302364349365e+02 1.400000000000000000e+01 5.200000000000000000e+01
1.829900000000000304e+01 1.039473302364349365e+02 1.500000000000000000e+01 1.150000000000000000e+02
1.916100000000000136e+01 1.039473302364349365e+02 1.600000000000000000e+01 9.800000000000000000e+01
1.947500000000000497e+01 1.039473302364349365e+02 1.700000000000000000e+01 7.300000000000000000e+01
2.071900000000000475e+01 1.039473302364349365e+02 1.800000000000000000e+01 1.720000000000000000e+02
2.180899999999999750e+01 1.039473302364349365e+02 1.900000000000000000e+01 7.800000000000000000e+01
2.261599999999999611e+01 1.039473302364349365e+02 2.000000000000000000e+01 1.120000000000000000e+02
2.353499999999998948e+01 1.039473302364349365e+02 2.100000000000000000e+01 1.230000000000000000e+02
2.366999999999999105e+01 1.039473302364349365e+02 2.200000000000000000e+01 1.760000000000000000e+02
2.551899999999999480e+01 1.039473302364349365e+02 2.300000000000000000e+01 1.860000000000000000e+02
2.586699999999999378e+01 1.039473302364349365e+02 2.400000000000000000e+01 1.840000000000000000e+02
2.685099999999999199e+01 1.039473302364349365e+02 2.500000000000000000e+01 1.660000000000000000e+02
2.748699999999999477e+01 1.039473302364349365e+02 2.600000000000000000e+01 1.050000000000000000e+02
2.859199999999998809e+01 1.039473302364349365e+02 2.700000000000000000e+01 7.000000000000000000e+01
2.978399999999998471e+01 1.039473302364349365e+02 2.800000000000000000e+01 9.500000000000000000e+01
3.023299999999998633e+01 1.039473302364349365e+02 2.900000000000000000e+01 1.230000000000000000e+02
3.107299999999998263e+01 1.039473302364349365e+02 3.000000000000000000e+01 7.800000000000000000e+01
3.208399999999998187e+01 1.039473302364349365e+02 3.100000000000000000e+01 1.370000000000000000e+02
3.242499999999998295e+01 1.039473302364349365e+02 3.200000000000000000e+01 1.060000000000000000e+02
3.361799999999998789e+01 1.039473302364349365e+02 3.300000000000000000e+01 4.700000000000000000e+01
3.456599999999998829e+01 1.039473302364349365e+02 3.400000000000000000e+01 7.800000000000000000e+01
3.588799999999997681e+01 1.039473302364349365e+02 3.500000000000000000e+01 5.500000000000000000e+01
3.703899999999998016e+01 1.039473302364349365e+02 3.600000000000000000e+01 1.010000000000000000e+02
3.835199999999998255e+01 1.039473302364349365e+02 3.700000000000000000e+01 5.900000000000000000e+01
3.963099999999997891e+01 1.039473302364349365e+02 3.800000000000000000e+01 9.600000000000000000e+01
4.166500000000000625e+01 1.039473302364349365e+02 3.900000000000000000e+01 1.640000000000000000e+02
4.237299999999999045e+01 1.039473302364349365e+02 4.000000000000000000e+01 1.160000000000000000e+02
4.421499999999997499e+01 1.039473302364349365e+02 4.100000000000000000e+01 6.400000000000000000e+01
4.537299999999997624e+01 1.039473302364349365e+02 4.200000000000000000e+01 7.000000000000000000e+01
4.766699999999996606e+01 1.039473302364349365e+02 4.300000000000000000e+01 1.250000000000000000e+02
4.895799999999991314e+01 1.039473302364349365e+02 4.400000000000000000e+01 1.820000000000000000e+02
5.024899999999989575e+01 1.039473302364349365e+02 4.500000000000000000e+01 1.130000000000000000e+02
5.124999999999985789e+01 1.039473302364349365e+02 4.600000000000000000e+01 2.100000000000000000e+01
5.289899999999982327e+01 1.039473302364349365e+02 4.700000000000000000e+01 8.100000000000000000e+01
5.406799999999979889e+01 1.039473302364349365e+02 4.800000000000000000e+01 3.000000000000000000e+01
5.756799999999974915e+01 1.039473302364349365e+02 4.900000000000000000e+01 7.900000000000000000e+01
6.031099999999963757e+01 1.039473302364349365e+02 5.000000000000000000e+01 1.010000000000000000e+02
6.247299999999962239e+01 1.039473302364349365e+02 5.100000000000000000e+01 1.290000000000000000e+02
6.324899999999964706e+01 1.039473302364349365e+02 5.200000000000000000e+01 7.100000000000000000e+01
6.633699999999973329e+01 1.039473302364349365e+02 5.300000000000000000e+01 9.700000000000000000e+01
6.670099999999973761e+01 1.039473302364349365e+02 5.400000000000000000e+01 1.320000000000000000e+02
6.843599999999969441e+01 1.039473302364349365e+02 5.500000000000000000e+01 5.990000000000000000e+02
6.979899999999975080e+01 1.039473302364349365e+02 5.600000000000000000e+01 1.260000000000000000e+02
7.160599999999972454e+01 1.039473302364349365e+02 5.700000000000000000e+01 9.300000000000000000e+01
7.255599999999984107e+01 1.039473302364349365e+02 5.800000000000000000e+01 1.040000000000000000e+02
7.478199999999978331e+01 1.039473302364349365e+02 5.900000000000000000e+01 1.060000000000000000e+02
7.680499999999997840e+01 1.039473302364349365e+02 6.000000000000000000e+01 1.820000000000000000e+02
7.813099999999995759e+01 1.039473302364349365e+02 6.100000000000000000e+01 1.650000000000000000e+02
7.939399999999994861e+01 1.039473302364349365e+02 6.200000000000000000e+01 8.700000000000000000e+01
8.091599999999998261e+01 1.039473302364349365e+02 6.300000000000000000e+01 8.100000000000000000e+01
8.258000000000014040e+01 1.039473302364349365e+02 6.400000000000000000e+01 9.000000000000000000e+01
8.461900000000022715e+01 1.039473302364349365e+02 6.500000000000000000e+01 1.350000000000000000e+02
8.767700000000040461e+01 1.039473302364349365e+02 6.600000000000000000e+01 1.900000000000000000e+02
8.991500000000044679e+01 1.039473302364349365e+02 6.700000000000000000e+01 1.377000000000000000e+03
9.130500000000051841e+01 1.039473302364349365e+02 6.800000000000000000e+01 4.000000000000000000e+02
9.386900000000058242e+01 1.039473302364349365e+02 6.900000000000000000e+01 2.040000000000000000e+02
9.566900000000065063e+01 1.039473302364349365e+02 7.000000000000000000e+01 2.530000000000000000e+02
9.737100000000070565e+01 1.039473302364349365e+02 7.100000000000000000e+01 9.400000000000000000e+01
9.994900000000082230e+01 1.039473302364349365e+02 7.200000000000000000e+01 9.300000000000000000e+01
1.016430000000009386e+02 1.039473302364349365e+02 7.300000000000000000e+01 1.150000000000000000e+02
1.039590000000010264e+02 1.039473302364349365e+02 7.400000000000000000e+01 6.100000000000000000e+01
4.447000000000000064e+00 9.435160613059997559e+01 0.000000000000000000e+00 0.000000000000000000e+00
6.831000000000001293e+00 9.435160613059997559e+01 1.000000000000000000e+00 0.000000000000000000e+00
8.677000000000001378e+00 9.435160613059997559e+01 2.000000000000000000e+00 6.000000000000000000e+00
9.996000000000000441e+00 9.435160613059997559e+01 3.000000000000000000e+00 2.300000000000000000e+01
1.089800000000000324e+01 9.435160613059997559e+01 4.000000000000000000e+00 2.100000000000000000e+01
1.196300000000000274e+01 9.435160613059997559e+01 5.000000000000000000e+00 2.000000000000000000e+01
1.281700000000000372e+01 9.435160613059997559e+01 6.000000000000000000e+00 2.500000000000000000e+01
1.388400000000000389e+01 9.435160613059997559e+01 7.000000000000000000e+00 3.600000000000000000e+01
1.444200000000000550e+01 9.435160613059997559e+01 8.000000000000000000e+00 3.400000000000000000e+01
1.524400000000000510e+01 9.435160613059997559e+01 9.000000000000000000e+00 2.400000000000000000e+01
1.540100000000000513e+01 9.435160613059997559e+01 1.000000000000000000e+01 3.600000000000000000e+01
1.600400000000000489e+01 9.435160613059997559e+01 1.100000000000000000e+01 4.100000000000000000e+01
1.644500000000000384e+01 9.435160613059997559e+01 1.200000000000000000e+01 5.000000000000000000e+01
1.721100000000000563e+01 9.435160613059997559e+01 1.300000000000000000e+01 5.200000000000000000e+01
1.805500000000000327e+01 9.435160613059997559e+01 1.400000000000000000e+01 5.300000000000000000e+01
1.819300000000000495e+01 9.435160613059997559e+01 1.500000000000000000e+01 4.700000000000000000e+01
1.898600000000001131e+01 9.435160613059997559e+01 1.600000000000000000e+01 6.200000000000000000e+01
1.961300000000001376e+01 9.435160613059997559e+01 1.700000000000000000e+01 6.700000000000000000e+01
2.115800000000000836e+01 9.435160613059997559e+01 1.800000000000000000e+01 7.400000000000000000e+01
2.175700000000000855e+01 9.435160613059997559e+01 1.900000000000000000e+01 1.050000000000000000e+02
2.265900000000000958e+01 9.435160613059997559e+01 2.000000000000000000e+01 1.180000000000000000e+02
2.352400000000001157e+01 9.435160613059997559e+01 2.100000000000000000e+01 8.400000000000000000e+01
2.383800000000001162e+01 9.435160613059997559e+01 2.200000000000000000e+01 8.900000000000000000e+01
2.454400000000001469e+01 9.435160613059997559e+01 2.300000000000000000e+01 9.100000000000000000e+01
2.545500000000001606e+01 9.435160613059997559e+01 2.400000000000000000e+01 1.060000000000000000e+02
2.628400000000001668e+01 9.435160613059997559e+01 2.500000000000000000e+01 1.500000000000000000e+02
2.811500000000002331e+01 9.435160613059997559e+01 2.600000000000000000e+01 1.010000000000000000e+02
2.992500000000001847e+01 9.435160613059997559e+01 2.700000000000000000e+01 1.240000000000000000e+02
3.100200000000002021e+01 9.435160613059997559e+01 2.800000000000000000e+01 1.020000000000000000e+02
3.202600000000001756e+01 9.435160613059997559e+01 2.900000000000000000e+01 1.660000000000000000e+02
3.304600000000003490e+01 9.435160613059997559e+01 3.000000000000000000e+01 1.520000000000000000e+02
3.377300000000004587e+01 9.435160613059997559e+01 3.100000000000000000e+01 1.960000000000000000e+02
3.440200000000004366e+01 9.435160613059997559e+01 3.200000000000000000e+01 1.840000000000000000e+02
3.522400000000003928e+01 9.435160613059997559e+01 3.300000000000000000e+01 1.210000000000000000e+02
3.646800000000005326e+01 9.435160613059997559e+01 3.400000000000000000e+01 9.500000000000000000e+01
3.732600000000003604e+01 9.435160613059997559e+01 3.500000000000000000e+01 1.490000000000000000e+02
3.711400000000003985e+01 9.435160613059997559e+01 3.600000000000000000e+01 2.180000000000000000e+02
3.834500000000004150e+01 9.435160613059997559e+01 3.700000000000000000e+01 1.030000000000000000e+02
3.970100000000005736e+01 9.435160613059997559e+01 3.800000000000000000e+01 1.770000000000000000e+02
4.000900000000005718e+01 9.435160613059997559e+01 3.900000000000000000e+01 1.890000000000000000e+02
4.150500000000005230e+01 9.435160613059997559e+01 4.000000000000000000e+01 1.560000000000000000e+02
4.223700000000003740e+01 9.435160613059997559e+01 4.100000000000000000e+01 2.460000000000000000e+02
4.352900000000003899e+01 9.435160613059997559e+01 4.200000000000000000e+01 1.980000000000000000e+02
4.405600000000004002e+01 9.435160613059997559e+01 4.300000000000000000e+01 3.140000000000000000e+02
4.472400000000001086e+01 9.435160613059997559e+01 4.400000000000000000e+01 1.800000000000000000e+02
4.602700000000000102e+01 9.435160613059997559e+01 4.500000000000000000e+01 1.500000000000000000e+02
4.715199999999996550e+01 9.435160613059997559e+01 4.600000000000000000e+01 2.700000000000000000e+02
4.837999999999992440e+01 9.435160613059997559e+01 4.700000000000000000e+01 1.960000000000000000e+02
4.955299999999987648e+01 9.435160613059997559e+01 4.800000000000000000e+01 8.700000000000000000e+01
5.046999999999984965e+01 9.435160613059997559e+01 4.900000000000000000e+01 2.310000000000000000e+02
5.188499999999977064e+01 9.435160613059997559e+01 5.000000000000000000e+01 2.320000000000000000e+02
5.379799999999972471e+01 9.435160613059997559e+01 5.100000000000000000e+01 1.820000000000000000e+02
5.458499999999973795e+01 9.435160613059997559e+01 5.200000000000000000e+01 1.200000000000000000e+02
5.716599999999990445e+01 9.435160613059997559e+01 5.300000000000000000e+01 1.010000000000000000e+02
5.942099999999995674e+01 9.435160613059997559e+01 5.400000000000000000e+01 1.590000000000000000e+02
6.042600000000003746e+01 9.435160613059997559e+01 5.500000000000000000e+01 3.100000000000000000e+01
6.279600000000004911e+01 9.435160613059997559e+01 5.600000000000000000e+01 2.250000000000000000e+02
6.357300000000011408e+01 9.435160613059997559e+01 5.700000000000000000e+01 1.000000000000000000e+02
6.573200000000031196e+01 9.435160613059997559e+01 5.800000000000000000e+01 1.200000000000000000e+02
6.759800000000028319e+01 9.435160613059997559e+01 5.900000000000000000e+01 1.300000000000000000e+02
6.873100000000040666e+01 9.435160613059997559e+01 6.000000000000000000e+01 1.400000000000000000e+02
7.059700000000026421e+01 9.435160613059997559e+01 6.100000000000000000e+01 1.920000000000000000e+02
7.150100000000030320e+01 9.435160613059997559e+01 6.200000000000000000e+01 1.920000000000000000e+02
7.307900000000029195e+01 9.435160613059997559e+01 6.300000000000000000e+01 1.510000000000000000e+02
7.421000000000033481e+01 9.435160613059997559e+01 6.400000000000000000e+01 2.360000000000000000e+02
7.600800000000033663e+01 9.435160613059997559e+01 6.500000000000000000e+01 2.050000000000000000e+02
7.710300000000042075e+01 9.435160613059997559e+01 6.600000000000000000e+01 1.920000000000000000e+02
7.862600000000050215e+01 9.435160613059997559e+01 6.700000000000000000e+01 1.460000000000000000e+02
8.060500000000062926e+01 9.435160613059997559e+01 6.800000000000000000e+01 1.620000000000000000e+02
8.184700000000070474e+01 9.435160613059997559e+01 6.900000000000000000e+01 1.220000000000000000e+02
8.445200000000075136e+01 9.435160613059997559e+01 7.000000000000000000e+01 9.700000000000000000e+01
8.541900000000077853e+01 9.435160613059997559e+01 7.100000000000000000e+01 1.320000000000000000e+02
8.992200000000104865e+01 9.435160613059997559e+01 7.200000000000000000e+01 1.560000000000000000e+02
9.175300000000112277e+01 9.435160613059997559e+01 7.300000000000000000e+01 1.520000000000000000e+02
9.438700000000129364e+01 9.435160613059997559e+01 7.400000000000000000e+01 1.400000000000000000e+01
6.178000000000000824e+00 1.072728502750396729e+02 0.000000000000000000e+00 8.000000000000000000e+00
7.926000000000001933e+00 1.072728502750396729e+02 1.000000000000000000e+00 4.000000000000000000e+00
1.136300000000000132e+01 1.072728502750396729e+02 2.000000000000000000e+00 3.000000000000000000e+01
1.192700000000000138e+01 1.072728502750396729e+02 3.000000000000000000e+00 4.900000000000000000e+01
1.315300000000000225e+01 1.072728502750396729e+02 4.000000000000000000e+00 2.500000000000000000e+01
1.350100000000000300e+01 1.072728502750396729e+02 5.000000000000000000e+00 5.400000000000000000e+01
1.367600000000000371e+01 1.072728502750396729e+02 6.000000000000000000e+00 3.100000000000000000e+01
1.454800000000000360e+01 1.072728502750396729e+02 7.000000000000000000e+00 4.600000000000000000e+01
1.521300000000000452e+01 1.072728502750396729e+02 8.000000000000000000e+00 5.200000000000000000e+01
1.652500000000000213e+01 1.072728502750396729e+02 9.000000000000000000e+00 7.100000000000000000e+01
1.717900000000000205e+01 1.072728502750396729e+02 1.000000000000000000e+01 8.300000000000000000e+01
1.749500000000000455e+01 1.072728502750396729e+02 1.100000000000000000e+01 6.700000000000000000e+01
1.795700000000000074e+01 1.072728502750396729e+02 1.200000000000000000e+01 6.000000000000000000e+01
1.909699999999999775e+01 1.072728502750396729e+02 1.300000000000000000e+01 1.250000000000000000e+02
1.978999999999999915e+01 1.072728502750396729e+02 1.400000000000000000e+01 9.200000000000000000e+01
2.049700000000000344e+01 1.072728502750396729e+02 1.500000000000000000e+01 1.210000000000000000e+02
2.117000000000000171e+01 1.072728502750396729e+02 1.600000000000000000e+01 6.500000000000000000e+01
2.181499999999999773e+01 1.072728502750396729e+02 1.700000000000000000e+01 8.400000000000000000e+01
2.280600000000000094e+01 1.072728502750396729e+02 1.800000000000000000e+01 7.900000000000000000e+01
2.403199999999999648e+01 1.072728502750396729e+02 1.900000000000000000e+01 1.480000000000000000e+02
2.471199999999999619e+01 1.072728502750396729e+02 2.000000000000000000e+01 1.250000000000000000e+02
2.570999999999999019e+01 1.072728502750396729e+02 2.100000000000000000e+01 1.320000000000000000e+02
2.617999999999999616e+01 1.072728502750396729e+02 2.200000000000000000e+01 4.100000000000000000e+01
2.663899999999999579e+01 1.072728502750396729e+02 2.300000000000000000e+01 8.300000000000000000e+01
2.735999999999999943e+01 1.072728502750396729e+02 2.400000000000000000e+01 9.400000000000000000e+01
2.826700000000000301e+01 1.072728502750396729e+02 2.500000000000000000e+01 1.480000000000000000e+02
2.836700000000000443e+01 1.072728502750396729e+02 2.600000000000000000e+01 7.700000000000000000e+01
2.951000000000000156e+01 1.072728502750396729e+02 2.700000000000000000e+01 5.600000000000000000e+01
2.978500000000000369e+01 1.072728502750396729e+02 2.800000000000000000e+01 7.300000000000000000e+01
3.072100000000000364e+01 1.072728502750396729e+02 2.900000000000000000e+01 2.900000000000000000e+01
3.183500000000000085e+01 1.072728502750396729e+02 3.000000000000000000e+01 5.600000000000000000e+01
3.294600000000000506e+01 1.072728502750396729e+02 3.100000000000000000e+01 1.000000000000000000e+02
3.305500000000000682e+01 1.072728502750396729e+02 3.200000000000000000e+01 1.100000000000000000e+02
3.415600000000001302e+01 1.072728502750396729e+02 3.300000000000000000e+01 1.020000000000000000e+02
3.507600000000002183e+01 1.072728502750396729e+02 3.400000000000000000e+01 8.400000000000000000e+01
3.589600000000002211e+01 1.072728502750396729e+02 3.500000000000000000e+01 1.450000000000000000e+02
3.748900000000003274e+01 1.072728502750396729e+02 3.600000000000000000e+01 1.030000000000000000e+02
3.878000000000002956e+01 1.072728502750396729e+02 3.700000000000000000e+01 1.140000000000000000e+02
3.884700000000001552e+01 1.072728502750396729e+02 3.800000000000000000e+01 1.170000000000000000e+02
3.991400000000000858e+01 1.072728502750396729e+02 3.900000000000000000e+01 7.100000000000000000e+01
4.079500000000000171e+01 1.072728502750396729e+02 4.000000000000000000e+01 1.150000000000000000e+02
4.157099999999997664e+01 1.072728502750396729e+02 4.100000000000000000e+01 1.330000000000000000e+02
4.279199999999999449e+01 1.072728502750396729e+02 4.200000000000000000e+01 1.060000000000000000e+02
4.376699999999998880e+01 1.072728502750396729e+02 4.300000000000000000e+01 1.930000000000000000e+02
4.495899999999998187e+01 1.072728502750396729e+02 4.400000000000000000e+01 1.630000000000000000e+02
4.614099999999996982e+01 1.072728502750396729e+02 4.500000000000000000e+01 2.610000000000000000e+02
4.697199999999994446e+01 1.072728502750396729e+02 4.600000000000000000e+01 2.400000000000000000e+02
4.835699999999992116e+01 1.072728502750396729e+02 4.700000000000000000e+01 9.400000000000000000e+01
4.994899999999986306e+01 1.072728502750396729e+02 4.800000000000000000e+01 1.280000000000000000e+02
5.100799999999983214e+01 1.072728502750396729e+02 4.900000000000000000e+01 1.660000000000000000e+02
5.222599999999975751e+01 1.072728502750396729e+02 5.000000000000000000e+01 1.260000000000000000e+02
5.564899999999980196e+01 1.072728502750396729e+02 5.100000000000000000e+01 2.600000000000000000e+01
5.715099999999983993e+01 1.072728502750396729e+02 5.200000000000000000e+01 2.140000000000000000e+02
5.837299999999991229e+01 1.072728502750396729e+02 5.300000000000000000e+01 7.000000000000000000e+01
5.974799999999994782e+01 1.072728502750396729e+02 5.400000000000000000e+01 2.630000000000000000e+02
6.117200000000005389e+01 1.072728502750396729e+02 5.500000000000000000e+01 4.000000000000000000e+01
6.242800000000006122e+01 1.072728502750396729e+02 5.600000000000000000e+01 6.800000000000000000e+01
6.621700000000004138e+01 1.072728502750396729e+02 5.700000000000000000e+01 3.430000000000000000e+02
6.933400000000020214e+01 1.072728502750396729e+02 5.800000000000000000e+01 2.030000000000000000e+02
7.244199999999992201e+01 1.072728502750396729e+02 5.900000000000000000e+01 1.780000000000000000e+02
7.504800000000024340e+01 1.072728502750396729e+02 6.000000000000000000e+01 1.760000000000000000e+02
7.548000000000020293e+01 1.072728502750396729e+02 6.100000000000000000e+01 4.830000000000000000e+02
7.749400000000019872e+01 1.072728502750396729e+02 6.200000000000000000e+01 1.250000000000000000e+02
7.834400000000020725e+01 1.072728502750396729e+02 6.300000000000000000e+01 2.230000000000000000e+02
8.045400000000026353e+01 1.072728502750396729e+02 6.400000000000000000e+01 1.210000000000000000e+02
8.136200000000030741e+01 1.072728502750396729e+02 6.500000000000000000e+01 2.890000000000000000e+02
8.317900000000035732e+01 1.072728502750396729e+02 6.600000000000000000e+01 1.970000000000000000e+02
8.668700000000055184e+01 1.072728502750396729e+02 6.700000000000000000e+01 1.900000000000000000e+02
9.003900000000068360e+01 1.072728502750396729e+02 6.800000000000000000e+01 2.890000000000000000e+02
9.120000000000071338e+01 1.072728502750396729e+02 6.900000000000000000e+01 1.650000000000000000e+02
9.829200000000088266e+01 1.072728502750396729e+02 7.000000000000000000e+01 3.410000000000000000e+02
1.005280000000009579e+02 1.072728502750396729e+02 7.100000000000000000e+01 4.130000000000000000e+02
1.021180000000010466e+02 1.072728502750396729e+02 7.200000000000000000e+01 7.100000000000000000e+01
1.053240000000012060e+02 1.072728502750396729e+02 7.300000000000000000e+01 8.400000000000000000e+01
1.071370000000012936e+02 1.072728502750396729e+02 7.400000000000000000e+01 7.700000000000000000e+01
4.416999999999999815e+00 9.468436336517333984e+01 0.000000000000000000e+00 4.000000000000000000e+00
5.623999999999999666e+00 9.468436336517333984e+01 1.000000000000000000e+00 7.000000000000000000e+00
6.795999999999999375e+00 9.468436336517333984e+01 2.000000000000000000e+00 2.000000000000000000e+00
7.362999999999999545e+00 9.468436336517333984e+01 3.000000000000000000e+00 7.000000000000000000e+00
8.755000000000000782e+00 9.468436336517333984e+01 4.000000000000000000e+00 1.200000000000000000e+01
8.459999999999999076e+00 9.468436336517333984e+01 5.000000000000000000e+00 1.200000000000000000e+01
9.785000000000000142e+00 9.468436336517333984e+01 6.000000000000000000e+00 1.600000000000000000e+01
1.029500000000000171e+01 9.468436336517333984e+01 7.000000000000000000e+00 1.500000000000000000e+01
1.056200000000000117e+01 9.468436336517333984e+01 8.000000000000000000e+00 1.400000000000000000e+01
1.107800000000000118e+01 9.468436336517333984e+01 9.000000000000000000e+00 2.200000000000000000e+01
1.181000000000000050e+01 9.468436336517333984e+01 1.000000000000000000e+01 1.800000000000000000e+01
1.249000000000000021e+01 9.468436336517333984e+01 1.100000000000000000e+01 2.500000000000000000e+01
1.249000000000000021e+01 9.468436336517333984e+01 1.200000000000000000e+01 3.700000000000000000e+01
1.315799999999999947e+01 9.468436336517333984e+01 1.300000000000000000e+01 2.600000000000000000e+01
1.397600000000000087e+01 9.468436336517333984e+01 1.400000000000000000e+01 3.200000000000000000e+01
1.422399999999999842e+01 9.468436336517333984e+01 1.500000000000000000e+01 2.800000000000000000e+01
1.505300000000000082e+01 9.468436336517333984e+01 1.600000000000000000e+01 3.900000000000000000e+01
1.531400000000000006e+01 9.468436336517333984e+01 1.700000000000000000e+01 4.400000000000000000e+01
1.590099999999999980e+01 9.468436336517333984e+01 1.800000000000000000e+01 6.100000000000000000e+01
1.695199999999999818e+01 9.468436336517333984e+01 1.900000000000000000e+01 7.300000000000000000e+01
1.797199999999999775e+01 9.468436336517333984e+01 2.000000000000000000e+01 4.100000000000000000e+01
1.890099999999999980e+01 9.468436336517333984e+01 2.100000000000000000e+01 6.700000000000000000e+01
1.937900000000000134e+01 9.468436336517333984e+01 2.200000000000000000e+01 8.100000000000000000e+01
2.005200000000000315e+01 9.468436336517333984e+01 2.300000000000000000e+01 6.400000000000000000e+01
2.034900000000000375e+01 9.468436336517333984e+01 2.400000000000000000e+01 8.700000000000000000e+01
2.140200000000000458e+01 9.468436336517333984e+01 2.500000000000000000e+01 6.400000000000000000e+01
2.243100000000000449e+01 9.468436336517333984e+01 2.600000000000000000e+01 9.900000000000000000e+01
2.260900000000000531e+01 9.468436336517333984e+01 2.700000000000000000e+01 6.200000000000000000e+01
2.336700000000000443e+01 9.468436336517333984e+01 2.800000000000000000e+01 1.270000000000000000e+02
2.423500000000000298e+01 9.468436336517333984e+01 2.900000000000000000e+01 9.500000000000000000e+01
2.448400000000000176e+01 9.468436336517333984e+01 3.000000000000000000e+01 1.500000000000000000e+02
2.567700000000000315e+01 9.468436336517333984e+01 3.100000000000000000e+01 1.160000000000000000e+02
2.644900000000000517e+01 9.468436336517333984e+01 3.200000000000000000e+01 6.200000000000000000e+01
2.724600000000000932e+01 9.468436336517333984e+01 3.300000000000000000e+01 1.520000000000000000e+02
2.834400000000000830e+01 9.468436336517333984e+01 3.400000000000000000e+01 1.030000000000000000e+02
2.855900000000001171e+01 9.468436336517333984e+01 3.500000000000000000e+01 8.500000000000000000e+01
2.972200000000001197e+01 9.468436336517333984e+01 3.600000000000000000e+01 5.000000000000000000e+01
3.081500000000001194e+01 9.468436336517333984e+01 3.700000000000000000e+01 4.700000000000000000e+01
3.180500000000001037e+01 9.468436336517333984e+01 3.800000000000000000e+01 4.100000000000000000e+01
3.247300000000001319e+01 9.468436336517333984e+01 3.900000000000000000e+01 5.700000000000000000e+01
3.351500000000001478e+01 9.468436336517333984e+01 4.000000000000000000e+01 1.340000000000000000e+02
3.531300000000000239e+01 9.468436336517333984e+01 4.100000000000000000e+01 6.500000000000000000e+01
3.686100000000002552e+01 9.468436336517333984e+01 4.200000000000000000e+01 9.200000000000000000e+01
3.732200000000002404e+01 9.468436336517333984e+01 4.300000000000000000e+01 8.600000000000000000e+01
3.867300000000001603e+01 9.468436336517333984e+01 4.400000000000000000e+01 1.450000000000000000e+02
3.890000000000001990e+01 9.468436336517333984e+01 4.500000000000000000e+01 8.300000000000000000e+01
4.003000000000002245e+01 9.468436336517333984e+01 4.600000000000000000e+01 9.700000000000000000e+01
4.088400000000000745e+01 9.468436336517333984e+01 4.700000000000000000e+01 4.800000000000000000e+01
4.299500000000000455e+01 9.468436336517333984e+01 4.800000000000000000e+01 6.200000000000000000e+01
4.464599999999999369e+01 9.468436336517333984e+01 4.900000000000000000e+01 8.100000000000000000e+01
4.552599999999998914e+01 9.468436336517333984e+01 5.000000000000000000e+01 8.600000000000000000e+01
4.755699999999994532e+01 9.468436336517333984e+01 5.100000000000000000e+01 1.220000000000000000e+02
5.130599999999986949e+01 9.468436336517333984e+01 5.200000000000000000e+01 8.200000000000000000e+01
5.226099999999984647e+01 9.468436336517333984e+01 5.300000000000000000e+01 2.310000000000000000e+02
5.501499999999980872e+01 9.468436336517333984e+01 5.400000000000000000e+01 2.900000000000000000e+01
5.644999999999971863e+01 9.468436336517333984e+01 5.500000000000000000e+01 5.200000000000000000e+01
6.002499999999982094e+01 9.468436336517333984e+01 5.600000000000000000e+01 9.000000000000000000e+00
6.289799999999987534e+01 9.468436336517333984e+01 5.700000000000000000e+01 4.000000000000000000e+01
6.391899999999991167e+01 9.468436336517333984e+01 5.800000000000000000e+01 5.500000000000000000e+01
6.593299999999985062e+01 9.468436336517333984e+01 5.900000000000000000e+01 4.500000000000000000e+01
6.790600000000002012e+01 9.468436336517333984e+01 6.000000000000000000e+01 9.800000000000000000e+01
6.931700000000006412e+01 9.468436336517333984e+01 6.100000000000000000e+01 1.090000000000000000e+02
7.155200000000010618e+01 9.468436336517333984e+01 6.200000000000000000e+01 1.390000000000000000e+02
7.265500000000012903e+01 9.468436336517333984e+01 6.300000000000000000e+01 1.400000000000000000e+02
7.446100000000022590e+01 9.468436336517333984e+01 6.400000000000000000e+01 1.330000000000000000e+02
7.654500000000020066e+01 9.468436336517333984e+01 6.500000000000000000e+01 1.670000000000000000e+02
7.686900000000022715e+01 9.468436336517333984e+01 6.600000000000000000e+01 1.780000000000000000e+02
7.952100000000019975e+01 9.468436336517333984e+01 6.700000000000000000e+01 1.540000000000000000e+02
8.058100000000030150e+01 9.468436336517333984e+01 6.800000000000000000e+01 2.100000000000000000e+02
8.215500000000025693e+01 9.468436336517333984e+01 6.900000000000000000e+01 1.640000000000000000e+02
8.473900000000038801e+01 9.468436336517333984e+01 7.000000000000000000e+01 1.410000000000000000e+02
8.657400000000050966e+01 9.468436336517333984e+01 7.100000000000000000e+01 1.090000000000000000e+02
9.054700000000070759e+01 9.468436336517333984e+01 7.200000000000000000e+01 7.900000000000000000e+01
9.271300000000081809e+01 9.468436336517333984e+01 7.300000000000000000e+01 1.240000000000000000e+02
9.457900000000091723e+01 9.468436336517333984e+01 7.400000000000000000e+01 5.000000000000000000e+01
