3.250999999999999890e+00 5.489838719367980957e+01 0.000000000000000000e+00 3.000000000000000000e+00
4.887999999999999901e+00 5.489838719367980957e+01 1.000000000000000000e+00 2.000000000000000000e+00
7.555999999999997385e+00 5.489838719367980957e+01 2.000000000000000000e+00 3.200000000000000000e+01
8.426999999999997826e+00 5.489838719367980957e+01 3.000000000000000000e+00 2.100000000000000000e+01
8.937999999999997058e+00 5.489838719367980957e+01 4.000000000000000000e+00 3.000000000000000000e+01
1.041599999999999504e+01 5.489838719367980957e+01 5.000000000000000000e+00 5.500000000000000000e+01
1.105899999999999572e+01 5.489838719367980957e+01 6.000000000000000000e+00 2.600000000000000000e+01
1.168599999999999639e+01 5.489838719367980957e+01 7.000000000000000000e+00 4.200000000000000000e+01
1.214799999999999436e+01 5.489838719367980957e+01 8.000000000000000000e+00 2.400000000000000000e+01
1.214799999999999436e+01 5.489838719367980957e+01 9.000000000000000000e+00 1.000000000000000000e+00
1.226299999999999457e+01 5.489838719367980957e+01 1.000000000000000000e+01 3.700000000000000000e+01
1.300699999999999434e+01 5.489838719367980957e+01 1.100000000000000000e+01 4.100000000000000000e+01
1.300399999999999423e+01 5.489838719367980957e+01 1.200000000000000000e+01 4.500000000000000000e+01
1.367899999999999316e+01 5.489838719367980957e+01 1.300000000000000000e+01 5.700000000000000000e+01
1.419499999999999318e+01 5.489838719367980957e+01 1.400000000000000000e+01 3.800000000000000000e+01
1.482599999999999163e+01 5.489838719367980957e+01 1.500000000000000000e+01 9.600000000000000000e+01
1.528399999999999359e+01 5.489838719367980957e+01 1.600000000000000000e+01 9.700000000000000000e+01
1.551599999999999469e+01 5.489838719367980957e+01 1.700000000000000000e+01 8.000000000000000000e+01
1.614399999999999480e+01 5.489838719367980957e+01 1.800000000000000000e+01 4.900000000000000000e+01
1.659199999999999520e+01 5.489838719367980957e+01 1.900000000000000000e+01 1.000000000000000000e+02
1.695400000000000063e+01 5.489838719367980957e+01 2.000000000000000000e+01 1.330000000000000000e+02
1.777499999999999858e+01 5.489838719367980957e+01 2.100000000000000000e+01 1.380000000000000000e+02
1.838599999999999568e+01 5.489838719367980957e+01 2.200000000000000000e+01 1.130000000000000000e+02
1.907299999999999329e+01 5.489838719367980957e+01 2.300000000000000000e+01 1.420000000000000000e+02
1.945399999999999352e+01 5.489838719367980957e+01 2.400000000000000000e+01 1.400000000000000000e+02
1.991699999999999449e+01 5.489838719367980957e+01 2.500000000000000000e+01 1.540000000000000000e+02
2.045399999999999352e+01 5.489838719367980957e+01 2.600000000000000000e+01 1.760000000000000000e+02
2.045399999999999352e+01 5.489838719367980957e+01 2.700000000000000000e+01 1.510000000000000000e+02
2.087599999999999412e+01 5.489838719367980957e+01 2.800000000000000000e+01 1.790000000000000000e+02
2.110399999999999210e+01 5.489838719367980957e+01 2.900000000000000000e+01 1.260000000000000000e+02
2.183299999999999841e+01 5.489838719367980957e+01 3.000000000000000000e+01 2.490000000000000000e+02
2.213700000000000045e+01 5.489838719367980957e+01 3.100000000000000000e+01 1.870000000000000000e+02
2.249400000000000333e+01 5.489838719367980957e+01 3.200000000000000000e+01 2.380000000000000000e+02
2.279500000000001236e+01 5.489838719367980957e+01 3.300000000000000000e+01 1.820000000000000000e+02
2.345900000000001384e+01 5.489838719367980957e+01 3.400000000000000000e+01 2.640000000000000000e+02
2.349100000000001387e+01 5.489838719367980957e+01 3.500000000000000000e+01 2.810000000000000000e+02
2.411900000000001398e+01 5.489838719367980957e+01 3.600000000000000000e+01 2.120000000000000000e+02
2.473700000000001253e+01 5.489838719367980957e+01 3.700000000000000000e+01 2.920000000000000000e+02
2.500200000000001666e+01 5.489838719367980957e+01 3.800000000000000000e+01 3.240000000000000000e+02
2.569200000000001438e+01 5.489838719367980957e+01 3.900000000000000000e+01 2.930000000000000000e+02
2.631900000000000617e+01 5.489838719367980957e+01 4.000000000000000000e+01 3.980000000000000000e+02
2.631900000000000617e+01 5.489838719367980957e+01 4.100000000000000000e+01 2.470000000000000000e+02
2.678899999999999793e+01 5.489838719367980957e+01 4.200000000000000000e+01 2.960000000000000000e+02
2.759800000000000608e+01 5.489838719367980957e+01 4.300000000000000000e+01 3.740000000000000000e+02
2.832000000000002515e+01 5.489838719367980957e+01 4.400000000000000000e+01 5.220000000000000000e+02
2.929300000000003124e+01 5.489838719367980957e+01 4.500000000000000000e+01 4.140000000000000000e+02
2.940800000000002967e+01 5.489838719367980957e+01 4.600000000000000000e+01 4.840000000000000000e+02
3.023200000000004906e+01 5.489838719367980957e+01 4.700000000000000000e+01 5.070000000000000000e+02
3.056200000000004380e+01 5.489838719367980957e+01 4.800000000000000000e+01 6.360000000000000000e+02
3.134700000000004749e+01 5.489838719367980957e+01 4.900000000000000000e+01 6.440000000000000000e+02
3.205500000000004235e+01 5.489838719367980957e+01 5.000000000000000000e+01 7.190000000000000000e+02
3.234200000000004138e+01 5.489838719367980957e+01 5.100000000000000000e+01 6.960000000000000000e+02
3.304200000000006554e+01 5.489838719367980957e+01 5.200000000000000000e+01 8.310000000000000000e+02
3.395000000000007390e+01 5.489838719367980957e+01 5.300000000000000000e+01 4.790000000000000000e+02
3.446800000000011721e+01 5.489838719367980957e+01 5.400000000000000000e+01 8.160000000000000000e+02
3.476600000000008350e+01 5.489838719367980957e+01 5.500000000000000000e+01 8.070000000000000000e+02
3.676600000000025403e+01 5.489838719367980957e+01 5.600000000000000000e+01 1.103000000000000000e+03
3.752600000000022362e+01 5.489838719367980957e+01 5.700000000000000000e+01 1.261000000000000000e+03
3.848500000000030496e+01 5.489838719367980957e+01 5.800000000000000000e+01 1.379000000000000000e+03
3.911300000000031929e+01 5.489838719367980957e+01 5.900000000000000000e+01 1.078000000000000000e+03
3.947700000000032361e+01 5.489838719367980957e+01 6.000000000000000000e+01 6.990000000000000000e+02
4.016800000000036874e+01 5.489838719367980957e+01 6.100000000000000000e+01 2.116000000000000000e+03
4.108700000000040831e+01 5.489838719367980957e+01 6.200000000000000000e+01 1.711000000000000000e+03
4.188900000000043633e+01 5.489838719367980957e+01 6.300000000000000000e+01 9.910000000000000000e+02
4.300500000000047862e+01 5.489838719367980957e+01 6.400000000000000000e+01 2.344000000000000000e+03
4.387000000000051614e+01 5.489838719367980957e+01 6.500000000000000000e+01 1.535000000000000000e+03
4.470100000000054052e+01 5.489838719367980957e+01 6.600000000000000000e+01 1.059000000000000000e+03
4.535900000000057020e+01 5.489838719367980957e+01 6.700000000000000000e+01 1.265000000000000000e+03
4.657300000000061146e+01 5.489838719367980957e+01 6.800000000000000000e+01 1.712000000000000000e+03
4.848400000000068388e+01 5.489838719367980957e+01 6.900000000000000000e+01 1.119000000000000000e+03
4.948200000000072407e+01 5.489838719367980957e+01 7.000000000000000000e+01 1.530000000000000000e+03
5.362900000000087175e+01 5.489838719367980957e+01 7.100000000000000000e+01 2.363000000000000000e+03
5.487200000000093070e+01 5.489838719367980957e+01 7.200000000000000000e+01 1.684000000000000000e+03
0.000000000000000000e+00 5.489838719367980957e+01 0.000000000000000000e+00 0.000000000000000000e+00
0.000000000000000000e+00 5.489838719367980957e+01 0.000000000000000000e+00 0.000000000000000000e+00
4.073000000000000398e+00 5.730087041854858398e+01 0.000000000000000000e+00 1.200000000000000000e+01
5.294000000000001371e+00 5.730087041854858398e+01 1.000000000000000000e+00 1.300000000000000000e+01
6.091000000000002856e+00 5.730087041854858398e+01 2.000000000000000000e+00 1.500000000000000000e+01
7.060000000000002274e+00 5.730087041854858398e+01 3.000000000000000000e+00 2.000000000000000000e+01
7.253000000000001890e+00 5.730087041854858398e+01 4.000000000000000000e+00 8.000000000000000000e+00
7.624000000000001442e+00 5.730087041854858398e+01 5.000000000000000000e+00 2.100000000000000000e+01
8.348000000000000753e+00 5.730087041854858398e+01 6.000000000000000000e+00 2.100000000000000000e+01
9.393000000000000682e+00 5.730087041854858398e+01 7.000000000000000000e+00 2.300000000000000000e+01
9.907000000000000028e+00 5.730087041854858398e+01 8.000000000000000000e+00 2.000000000000000000e+01
1.005000000000000249e+01 5.730087041854858398e+01 9.000000000000000000e+00 4.500000000000000000e+01
1.103300000000000125e+01 5.730087041854858398e+01 1.000000000000000000e+01 1.400000000000000000e+01
1.137800000000000189e+01 5.730087041854858398e+01 1.100000000000000000e+01 3.400000000000000000e+01
1.214100000000000001e+01 5.730087041854858398e+01 1.200000000000000000e+01 5.400000000000000000e+01
1.273799999999999777e+01 5.730087041854858398e+01 1.300000000000000000e+01 6.000000000000000000e+01
1.302999999999999758e+01 5.730087041854858398e+01 1.400000000000000000e+01 6.200000000000000000e+01
1.331399999999999828e+01 5.730087041854858398e+01 1.500000000000000000e+01 8.400000000000000000e+01
1.370999999999999730e+01 5.730087041854858398e+01 1.600000000000000000e+01 3.000000000000000000e+01
1.386199999999999655e+01 5.730087041854858398e+01 1.700000000000000000e+01 6.700000000000000000e+01
1.430199999999999783e+01 5.730087041854858398e+01 1.800000000000000000e+01 7.200000000000000000e+01
1.437099999999999689e+01 5.730087041854858398e+01 1.900000000000000000e+01 6.600000000000000000e+01
1.511899999999999444e+01 5.730087041854858398e+01 2.000000000000000000e+01 7.600000000000000000e+01
1.570199999999999463e+01 5.730087041854858398e+01 2.100000000000000000e+01 9.300000000000000000e+01
1.607299999999999685e+01 5.730087041854858398e+01 2.200000000000000000e+01 8.900000000000000000e+01
1.637799999999999301e+01 5.730087041854858398e+01 2.300000000000000000e+01 1.210000000000000000e+02
1.732199999999999207e+01 5.730087041854858398e+01 2.400000000000000000e+01 1.200000000000000000e+02
1.793499999999999162e+01 5.730087041854858398e+01 2.500000000000000000e+01 1.250000000000000000e+02
1.872199999999998710e+01 5.730087041854858398e+01 2.600000000000000000e+01 1.250000000000000000e+02
1.910099999999998843e+01 5.730087041854858398e+01 2.700000000000000000e+01 1.600000000000000000e+02
1.937899999999998712e+01 5.730087041854858398e+01 2.800000000000000000e+01 1.050000000000000000e+02
2.017599999999998772e+01 5.730087041854858398e+01 2.900000000000000000e+01 2.340000000000000000e+02
2.054699999999998283e+01 5.730087041854858398e+01 3.000000000000000000e+01 1.550000000000000000e+02
2.159599999999998232e+01 5.730087041854858398e+01 3.100000000000000000e+01 1.850000000000000000e+02
2.207399999999998386e+01 5.730087041854858398e+01 3.200000000000000000e+01 2.280000000000000000e+02
2.204899999999998528e+01 5.730087041854858398e+01 3.300000000000000000e+01 2.130000000000000000e+02
2.256799999999998008e+01 5.730087041854858398e+01 3.400000000000000000e+01 1.880000000000000000e+02
2.298399999999998400e+01 5.730087041854858398e+01 3.500000000000000000e+01 3.090000000000000000e+02
2.422899999999997789e+01 5.730087041854858398e+01 3.600000000000000000e+01 2.620000000000000000e+02
2.446199999999998198e+01 5.730087041854858398e+01 3.700000000000000000e+01 3.010000000000000000e+02
2.491199999999998127e+01 5.730087041854858398e+01 3.800000000000000000e+01 3.560000000000000000e+02
2.589499999999998536e+01 5.730087041854858398e+01 3.900000000000000000e+01 3.870000000000000000e+02
2.638699999999999335e+01 5.730087041854858398e+01 4.000000000000000000e+01 3.390000000000000000e+02
2.714099999999999469e+01 5.730087041854858398e+01 4.100000000000000000e+01 4.200000000000000000e+02
2.745699999999999363e+01 5.730087041854858398e+01 4.200000000000000000e+01 4.150000000000000000e+02
2.789299999999998292e+01 5.730087041854858398e+01 4.300000000000000000e+01 4.020000000000000000e+02
2.830899999999997974e+01 5.730087041854858398e+01 4.400000000000000000e+01 4.010000000000000000e+02
2.888199999999998013e+01 5.730087041854858398e+01 4.500000000000000000e+01 4.660000000000000000e+02
2.917099999999998872e+01 5.730087041854858398e+01 4.600000000000000000e+01 4.060000000000000000e+02
2.981099999999999639e+01 5.730087041854858398e+01 4.700000000000000000e+01 3.710000000000000000e+02
3.051699999999999235e+01 5.730087041854858398e+01 4.800000000000000000e+01 6.020000000000000000e+02
3.090499999999999403e+01 5.730087041854858398e+01 4.900000000000000000e+01 6.130000000000000000e+02
3.112300000000001532e+01 5.730087041854858398e+01 5.000000000000000000e+01 6.690000000000000000e+02
3.205299999999999017e+01 5.730087041854858398e+01 5.100000000000000000e+01 5.730000000000000000e+02
3.376200000000011414e+01 5.730087041854858398e+01 5.200000000000000000e+01 7.310000000000000000e+02
3.364400000000011914e+01 5.730087041854858398e+01 5.300000000000000000e+01 6.990000000000000000e+02
3.481700000000014938e+01 5.730087041854858398e+01 5.400000000000000000e+01 9.260000000000000000e+02
3.565100000000020941e+01 5.730087041854858398e+01 5.500000000000000000e+01 6.590000000000000000e+02
3.566800000000020532e+01 5.730087041854858398e+01 5.600000000000000000e+01 7.840000000000000000e+02
3.672000000000029019e+01 5.730087041854858398e+01 5.700000000000000000e+01 1.241000000000000000e+03
3.815500000000021430e+01 5.730087041854858398e+01 5.800000000000000000e+01 1.061000000000000000e+03
4.093700000000046657e+01 5.730087041854858398e+01 5.900000000000000000e+01 1.654000000000000000e+03
4.200500000000046441e+01 5.730087041854858398e+01 6.000000000000000000e+01 1.107000000000000000e+03
4.328000000000052694e+01 5.730087041854858398e+01 6.100000000000000000e+01 2.181000000000000000e+03
4.478900000000061965e+01 5.730087041854858398e+01 6.200000000000000000e+01 2.249000000000000000e+03
4.585100000000067411e+01 5.730087041854858398e+01 6.300000000000000000e+01 1.601000000000000000e+03
4.654400000000070037e+01 5.730087041854858398e+01 6.400000000000000000e+01 2.284000000000000000e+03
4.739300000000072544e+01 5.730087041854858398e+01 6.500000000000000000e+01 2.235000000000000000e+03
5.120700000000086760e+01 5.730087041854858398e+01 6.600000000000000000e+01 2.685000000000000000e+03
5.180900000000089989e+01 5.730087041854858398e+01 6.700000000000000000e+01 2.128000000000000000e+03
5.235600000000093246e+01 5.730087041854858398e+01 6.800000000000000000e+01 2.024000000000000000e+03
5.331700000000096651e+01 5.730087041854858398e+01 6.900000000000000000e+01 1.879000000000000000e+03
5.436700000000099919e+01 5.730087041854858398e+01 7.000000000000000000e+01 1.532000000000000000e+03
5.580700000000105376e+01 5.730087041854858398e+01 7.100000000000000000e+01 2.202000000000000000e+03
5.703000000000111669e+01 5.730087041854858398e+01 7.200000000000000000e+01 1.686000000000000000e+03
0.000000000000000000e+00 5.730087041854858398e+01 0.000000000000000000e+00 0.000000000000000000e+00
0.000000000000000000e+00 5.730087041854858398e+01 0.000000000000000000e+00 0.000000000000000000e+00
5.876000000000000334e+00 5.396540307998657227e+01 0.000000000000000000e+00 1.900000000000000000e+01
8.102999999999999758e+00 5.396540307998657227e+01 1.000000000000000000e+00 2.000000000000000000e+01
1.061400000000000254e+01 5.396540307998657227e+01 2.000000000000000000e+00 4.500000000000000000e+01
1.096700000000000230e+01 5.396540307998657227e+01 3.000000000000000000e+00 6.500000000000000000e+01
1.164800000000000324e+01 5.396540307998657227e+01 4.000000000000000000e+00 6.900000000000000000e+01
1.198100000000000165e+01 5.396540307998657227e+01 5.000000000000000000e+00 6.700000000000000000e+01
1.214600000000000080e+01 5.396540307998657227e+01 6.000000000000000000e+00 9.100000000000000000e+01
1.245500000000000185e+01 5.396540307998657227e+01 7.000000000000000000e+00 6.800000000000000000e+01
1.292800000000000082e+01 5.396540307998657227e+01 8.000000000000000000e+00 1.100000000000000000e+02
1.352499999999999858e+01 5.396540307998657227e+01 9.000000000000000000e+00 7.800000000000000000e+01
1.396199999999999797e+01 5.396540307998657227e+01 1.000000000000000000e+01 8.800000000000000000e+01
1.466799999999999926e+01 5.396540307998657227e+01 1.100000000000000000e+01 6.600000000000000000e+01
1.480899999999999928e+01 5.396540307998657227e+01 1.200000000000000000e+01 1.390000000000000000e+02
1.534800000000000075e+01 5.396540307998657227e+01 1.300000000000000000e+01 7.600000000000000000e+01
1.613799999999999812e+01 5.396540307998657227e+01 1.400000000000000000e+01 9.000000000000000000e+01
1.651899999999999835e+01 5.396540307998657227e+01 1.500000000000000000e+01 1.200000000000000000e+02
1.689299999999999713e+01 5.396540307998657227e+01 1.600000000000000000e+01 1.190000000000000000e+02
1.725399999999999778e+01 5.396540307998657227e+01 1.700000000000000000e+01 1.110000000000000000e+02
1.783499999999999375e+01 5.396540307998657227e+01 1.800000000000000000e+01 1.800000000000000000e+02
1.828599999999999071e+01 5.396540307998657227e+01 1.900000000000000000e+01 1.160000000000000000e+02
1.904999999999999361e+01 5.396540307998657227e+01 2.000000000000000000e+01 9.900000000000000000e+01
1.936599999999999255e+01 5.396540307998657227e+01 2.100000000000000000e+01 1.870000000000000000e+02
1.974799999999999045e+01 5.396540307998657227e+01 2.200000000000000000e+01 2.300000000000000000e+02
2.012299999999999045e+01 5.396540307998657227e+01 2.300000000000000000e+01 1.700000000000000000e+02
2.029599999999998872e+01 5.396540307998657227e+01 2.400000000000000000e+01 1.590000000000000000e+02
2.083099999999998886e+01 5.396540307998657227e+01 2.500000000000000000e+01 2.100000000000000000e+02
2.136499999999998778e+01 5.396540307998657227e+01 2.600000000000000000e+01 2.450000000000000000e+02
2.162499999999998579e+01 5.396540307998657227e+01 2.700000000000000000e+01 2.210000000000000000e+02
2.187599999999998346e+01 5.396540307998657227e+01 2.800000000000000000e+01 2.160000000000000000e+02
2.229399999999998627e+01 5.396540307998657227e+01 2.900000000000000000e+01 1.500000000000000000e+02
2.276699999999998525e+01 5.396540307998657227e+01 3.000000000000000000e+01 2.460000000000000000e+02
2.314499999999999602e+01 5.396540307998657227e+01 3.100000000000000000e+01 2.750000000000000000e+02
2.369700000000000273e+01 5.396540307998657227e+01 3.200000000000000000e+01 3.200000000000000000e+02
2.405900000000000816e+01 5.396540307998657227e+01 3.300000000000000000e+01 2.950000000000000000e+02
2.469400000000000972e+01 5.396540307998657227e+01 3.400000000000000000e+01 3.320000000000000000e+02
2.514700000000000912e+01 5.396540307998657227e+01 3.500000000000000000e+01 3.620000000000000000e+02
2.566000000000000369e+01 5.396540307998657227e+01 3.600000000000000000e+01 3.680000000000000000e+02
2.610900000000000176e+01 5.396540307998657227e+01 3.700000000000000000e+01 3.240000000000000000e+02
2.688100000000000733e+01 5.396540307998657227e+01 3.800000000000000000e+01 3.920000000000000000e+02
2.763400000000000389e+01 5.396540307998657227e+01 3.900000000000000000e+01 3.330000000000000000e+02
2.780700000000000216e+01 5.396540307998657227e+01 4.000000000000000000e+01 3.610000000000000000e+02
2.817199999999999704e+01 5.396540307998657227e+01 4.100000000000000000e+01 4.820000000000000000e+02
2.888399999999998968e+01 5.396540307998657227e+01 4.200000000000000000e+01 3.530000000000000000e+02
2.941399999999999793e+01 5.396540307998657227e+01 4.300000000000000000e+01 5.170000000000000000e+02
2.959000000000000696e+01 5.396540307998657227e+01 4.400000000000000000e+01 6.000000000000000000e+02
3.034300000000000352e+01 5.396540307998657227e+01 4.500000000000000000e+01 5.420000000000000000e+02
3.200699999999999790e+01 5.396540307998657227e+01 4.600000000000000000e+01 8.800000000000000000e+02
3.274399999999998556e+01 5.396540307998657227e+01 4.700000000000000000e+01 5.050000000000000000e+02
3.360699999999996379e+01 5.396540307998657227e+01 4.800000000000000000e+01 8.170000000000000000e+02
3.397099999999992548e+01 5.396540307998657227e+01 4.900000000000000000e+01 5.670000000000000000e+02
3.449299999999993105e+01 5.396540307998657227e+01 5.000000000000000000e+01 7.890000000000000000e+02
3.502999999999995140e+01 5.396540307998657227e+01 5.100000000000000000e+01 9.600000000000000000e+02
3.593899999999997164e+01 5.396540307998657227e+01 5.200000000000000000e+01 1.005000000000000000e+03
3.685199999999994702e+01 5.396540307998657227e+01 5.300000000000000000e+01 8.670000000000000000e+02
3.735499999999998266e+01 5.396540307998657227e+01 5.400000000000000000e+01 5.260000000000000000e+02
3.792099999999996385e+01 5.396540307998657227e+01 5.500000000000000000e+01 1.008000000000000000e+03
3.891600000000006077e+01 5.396540307998657227e+01 5.600000000000000000e+01 1.133000000000000000e+03
3.972700000000002518e+01 5.396540307998657227e+01 5.700000000000000000e+01 9.580000000000000000e+02
4.083000000000009067e+01 5.396540307998657227e+01 5.800000000000000000e+01 1.026000000000000000e+03
4.154300000000010584e+01 5.396540307998657227e+01 5.900000000000000000e+01 1.324000000000000000e+03
4.249800000000013256e+01 5.396540307998657227e+01 6.000000000000000000e+01 6.950000000000000000e+02
4.287900000000018963e+01 5.396540307998657227e+01 6.100000000000000000e+01 1.955000000000000000e+03
4.368200000000021532e+01 5.396540307998657227e+01 6.200000000000000000e+01 1.214000000000000000e+03
4.433200000000024232e+01 5.396540307998657227e+01 6.300000000000000000e+01 5.670000000000000000e+02
4.542400000000028371e+01 5.396540307998657227e+01 6.400000000000000000e+01 1.159000000000000000e+03
4.596900000000030673e+01 5.396540307998657227e+01 6.500000000000000000e+01 1.811000000000000000e+03
4.716700000000034976e+01 5.396540307998657227e+01 6.600000000000000000e+01 1.909000000000000000e+03
4.809700000000038500e+01 5.396540307998657227e+01 6.700000000000000000e+01 1.303000000000000000e+03
4.928600000000042769e+01 5.396540307998657227e+01 6.800000000000000000e+01 1.226000000000000000e+03
5.035800000000047305e+01 5.396540307998657227e+01 6.900000000000000000e+01 9.890000000000000000e+02
5.128500000000050107e+01 5.396540307998657227e+01 7.000000000000000000e+01 1.019000000000000000e+03
5.226200000000054047e+01 5.396540307998657227e+01 7.100000000000000000e+01 1.952000000000000000e+03
5.393300000000060379e+01 5.396540307998657227e+01 7.200000000000000000e+01 1.333000000000000000e+03
5.366900000000061510e+01 5.396540307998657227e+01 0.000000000000000000e+00 0.000000000000000000e+00
0.000000000000000000e+00 5.396540307998657227e+01 0.000000000000000000e+00 0.000000000000000000e+00
5.502999999999999226e+00 5.444177150726318359e+01 0.000000000000000000e+00 6.000000000000000000e+00
6.787999999999998479e+00 5.444177150726318359e+01 1.000000000000000000e+00 1.700000000000000000e+01
7.858999999999997321e+00 5.444177150726318359e+01 2.000000000000000000e+00 8.000000000000000000e+00
8.928999999999998494e+00 5.444177150726318359e+01 3.000000000000000000e+00 1.700000000000000000e+01
9.274999999999998579e+00 5.444177150726318359e+01 4.000000000000000000e+00 1.800000000000000000e+01
9.779999999999997584e+00 5.444177150726318359e+01 5.000000000000000000e+00 2.800000000000000000e+01
1.011099999999999710e+01 5.444177150726318359e+01 6.000000000000000000e+00 2.000000000000000000e+01
1.094099999999999540e+01 5.444177150726318359e+01 7.000000000000000000e+00 4.000000000000000000e+01
1.171799999999999287e+01 5.444177150726318359e+01 8.000000000000000000e+00 4.000000000000000000e+01
1.261299999999999066e+01 5.444177150726318359e+01 9.000000000000000000e+00 2.300000000000000000e+01
1.290599999999998992e+01 5.444177150726318359e+01 1.000000000000000000e+01 5.500000000000000000e+01
1.332999999999998941e+01 5.444177150726318359e+01 1.100000000000000000e+01 7.400000000000000000e+01
1.360999999999999055e+01 5.444177150726318359e+01 1.200000000000000000e+01 4.200000000000000000e+01
1.414299999999999002e+01 5.444177150726318359e+01 1.300000000000000000e+01 4.100000000000000000e+01
1.412699999999999179e+01 5.444177150726318359e+01 1.400000000000000000e+01 6.300000000000000000e+01
1.465099999999998914e+01 5.444177150726318359e+01 1.500000000000000000e+01 6.100000000000000000e+01
1.575999999999998913e+01 5.444177150726318359e+01 1.600000000000000000e+01 9.500000000000000000e+01
1.647499999999999076e+01 5.444177150726318359e+01 1.700000000000000000e+01 7.500000000000000000e+01
1.725399999999998712e+01 5.444177150726318359e+01 1.800000000000000000e+01 1.190000000000000000e+02
1.796999999999998465e+01 5.444177150726318359e+01 1.900000000000000000e+01 1.670000000000000000e+02
1.808199999999998298e+01 5.444177150726318359e+01 2.000000000000000000e+01 1.500000000000000000e+02
1.850599999999997891e+01 5.444177150726318359e+01 2.100000000000000000e+01 1.450000000000000000e+02
1.911799999999997723e+01 5.444177150726318359e+01 2.200000000000000000e+01 9.000000000000000000e+01
1.951099999999998147e+01 5.444177150726318359e+01 2.300000000000000000e+01 1.400000000000000000e+02
1.968499999999998451e+01 5.444177150726318359e+01 2.400000000000000000e+01 1.520000000000000000e+02
2.007199999999998141e+01 5.444177150726318359e+01 2.500000000000000000e+01 1.550000000000000000e+02
2.060899999999998755e+01 5.444177150726318359e+01 2.600000000000000000e+01 3.150000000000000000e+02
2.129599999999998872e+01 5.444177150726318359e+01 2.700000000000000000e+01 1.420000000000000000e+02
2.129599999999998872e+01 5.444177150726318359e+01 2.800000000000000000e+01 2.290000000000000000e+02
2.169699999999999207e+01 5.444177150726318359e+01 2.900000000000000000e+01 2.720000000000000000e+02
2.246699999999999875e+01 5.444177150726318359e+01 3.000000000000000000e+01 2.900000000000000000e+02
2.294700000000000983e+01 5.444177150726318359e+01 3.100000000000000000e+01 2.780000000000000000e+02
2.384500000000002018e+01 5.444177150726318359e+01 3.200000000000000000e+01 1.820000000000000000e+02
2.398500000000002075e+01 5.444177150726318359e+01 3.300000000000000000e+01 2.270000000000000000e+02
2.416500000000001691e+01 5.444177150726318359e+01 3.400000000000000000e+01 3.330000000000000000e+02
2.451300000000001944e+01 5.444177150726318359e+01 3.500000000000000000e+01 3.040000000000000000e+02
2.502000000000001378e+01 5.444177150726318359e+01 3.600000000000000000e+01 2.610000000000000000e+02
2.558900000000001285e+01 5.444177150726318359e+01 3.700000000000000000e+01 2.790000000000000000e+02
2.598000000000001464e+01 5.444177150726318359e+01 3.800000000000000000e+01 3.500000000000000000e+02
2.625200000000002376e+01 5.444177150726318359e+01 3.900000000000000000e+01 3.750000000000000000e+02
2.718100000000000804e+01 5.444177150726318359e+01 4.000000000000000000e+01 3.840000000000000000e+02
2.753699999999998838e+01 5.444177150726318359e+01 4.100000000000000000e+01 4.480000000000000000e+02
2.850599999999998957e+01 5.444177150726318359e+01 4.200000000000000000e+01 2.290000000000000000e+02
2.845699999999999008e+01 5.444177150726318359e+01 4.300000000000000000e+01 3.160000000000000000e+02
2.901800000000000068e+01 5.444177150726318359e+01 4.400000000000000000e+01 6.070000000000000000e+02
2.994999999999998863e+01 5.444177150726318359e+01 4.500000000000000000e+01 3.980000000000000000e+02
3.017099999999999227e+01 5.444177150726318359e+01 4.600000000000000000e+01 4.510000000000000000e+02
3.214200000000003143e+01 5.444177150726318359e+01 4.700000000000000000e+01 7.570000000000000000e+02
3.254800000000000892e+01 5.444177150726318359e+01 4.800000000000000000e+01 9.260000000000000000e+02
3.326099999999997436e+01 5.444177150726318359e+01 4.900000000000000000e+01 9.230000000000000000e+02
3.385099999999997067e+01 5.444177150726318359e+01 5.000000000000000000e+01 6.380000000000000000e+02
3.422099999999998943e+01 5.444177150726318359e+01 5.100000000000000000e+01 8.630000000000000000e+02
3.512500000000002132e+01 5.444177150726318359e+01 5.200000000000000000e+01 6.910000000000000000e+02
3.596700000000000585e+01 5.444177150726318359e+01 5.300000000000000000e+01 6.480000000000000000e+02
3.664500000000006708e+01 5.444177150726318359e+01 5.400000000000000000e+01 1.157000000000000000e+03
3.703000000000005087e+01 5.444177150726318359e+01 5.500000000000000000e+01 9.890000000000000000e+02
3.772600000000008436e+01 5.444177150726318359e+01 5.600000000000000000e+01 9.480000000000000000e+02
3.862300000000005440e+01 5.444177150726318359e+01 5.700000000000000000e+01 8.450000000000000000e+02
3.937900000000009726e+01 5.444177150726318359e+01 5.800000000000000000e+01 1.216000000000000000e+03
4.008100000000013097e+01 5.444177150726318359e+01 5.900000000000000000e+01 1.217000000000000000e+03
4.131400000000015638e+01 5.444177150726318359e+01 6.000000000000000000e+01 1.134000000000000000e+03
4.188100000000020628e+01 5.444177150726318359e+01 6.100000000000000000e+01 1.169000000000000000e+03
4.250100000000024636e+01 5.444177150726318359e+01 6.200000000000000000e+01 1.247000000000000000e+03
4.358500000000027796e+01 5.444177150726318359e+01 6.300000000000000000e+01 1.982000000000000000e+03
4.434200000000031849e+01 5.444177150726318359e+01 6.400000000000000000e+01 1.247000000000000000e+03
4.511600000000034782e+01 5.444177150726318359e+01 6.500000000000000000e+01 7.670000000000000000e+02
4.595100000000036999e+01 5.444177150726318359e+01 6.600000000000000000e+01 9.220000000000000000e+02
4.696200000000040120e+01 5.444177150726318359e+01 6.700000000000000000e+01 2.871000000000000000e+03
4.804300000000043980e+01 5.444177150726318359e+01 6.800000000000000000e+01 1.288000000000000000e+03
4.870200000000048135e+01 5.444177150726318359e+01 6.900000000000000000e+01 9.480000000000000000e+02
5.170500000000059515e+01 5.444177150726318359e+01 7.000000000000000000e+01 1.248000000000000000e+03
5.266800000000063875e+01 5.444177150726318359e+01 7.100000000000000000e+01 1.814000000000000000e+03
5.423500000000068866e+01 5.444177150726318359e+01 7.200000000000000000e+01 1.458000000000000000e+03
0.000000000000000000e+00 5.444177150726318359e+01 0.000000000000000000e+00 0.000000000000000000e+00
0.000000000000000000e+00 5.444177150726318359e+01 0.000000000000000000e+00 0.000000000000000000e+00
5.881999999999998785e+00 5.472228312492370605e+01 0.000000000000000000e+00 2.000000000000000000e+01
6.433999999999998387e+00 5.472228312492370605e+01 1.000000000000000000e+00 2.000000000000000000e+01
6.968999999999997641e+00 5.472228312492370605e+01 2.000000000000000000e+00 1.500000000000000000e+01
7.662999999999997591e+00 5.472228312492370605e+01 3.000000000000000000e+00 3.600000000000000000e+01
8.509999999999996234e+00 5.472228312492370605e+01 4.000000000000000000e+00 2.400000000000000000e+01
9.169999999999996376e+00 5.472228312492370605e+01 5.000000000000000000e+00 2.600000000000000000e+01
9.494999999999995666e+00 5.472228312492370605e+01 6.000000000000000000e+00 3.700000000000000000e+01
9.654999999999995808e+00 5.472228312492370605e+01 7.000000000000000000e+00 4.400000000000000000e+01
1.057299999999999329e+01 5.472228312492370605e+01 8.000000000000000000e+00 4.800000000000000000e+01
1.072599999999999376e+01 5.472228312492370605e+01 9.000000000000000000e+00 5.600000000000000000e+01
1.145199999999999285e+01 5.472228312492370605e+01 1.000000000000000000e+01 4.600000000000000000e+01
1.200199999999999356e+01 5.472228312492370605e+01 1.100000000000000000e+01 8.100000000000000000e+01
1.270599999999999419e+01 5.472228312492370605e+01 1.200000000000000000e+01 9.700000000000000000e+01
1.336399999999999366e+01 5.472228312492370605e+01 1.300000000000000000e+01 4.800000000000000000e+01
1.370999999999999375e+01 5.472228312492370605e+01 1.400000000000000000e+01 7.400000000000000000e+01
1.427499999999999325e+01 5.472228312492370605e+01 1.500000000000000000e+01 6.600000000000000000e+01
1.460599999999999277e+01 5.472228312492370605e+01 1.600000000000000000e+01 1.190000000000000000e+02
1.535999999999999410e+01 5.472228312492370605e+01 1.700000000000000000e+01 7.700000000000000000e+01
1.651299999999999457e+01 5.472228312492370605e+01 1.800000000000000000e+01 9.000000000000000000e+01
1.673899999999999366e+01 5.472228312492370605e+01 1.900000000000000000e+01 1.060000000000000000e+02
1.728299999999999770e+01 5.472228312492370605e+01 2.000000000000000000e+01 1.610000000000000000e+02
1.812399999999999878e+01 5.472228312492370605e+01 2.100000000000000000e+01 2.150000000000000000e+02
1.883799999999999741e+01 5.472228312492370605e+01 2.200000000000000000e+01 9.400000000000000000e+01
1.877699999999999392e+01 5.472228312492370605e+01 2.300000000000000000e+01 1.550000000000000000e+02
1.979599999999998872e+01 5.472228312492370605e+01 2.400000000000000000e+01 2.420000000000000000e+02
1.974799999999999045e+01 5.472228312492370605e+01 2.500000000000000000e+01 1.380000000000000000e+02
2.060499999999998622e+01 5.472228312492370605e+01 2.600000000000000000e+01 1.250000000000000000e+02
2.087399999999998457e+01 5.472228312492370605e+01 2.700000000000000000e+01 2.030000000000000000e+02
2.153199999999998582e+01 5.472228312492370605e+01 2.800000000000000000e+01 1.270000000000000000e+02
2.209099999999997976e+01 5.472228312492370605e+01 2.900000000000000000e+01 3.420000000000000000e+02
2.261399999999998656e+01 5.472228312492370605e+01 3.000000000000000000e+01 3.130000000000000000e+02
2.274499999999998678e+01 5.472228312492370605e+01 3.100000000000000000e+01 1.850000000000000000e+02
2.384999999999999787e+01 5.472228312492370605e+01 3.200000000000000000e+01 3.200000000000000000e+02
2.467200000000001125e+01 5.472228312492370605e+01 3.300000000000000000e+01 2.870000000000000000e+02
2.519200000000001083e+01 5.472228312492370605e+01 3.400000000000000000e+01 3.200000000000000000e+02
2.583100000000001017e+01 5.472228312492370605e+01 3.500000000000000000e+01 4.870000000000000000e+02
2.619400000000000261e+01 5.472228312492370605e+01 3.600000000000000000e+01 2.660000000000000000e+02
2.661100000000000065e+01 5.472228312492370605e+01 3.700000000000000000e+01 2.750000000000000000e+02
2.713200000000000145e+01 5.472228312492370605e+01 3.800000000000000000e+01 3.670000000000000000e+02
2.720100000000000406e+01 5.472228312492370605e+01 3.900000000000000000e+01 5.280000000000000000e+02
2.791200000000000259e+01 5.472228312492370605e+01 4.000000000000000000e+01 2.810000000000000000e+02
2.843799999999999528e+01 5.472228312492370605e+01 4.100000000000000000e+01 3.800000000000000000e+02
2.865299999999999514e+01 5.472228312492370605e+01 4.200000000000000000e+01 4.690000000000000000e+02
2.937000000000001165e+01 5.472228312492370605e+01 4.300000000000000000e+01 2.500000000000000000e+02
2.953600000000001202e+01 5.472228312492370605e+01 4.400000000000000000e+01 4.500000000000000000e+02
3.057000000000002160e+01 5.472228312492370605e+01 4.500000000000000000e+01 4.370000000000000000e+02
3.061600000000002453e+01 5.472228312492370605e+01 4.600000000000000000e+01 6.550000000000000000e+02
3.207500000000005258e+01 5.472228312492370605e+01 4.700000000000000000e+01 6.370000000000000000e+02
3.317200000000003257e+01 5.472228312492370605e+01 4.800000000000000000e+01 6.320000000000000000e+02
3.311000000000004206e+01 5.472228312492370605e+01 4.900000000000000000e+01 6.720000000000000000e+02
3.406400000000005690e+01 5.472228312492370605e+01 5.000000000000000000e+01 9.610000000000000000e+02
3.480600000000005423e+01 5.472228312492370605e+01 5.100000000000000000e+01 6.690000000000000000e+02
3.500200000000009481e+01 5.472228312492370605e+01 5.200000000000000000e+01 7.590000000000000000e+02
3.571600000000007924e+01 5.472228312492370605e+01 5.300000000000000000e+01 4.370000000000000000e+02
3.647300000000012687e+01 5.472228312492370605e+01 5.400000000000000000e+01 9.710000000000000000e+02
3.705200000000009908e+01 5.472228312492370605e+01 5.500000000000000000e+01 7.930000000000000000e+02
3.736200000000013688e+01 5.472228312492370605e+01 5.600000000000000000e+01 7.090000000000000000e+02
3.826200000000007861e+01 5.472228312492370605e+01 5.700000000000000000e+01 1.462000000000000000e+03
3.994700000000022300e+01 5.472228312492370605e+01 5.800000000000000000e+01 1.501000000000000000e+03
4.060100000000023357e+01 5.472228312492370605e+01 5.900000000000000000e+01 1.064000000000000000e+03
4.073300000000023147e+01 5.472228312492370605e+01 6.000000000000000000e+01 7.180000000000000000e+02
4.364000000000049084e+01 5.472228312492370605e+01 6.100000000000000000e+01 1.943000000000000000e+03
4.445100000000054052e+01 5.472228312492370605e+01 6.200000000000000000e+01 1.504000000000000000e+03
4.516600000000057946e+01 5.472228312492370605e+01 6.300000000000000000e+01 1.656000000000000000e+03
4.736000000000065313e+01 5.472228312492370605e+01 6.400000000000000000e+01 1.751000000000000000e+03
4.789200000000069224e+01 5.472228312492370605e+01 6.500000000000000000e+01 9.920000000000000000e+02
4.880000000000070770e+01 5.472228312492370605e+01 6.600000000000000000e+01 1.777000000000000000e+03
4.935000000000073328e+01 5.472228312492370605e+01 6.700000000000000000e+01 3.128000000000000000e+03
5.092500000000080007e+01 5.472228312492370605e+01 6.800000000000000000e+01 1.623000000000000000e+03
5.168000000000082395e+01 5.472228312492370605e+01 6.900000000000000000e+01 1.481000000000000000e+03
5.274700000000086675e+01 5.472228312492370605e+01 7.000000000000000000e+01 1.397000000000000000e+03
5.360700000000090881e+01 5.472228312492370605e+01 7.100000000000000000e+01 1.518000000000000000e+03
5.470800000000093632e+01 5.472228312492370605e+01 7.200000000000000000e+01 9.490000000000000000e+02
5.474100000000093758e+01 5.472228312492370605e+01 0.000000000000000000e+00 0.000000000000000000e+00
0.000000000000000000e+00 5.472228312492370605e+01 0.000000000000000000e+00 0.000000000000000000e+00
4.116999999999999105e+00 5.490792918205261230e+01 0.000000000000000000e+00 0.000000000000000000e+00
6.289999999999998259e+00 5.490792918205261230e+01 1.000000000000000000e+00 1.600000000000000000e+01
6.814999999999998614e+00 5.490792918205261230e+01 2.000000000000000000e+00 3.200000000000000000e+01
7.520999999999997243e+00 5.490792918205261230e+01 3.000000000000000000e+00 2.100000000000000000e+01
7.853999999999997428e+00 5.490792918205261230e+01 4.000000000000000000e+00 1.100000000000000000e+01
8.857999999999995211e+00 5.490792918205261230e+01 5.000000000000000000e+00 3.100000000000000000e+01
9.022999999999994358e+00 5.490792918205261230e+01 6.000000000000000000e+00 1.400000000000000000e+01
9.648999999999995580e+00 5.490792918205261230e+01 7.000000000000000000e+00 6.600000000000000000e+01
1.010899999999999643e+01 5.490792918205261230e+01 8.000000000000000000e+00 4.000000000000000000e+01
1.070399999999999530e+01 5.490792918205261230e+01 9.000000000000000000e+00 6.400000000000000000e+01
1.099499999999999567e+01 5.490792918205261230e+01 1.000000000000000000e+01 3.200000000000000000e+01
1.155699999999999505e+01 5.490792918205261230e+01 1.100000000000000000e+01 4.700000000000000000e+01
1.210499999999999332e+01 5.490792918205261230e+01 1.200000000000000000e+01 8.600000000000000000e+01
1.237299999999999223e+01 5.490792918205261230e+01 1.300000000000000000e+01 6.800000000000000000e+01
1.301899999999999302e+01 5.490792918205261230e+01 1.400000000000000000e+01 5.000000000000000000e+01
1.322499999999999254e+01 5.490792918205261230e+01 1.500000000000000000e+01 1.080000000000000000e+02
1.412799999999999478e+01 5.490792918205261230e+01 1.600000000000000000e+01 1.090000000000000000e+02
1.436599999999999611e+01 5.490792918205261230e+01 1.700000000000000000e+01 1.040000000000000000e+02
1.459799999999999720e+01 5.490792918205261230e+01 1.800000000000000000e+01 7.100000000000000000e+01
1.504199999999999626e+01 5.490792918205261230e+01 1.900000000000000000e+01 9.900000000000000000e+01
1.525899999999999501e+01 5.490792918205261230e+01 2.000000000000000000e+01 1.500000000000000000e+02
1.567699999999999250e+01 5.490792918205261230e+01 2.100000000000000000e+01 1.020000000000000000e+02
1.605599999999999383e+01 5.490792918205261230e+01 2.200000000000000000e+01 9.200000000000000000e+01
1.667599999999999127e+01 5.490792918205261230e+01 2.300000000000000000e+01 1.710000000000000000e+02
1.753499999999998593e+01 5.490792918205261230e+01 2.400000000000000000e+01 1.500000000000000000e+02
1.758099999999998531e+01 5.490792918205261230e+01 2.500000000000000000e+01 1.840000000000000000e+02
1.851799999999998647e+01 5.490792918205261230e+01 2.600000000000000000e+01 1.760000000000000000e+02
1.899399999999998201e+01 5.490792918205261230e+01 2.700000000000000000e+01 2.540000000000000000e+02
1.969899999999998741e+01 5.490792918205261230e+01 2.800000000000000000e+01 1.790000000000000000e+02
2.009799999999998832e+01 5.490792918205261230e+01 2.900000000000000000e+01 2.380000000000000000e+02
2.109399999999999764e+01 5.490792918205261230e+01 3.000000000000000000e+01 3.180000000000000000e+02
2.197800000000000864e+01 5.490792918205261230e+01 3.100000000000000000e+01 3.060000000000000000e+02
2.202900000000001057e+01 5.490792918205261230e+01 3.200000000000000000e+01 2.670000000000000000e+02
2.254400000000001469e+01 5.490792918205261230e+01 3.300000000000000000e+01 2.840000000000000000e+02
2.326000000000001933e+01 5.490792918205261230e+01 3.400000000000000000e+01 3.110000000000000000e+02
2.389000000000001478e+01 5.490792918205261230e+01 3.500000000000000000e+01 2.020000000000000000e+02
2.395300000000001361e+01 5.490792918205261230e+01 3.600000000000000000e+01 2.790000000000000000e+02
2.453400000000000958e+01 5.490792918205261230e+01 3.700000000000000000e+01 2.920000000000000000e+02
2.486800000000000921e+01 5.490792918205261230e+01 3.800000000000000000e+01 2.690000000000000000e+02
2.555900000000001526e+01 5.490792918205261230e+01 3.900000000000000000e+01 4.200000000000000000e+02
2.622300000000000963e+01 5.490792918205261230e+01 4.000000000000000000e+01 4.570000000000000000e+02
2.644800000000000395e+01 5.490792918205261230e+01 4.100000000000000000e+01 4.070000000000000000e+02
2.698400000000000176e+01 5.490792918205261230e+01 4.200000000000000000e+01 2.310000000000000000e+02
2.761400000000000787e+01 5.490792918205261230e+01 4.300000000000000000e+01 4.920000000000000000e+02
2.883300000000004104e+01 5.490792918205261230e+01 4.400000000000000000e+01 6.870000000000000000e+02
2.937600000000004385e+01 5.490792918205261230e+01 4.500000000000000000e+01 4.510000000000000000e+02
2.978200000000004266e+01 5.490792918205261230e+01 4.600000000000000000e+01 6.040000000000000000e+02
3.053000000000005798e+01 5.490792918205261230e+01 4.700000000000000000e+01 5.960000000000000000e+02
3.119400000000005235e+01 5.490792918205261230e+01 4.800000000000000000e+01 8.700000000000000000e+02
3.199800000000005440e+01 5.490792918205261230e+01 4.900000000000000000e+01 5.040000000000000000e+02
3.275100000000006872e+01 5.490792918205261230e+01 5.000000000000000000e+01 8.240000000000000000e+02
3.352500000000008384e+01 5.490792918205261230e+01 5.100000000000000000e+01 8.420000000000000000e+02
3.413000000000010203e+01 5.490792918205261230e+01 5.200000000000000000e+01 9.980000000000000000e+02
3.482500000000008811e+01 5.490792918205261230e+01 5.300000000000000000e+01 1.111000000000000000e+03
3.558400000000016661e+01 5.490792918205261230e+01 5.400000000000000000e+01 5.560000000000000000e+02
3.636200000000012977e+01 5.490792918205261230e+01 5.500000000000000000e+01 1.224000000000000000e+03
3.683200000000017127e+01 5.490792918205261230e+01 5.600000000000000000e+01 9.300000000000000000e+02
3.730300000000013938e+01 5.490792918205261230e+01 5.700000000000000000e+01 1.324000000000000000e+03
3.861400000000023880e+01 5.490792918205261230e+01 5.800000000000000000e+01 1.190000000000000000e+03
4.043000000000024130e+01 5.490792918205261230e+01 5.900000000000000000e+01 1.795000000000000000e+03
4.094000000000026773e+01 5.490792918205261230e+01 6.000000000000000000e+01 1.125000000000000000e+03
4.122800000000028575e+01 5.490792918205261230e+01 6.100000000000000000e+01 1.518000000000000000e+03
4.317700000000039040e+01 5.490792918205261230e+01 6.200000000000000000e+01 1.069000000000000000e+03
4.391300000000042303e+01 5.490792918205261230e+01 6.300000000000000000e+01 1.970000000000000000e+03
4.453000000000046299e+01 5.490792918205261230e+01 6.400000000000000000e+01 1.940000000000000000e+03
4.570700000000048391e+01 5.490792918205261230e+01 6.500000000000000000e+01 1.116000000000000000e+03
4.639600000000051949e+01 5.490792918205261230e+01 6.600000000000000000e+01 2.669000000000000000e+03
4.725400000000054490e+01 5.490792918205261230e+01 6.700000000000000000e+01 1.183000000000000000e+03
4.975500000000063494e+01 5.490792918205261230e+01 6.800000000000000000e+01 1.623000000000000000e+03
5.044200000000066808e+01 5.490792918205261230e+01 6.900000000000000000e+01 2.617000000000000000e+03
5.136100000000070054e+01 5.490792918205261230e+01 7.000000000000000000e+01 1.405000000000000000e+03
5.313900000000076318e+01 5.490792918205261230e+01 7.100000000000000000e+01 1.736000000000000000e+03
5.493300000000083116e+01 5.490792918205261230e+01 7.200000000000000000e+01 1.022000000000000000e+03
0.000000000000000000e+00 5.490792918205261230e+01 0.000000000000000000e+00 0.000000000000000000e+00
0.000000000000000000e+00 5.490792918205261230e+01 0.000000000000000000e+00 0.000000000000000000e+00
4.053000000000000824e+00 5.474006056785583496e+01 0.000000000000000000e+00 5.000000000000000000e+00
5.160000000000000142e+00 5.474006056785583496e+01 1.000000000000000000e+00 1.900000000000000000e+01
5.876999999999999780e+00 5.474006056785583496e+01 2.000000000000000000e+00 1.900000000000000000e+01
6.229000000000000092e+00 5.474006056785583496e+01 3.000000000000000000e+00 2.100000000000000000e+01
7.251999999999999780e+00 5.474006056785583496e+01 4.000000000000000000e+00 4.600000000000000000e+01
7.750999999999999446e+00 5.474006056785583496e+01 5.000000000000000000e+00 4.400000000000000000e+01
7.914999999999999147e+00 5.474006056785583496e+01 6.000000000000000000e+00 4.100000000000000000e+01
8.391000000000000014e+00 5.474006056785583496e+01 7.000000000000000000e+00 4.300000000000000000e+01
9.160000000000001918e+00 5.474006056785583496e+01 8.000000000000000000e+00 4.700000000000000000e+01
9.759000000000000341e+00 5.474006056785583496e+01 9.000000000000000000e+00 5.200000000000000000e+01
1.002299999999999969e+01 5.474006056785583496e+01 1.000000000000000000e+01 8.000000000000000000e+01
1.042800000000000082e+01 5.474006056785583496e+01 1.100000000000000000e+01 6.100000000000000000e+01
1.200600000000000200e+01 5.474006056785583496e+01 1.200000000000000000e+01 8.700000000000000000e+01
1.267700000000000315e+01 5.474006056785583496e+01 1.300000000000000000e+01 7.500000000000000000e+01
1.398200000000000642e+01 5.474006056785583496e+01 1.400000000000000000e+01 1.460000000000000000e+02
1.449100000000000676e+01 5.474006056785583496e+01 1.500000000000000000e+01 1.180000000000000000e+02
1.473800000000000665e+01 5.474006056785583496e+01 1.600000000000000000e+01 1.020000000000000000e+02
1.509800000000000786e+01 5.474006056785583496e+01 1.700000000000000000e+01 1.270000000000000000e+02
1.556200000000000827e+01 5.474006056785583496e+01 1.800000000000000000e+01 1.190000000000000000e+02
1.589900000000000979e+01 5.474006056785583496e+01 1.900000000000000000e+01 1.310000000000000000e+02
1.644100000000000961e+01 5.474006056785583496e+01 2.000000000000000000e+01 1.130000000000000000e+02
1.686300000000001020e+01 5.474006056785583496e+01 2.100000000000000000e+01 1.730000000000000000e+02
1.747600000000000975e+01 5.474006056785583496e+01 2.200000000000000000e+01 1.240000000000000000e+02
1.776400000000000645e+01 5.474006056785583496e+01 2.300000000000000000e+01 1.340000000000000000e+02
1.796600000000000819e+01 5.474006056785583496e+01 2.400000000000000000e+01 1.200000000000000000e+02
1.898700000000000188e+01 5.474006056785583496e+01 2.500000000000000000e+01 2.590000000000000000e+02
1.943299999999999983e+01 5.474006056785583496e+01 2.600000000000000000e+01 1.620000000000000000e+02
1.977899999999999636e+01 5.474006056785583496e+01 2.700000000000000000e+01 1.750000000000000000e+02
2.027599999999999625e+01 5.474006056785583496e+01 2.800000000000000000e+01 1.770000000000000000e+02
2.059699999999999420e+01 5.474006056785583496e+01 2.900000000000000000e+01 1.280000000000000000e+02
2.134500000000000597e+01 5.474006056785583496e+01 3.000000000000000000e+01 3.580000000000000000e+02
2.184900000000001441e+01 5.474006056785583496e+01 3.100000000000000000e+01 1.760000000000000000e+02
2.203400000000001668e+01 5.474006056785583496e+01 3.200000000000000000e+01 3.120000000000000000e+02
2.264900000000002223e+01 5.474006056785583496e+01 3.300000000000000000e+01 2.580000000000000000e+02
2.319200000000002149e+01 5.474006056785583496e+01 3.400000000000000000e+01 4.310000000000000000e+02
2.383000000000000895e+01 5.474006056785583496e+01 3.500000000000000000e+01 2.290000000000000000e+02
2.422100000000000009e+01 5.474006056785583496e+01 3.600000000000000000e+01 2.700000000000000000e+02
2.582399999999999096e+01 5.474006056785583496e+01 3.700000000000000000e+01 4.500000000000000000e+02
2.597899999999999565e+01 5.474006056785583496e+01 3.800000000000000000e+01 5.050000000000000000e+02
2.645599999999999596e+01 5.474006056785583496e+01 3.900000000000000000e+01 4.270000000000000000e+02
2.682099999999999440e+01 5.474006056785583496e+01 4.000000000000000000e+01 4.100000000000000000e+02
2.733599999999998431e+01 5.474006056785583496e+01 4.100000000000000000e+01 4.270000000000000000e+02
2.754999999999998295e+01 5.474006056785583496e+01 4.200000000000000000e+01 5.320000000000000000e+02
2.850399999999998712e+01 5.474006056785583496e+01 4.300000000000000000e+01 4.750000000000000000e+02
2.894299999999999784e+01 5.474006056785583496e+01 4.400000000000000000e+01 5.820000000000000000e+02
2.971299999999999386e+01 5.474006056785583496e+01 4.500000000000000000e+01 6.790000000000000000e+02
3.034199999999999875e+01 5.474006056785583496e+01 4.600000000000000000e+01 5.560000000000000000e+02
3.099300000000001987e+01 5.474006056785583496e+01 4.700000000000000000e+01 4.230000000000000000e+02
3.107800000000001361e+01 5.474006056785583496e+01 4.800000000000000000e+01 6.030000000000000000e+02
3.175800000000002399e+01 5.474006056785583496e+01 4.900000000000000000e+01 7.690000000000000000e+02
3.312600000000002609e+01 5.474006056785583496e+01 5.000000000000000000e+01 5.950000000000000000e+02
3.419200000000005701e+01 5.474006056785583496e+01 5.100000000000000000e+01 7.430000000000000000e+02
3.472400000000008902e+01 5.474006056785583496e+01 5.200000000000000000e+01 1.229000000000000000e+03
3.560200000000006781e+01 5.474006056785583496e+01 5.300000000000000000e+01 1.003000000000000000e+03
3.610600000000011534e+01 5.474006056785583496e+01 5.400000000000000000e+01 9.830000000000000000e+02
3.726400000000005974e+01 5.474006056785583496e+01 5.500000000000000000e+01 8.240000000000000000e+02
3.788000000000012335e+01 5.474006056785583496e+01 5.600000000000000000e+01 1.025000000000000000e+03
3.842500000000008953e+01 5.474006056785583496e+01 5.700000000000000000e+01 8.480000000000000000e+02
3.957600000000019236e+01 5.474006056785583496e+01 5.800000000000000000e+01 1.501000000000000000e+03
4.132800000000023743e+01 5.474006056785583496e+01 5.900000000000000000e+01 1.168000000000000000e+03
4.114100000000024693e+01 5.474006056785583496e+01 6.000000000000000000e+01 1.281000000000000000e+03
4.230100000000033589e+01 5.474006056785583496e+01 6.100000000000000000e+01 2.294000000000000000e+03
4.318000000000037630e+01 5.474006056785583496e+01 6.200000000000000000e+01 1.238000000000000000e+03
4.477800000000043212e+01 5.474006056785583496e+01 6.300000000000000000e+01 2.050000000000000000e+03
4.565200000000046998e+01 5.474006056785583496e+01 6.400000000000000000e+01 8.370000000000000000e+02
4.574700000000047595e+01 5.474006056785583496e+01 6.500000000000000000e+01 1.700000000000000000e+03
4.684800000000052478e+01 5.474006056785583496e+01 6.600000000000000000e+01 1.368000000000000000e+03
4.796500000000056474e+01 5.474006056785583496e+01 6.700000000000000000e+01 2.034000000000000000e+03
4.855500000000059657e+01 5.474006056785583496e+01 6.800000000000000000e+01 9.590000000000000000e+02
5.091000000000067871e+01 5.474006056785583496e+01 6.900000000000000000e+01 1.700000000000000000e+03
5.205100000000072669e+01 5.474006056785583496e+01 7.000000000000000000e+01 1.703000000000000000e+03
5.353500000000077819e+01 5.474006056785583496e+01 7.100000000000000000e+01 1.551000000000000000e+03
5.476600000000082247e+01 5.474006056785583496e+01 7.200000000000000000e+01 1.147000000000000000e+03
0.000000000000000000e+00 5.474006056785583496e+01 0.000000000000000000e+00 0.000000000000000000e+00
0.000000000000000000e+00 5.474006056785583496e+01 0.000000000000000000e+00 0.000000000000000000e+00
4.737000000000000099e+00 5.300549936294555664e+01 0.000000000000000000e+00 2.000000000000000000e+00
6.585999999999999410e+00 5.300549936294555664e+01 1.000000000000000000e+00 1.300000000000000000e+01
7.486999999999999211e+00 5.300549936294555664e+01 2.000000000000000000e+00 2.100000000000000000e+01
8.012999999999999901e+00 5.300549936294555664e+01 3.000000000000000000e+00 2.000000000000000000e+01
8.880000000000000782e+00 5.300549936294555664e+01 4.000000000000000000e+00 1.900000000000000000e+01
9.380000000000000782e+00 5.300549936294555664e+01 5.000000000000000000e+00 3.200000000000000000e+01
9.855000000000000426e+00 5.300549936294555664e+01 6.000000000000000000e+00 4.100000000000000000e+01
1.083200000000000252e+01 5.300549936294555664e+01 7.000000000000000000e+00 3.200000000000000000e+01
1.160200000000000209e+01 5.300549936294555664e+01 8.000000000000000000e+00 4.900000000000000000e+01
1.205700000000000216e+01 5.300549936294555664e+01 9.000000000000000000e+00 5.100000000000000000e+01
1.220600000000000129e+01 5.300549936294555664e+01 1.000000000000000000e+01 5.000000000000000000e+01
1.277400000000000091e+01 5.300549936294555664e+01 1.100000000000000000e+01 2.900000000000000000e+01
1.332500000000000107e+01 5.300549936294555664e+01 1.200000000000000000e+01 6.700000000000000000e+01
1.386200000000000188e+01 5.300549936294555664e+01 1.300000000000000000e+01 7.900000000000000000e+01
1.438300000000000267e+01 5.300549936294555664e+01 1.400000000000000000e+01 9.600000000000000000e+01
1.463000000000000256e+01 5.300549936294555664e+01 1.500000000000000000e+01 7.500000000000000000e+01
1.501100000000000101e+01 5.300549936294555664e+01 1.600000000000000000e+01 7.700000000000000000e+01
1.573099999999999810e+01 5.300549936294555664e+01 1.700000000000000000e+01 1.380000000000000000e+02
1.608199999999999719e+01 5.300549936294555664e+01 1.800000000000000000e+01 5.600000000000000000e+01
1.653399999999999537e+01 5.300549936294555664e+01 1.900000000000000000e+01 1.220000000000000000e+02
1.718900000000000006e+01 5.300549936294555664e+01 2.000000000000000000e+01 1.110000000000000000e+02
1.761400000000000432e+01 5.300549936294555664e+01 2.100000000000000000e+01 8.500000000000000000e+01
1.802400000000000446e+01 5.300549936294555664e+01 2.200000000000000000e+01 1.420000000000000000e+02
1.872000000000000597e+01 5.300549936294555664e+01 2.300000000000000000e+01 1.310000000000000000e+02
1.901000000000000512e+01 5.300549936294555664e+01 2.400000000000000000e+01 1.160000000000000000e+02
1.938200000000000145e+01 5.300549936294555664e+01 2.500000000000000000e+01 1.940000000000000000e+02
2.018599999999999994e+01 5.300549936294555664e+01 2.600000000000000000e+01 1.290000000000000000e+02
2.061599999999999966e+01 5.300549936294555664e+01 2.700000000000000000e+01 2.070000000000000000e+02
2.080399999999999849e+01 5.300549936294555664e+01 2.800000000000000000e+01 2.300000000000000000e+02
2.172399999999999665e+01 5.300549936294555664e+01 2.900000000000000000e+01 1.940000000000000000e+02
2.181199999999999761e+01 5.300549936294555664e+01 3.000000000000000000e+01 1.520000000000000000e+02
2.230699999999999861e+01 5.300549936294555664e+01 3.100000000000000000e+01 2.230000000000000000e+02
2.313400000000000389e+01 5.300549936294555664e+01 3.200000000000000000e+01 2.030000000000000000e+02
2.304200000000000514e+01 5.300549936294555664e+01 3.300000000000000000e+01 2.030000000000000000e+02
2.393199999999999861e+01 5.300549936294555664e+01 3.400000000000000000e+01 2.180000000000000000e+02
2.418899999999999650e+01 5.300549936294555664e+01 3.500000000000000000e+01 2.420000000000000000e+02
2.407899999999999352e+01 5.300549936294555664e+01 3.600000000000000000e+01 1.680000000000000000e+02
2.502399999999999736e+01 5.300549936294555664e+01 3.700000000000000000e+01 3.210000000000000000e+02
2.567000000000000171e+01 5.300549936294555664e+01 3.800000000000000000e+01 2.640000000000000000e+02
2.651900000000000546e+01 5.300549936294555664e+01 3.900000000000000000e+01 2.990000000000000000e+02
2.712000000000000099e+01 5.300549936294555664e+01 4.000000000000000000e+01 2.960000000000000000e+02
2.701500000000000412e+01 5.300549936294555664e+01 4.100000000000000000e+01 2.840000000000000000e+02
2.755499999999999616e+01 5.300549936294555664e+01 4.200000000000000000e+01 3.850000000000000000e+02
2.821700000000000585e+01 5.300549936294555664e+01 4.300000000000000000e+01 5.420000000000000000e+02
2.910600000000002296e+01 5.300549936294555664e+01 4.400000000000000000e+01 3.640000000000000000e+02
2.970200000000003016e+01 5.300549936294555664e+01 4.500000000000000000e+01 4.450000000000000000e+02
3.018500000000002714e+01 5.300549936294555664e+01 4.600000000000000000e+01 4.500000000000000000e+02
3.089700000000004110e+01 5.300549936294555664e+01 4.700000000000000000e+01 5.210000000000000000e+02
3.143700000000003314e+01 5.300549936294555664e+01 4.800000000000000000e+01 8.430000000000000000e+02
3.244000000000000483e+01 5.300549936294555664e+01 4.900000000000000000e+01 6.520000000000000000e+02
3.301500000000001478e+01 5.300549936294555664e+01 5.000000000000000000e+01 5.210000000000000000e+02
3.322600000000002041e+01 5.300549936294555664e+01 5.100000000000000000e+01 4.930000000000000000e+02
3.378700000000004877e+01 5.300549936294555664e+01 5.200000000000000000e+01 7.150000000000000000e+02
3.537699999999999534e+01 5.300549936294555664e+01 5.300000000000000000e+01 8.000000000000000000e+02
3.616800000000005610e+01 5.300549936294555664e+01 5.400000000000000000e+01 1.149000000000000000e+03
3.689600000000002922e+01 5.300549936294555664e+01 5.500000000000000000e+01 9.210000000000000000e+02
3.758600000000013353e+01 5.300549936294555664e+01 5.600000000000000000e+01 8.790000000000000000e+02
3.804200000000011528e+01 5.300549936294555664e+01 5.700000000000000000e+01 1.235000000000000000e+03
3.927400000000017144e+01 5.300549936294555664e+01 5.800000000000000000e+01 6.040000000000000000e+02
3.932400000000019702e+01 5.300549936294555664e+01 5.900000000000000000e+01 1.152000000000000000e+03
4.016500000000021231e+01 5.300549936294555664e+01 6.000000000000000000e+01 9.410000000000000000e+02
4.079200000000026449e+01 5.300549936294555664e+01 6.100000000000000000e+01 1.388000000000000000e+03
4.202700000000030656e+01 5.300549936294555664e+01 6.200000000000000000e+01 1.100000000000000000e+03
4.244000000000034589e+01 5.300549936294555664e+01 6.300000000000000000e+01 7.320000000000000000e+02
4.340200000000038472e+01 5.300549936294555664e+01 6.400000000000000000e+01 2.116000000000000000e+03
4.453700000000039694e+01 5.300549936294555664e+01 6.500000000000000000e+01 7.690000000000000000e+02
4.548100000000042797e+01 5.300549936294555664e+01 6.600000000000000000e+01 7.600000000000000000e+02
4.587600000000048084e+01 5.300549936294555664e+01 6.700000000000000000e+01 1.955000000000000000e+03
4.698100000000049192e+01 5.300549936294555664e+01 6.800000000000000000e+01 1.367000000000000000e+03
4.760000000000052722e+01 5.300549936294555664e+01 6.900000000000000000e+01 9.610000000000000000e+02
4.854100000000053683e+01 5.300549936294555664e+01 7.000000000000000000e+01 6.870000000000000000e+02
5.146600000000065478e+01 5.300549936294555664e+01 7.100000000000000000e+01 1.717000000000000000e+03
5.304400000000070747e+01 5.300549936294555664e+01 7.200000000000000000e+01 1.676000000000000000e+03
0.000000000000000000e+00 5.300549936294555664e+01 0.000000000000000000e+00 0.000000000000000000e+00
0.000000000000000000e+00 5.300549936294555664e+01 0.000000000000000000e+00 0.000000000000000000e+00
5.366999999999999993e+00 5.450949859619140625e+01 0.000000000000000000e+00 4.000000000000000000e+00
6.655999999999999694e+00 5.450949859619140625e+01 1.000000000000000000e+00 1.000000000000000000e+01
7.374999999999999112e+00 5.450949859619140625e+01 2.000000000000000000e+00 1.300000000000000000e+01
7.899999999999999467e+00 5.450949859619140625e+01 3.000000000000000000e+00 2.100000000000000000e+01
8.584999999999999076e+00 5.450949859619140625e+01 4.000000000000000000e+00 2.300000000000000000e+01
8.905999999999998806e+00 5.450949859619140625e+01 5.000000000000000000e+00 1.200000000000000000e+01
9.252999999999998337e+00 5.450949859619140625e+01 6.000000000000000000e+00 2.600000000000000000e+01
9.888999999999997570e+00 5.450949859619140625e+01 7.000000000000000000e+00 3.000000000000000000e+01
1.081099999999999639e+01 5.450949859619140625e+01 8.000000000000000000e+00 5.000000000000000000e+01
1.155599999999999383e+01 5.450949859619140625e+01 9.000000000000000000e+00 4.300000000000000000e+01
1.213799999999999280e+01 5.450949859619140625e+01 1.000000000000000000e+01 6.500000000000000000e+01
1.228199999999999292e+01 5.450949859619140625e+01 1.100000000000000000e+01 5.000000000000000000e+01
1.269599999999999440e+01 5.450949859619140625e+01 1.200000000000000000e+01 8.800000000000000000e+01
1.336399999999999366e+01 5.450949859619140625e+01 1.300000000000000000e+01 6.300000000000000000e+01
1.388499999999999268e+01 5.450949859619140625e+01 1.400000000000000000e+01 9.000000000000000000e+01
1.414099999999999291e+01 5.450949859619140625e+01 1.500000000000000000e+01 6.600000000000000000e+01
1.472699999999999498e+01 5.450949859619140625e+01 1.600000000000000000e+01 1.170000000000000000e+02
1.535299999999999265e+01 5.450949859619140625e+01 1.700000000000000000e+01 7.100000000000000000e+01
1.581499999999999417e+01 5.450949859619140625e+01 1.800000000000000000e+01 1.260000000000000000e+02
1.621799999999999642e+01 5.450949859619140625e+01 1.900000000000000000e+01 1.180000000000000000e+02
1.681099999999999639e+01 5.450949859619140625e+01 2.000000000000000000e+01 1.180000000000000000e+02
1.766199999999999903e+01 5.450949859619140625e+01 2.100000000000000000e+01 1.730000000000000000e+02
1.803599999999999781e+01 5.450949859619140625e+01 2.200000000000000000e+01 1.210000000000000000e+02
1.886899999999999622e+01 5.450949859619140625e+01 2.300000000000000000e+01 1.700000000000000000e+02
1.918299999999999272e+01 5.450949859619140625e+01 2.400000000000000000e+01 1.930000000000000000e+02
1.971999999999999176e+01 5.450949859619140625e+01 2.500000000000000000e+01 1.350000000000000000e+02
1.999099999999998900e+01 5.450949859619140625e+01 2.600000000000000000e+01 1.290000000000000000e+02
2.039499999999997826e+01 5.450949859619140625e+01 2.700000000000000000e+01 2.510000000000000000e+02
2.109599999999997166e+01 5.450949859619140625e+01 2.800000000000000000e+01 1.770000000000000000e+02
2.147999999999996845e+01 5.450949859619140625e+01 2.900000000000000000e+01 2.400000000000000000e+02
2.192299999999996629e+01 5.450949859619140625e+01 3.000000000000000000e+01 2.290000000000000000e+02
2.234299999999996800e+01 5.450949859619140625e+01 3.100000000000000000e+01 2.180000000000000000e+02
2.293399999999997263e+01 5.450949859619140625e+01 3.200000000000000000e+01 2.430000000000000000e+02
2.307399999999997320e+01 5.450949859619140625e+01 3.300000000000000000e+01 2.410000000000000000e+02
2.347399999999996822e+01 5.450949859619140625e+01 3.400000000000000000e+01 2.410000000000000000e+02
2.379499999999996973e+01 5.450949859619140625e+01 3.500000000000000000e+01 3.540000000000000000e+02
2.477499999999997016e+01 5.450949859619140625e+01 3.600000000000000000e+01 3.320000000000000000e+02
2.536099999999997223e+01 5.450949859619140625e+01 3.700000000000000000e+01 3.050000000000000000e+02
2.575599999999997536e+01 5.450949859619140625e+01 3.800000000000000000e+01 3.020000000000000000e+02
2.629199999999997672e+01 5.450949859619140625e+01 3.900000000000000000e+01 3.150000000000000000e+02
2.647999999999997200e+01 5.450949859619140625e+01 4.000000000000000000e+01 3.780000000000000000e+02
2.673499999999996390e+01 5.450949859619140625e+01 4.100000000000000000e+01 4.080000000000000000e+02
2.720899999999996410e+01 5.450949859619140625e+01 4.200000000000000000e+01 3.660000000000000000e+02
2.835999999999998522e+01 5.450949859619140625e+01 4.300000000000000000e+01 5.640000000000000000e+02
2.909300000000000352e+01 5.450949859619140625e+01 4.400000000000000000e+01 4.080000000000000000e+02
2.938100000000000023e+01 5.450949859619140625e+01 4.500000000000000000e+01 4.450000000000000000e+02
3.010000000000000497e+01 5.450949859619140625e+01 4.600000000000000000e+01 5.830000000000000000e+02
3.087600000000002254e+01 5.450949859619140625e+01 4.700000000000000000e+01 4.920000000000000000e+02
3.117300000000001958e+01 5.450949859619140625e+01 4.800000000000000000e+01 6.130000000000000000e+02
3.167900000000002336e+01 5.450949859619140625e+01 4.900000000000000000e+01 6.410000000000000000e+02
3.356500000000002615e+01 5.450949859619140625e+01 5.000000000000000000e+01 8.030000000000000000e+02
3.429800000000007287e+01 5.450949859619140625e+01 5.100000000000000000e+01 1.105000000000000000e+03
3.498000000000010346e+01 5.450949859619140625e+01 5.200000000000000000e+01 7.910000000000000000e+02
3.588300000000012346e+01 5.450949859619140625e+01 5.300000000000000000e+01 7.630000000000000000e+02
3.636200000000015109e+01 5.450949859619140625e+01 5.400000000000000000e+01 7.500000000000000000e+02
3.701500000000014268e+01 5.450949859619140625e+01 5.500000000000000000e+01 1.021000000000000000e+03
3.870300000000028717e+01 5.450949859619140625e+01 5.600000000000000000e+01 8.670000000000000000e+02
3.998900000000031696e+01 5.450949859619140625e+01 5.700000000000000000e+01 1.023000000000000000e+03
4.053500000000035186e+01 5.450949859619140625e+01 5.800000000000000000e+01 1.665000000000000000e+03
4.098300000000034515e+01 5.450949859619140625e+01 5.900000000000000000e+01 1.414000000000000000e+03
4.184200000000035402e+01 5.450949859619140625e+01 6.000000000000000000e+01 1.488000000000000000e+03
4.261400000000043065e+01 5.450949859619140625e+01 6.100000000000000000e+01 2.224000000000000000e+03
4.419300000000050943e+01 5.450949859619140625e+01 6.200000000000000000e+01 1.669000000000000000e+03
4.477700000000054104e+01 5.450949859619140625e+01 6.300000000000000000e+01 1.170000000000000000e+03
4.583800000000057651e+01 5.450949859619140625e+01 6.400000000000000000e+01 1.230000000000000000e+03
4.648400000000059862e+01 5.450949859619140625e+01 6.500000000000000000e+01 2.907000000000000000e+03
4.732400000000063045e+01 5.450949859619140625e+01 6.600000000000000000e+01 1.498000000000000000e+03
4.796800000000065722e+01 5.450949859619140625e+01 6.700000000000000000e+01 1.385000000000000000e+03
4.976900000000072311e+01 5.450949859619140625e+01 6.800000000000000000e+01 1.609000000000000000e+03
5.121100000000078012e+01 5.450949859619140625e+01 6.900000000000000000e+01 1.227000000000000000e+03
5.197900000000081633e+01 5.450949859619140625e+01 7.000000000000000000e+01 1.149000000000000000e+03
5.324700000000085964e+01 5.450949859619140625e+01 7.100000000000000000e+01 1.693000000000000000e+03
5.435600000000089693e+01 5.450949859619140625e+01 7.200000000000000000e+01 1.812000000000000000e+03
0.000000000000000000e+00 5.450949859619140625e+01 0.000000000000000000e+00 0.000000000000000000e+00
0.000000000000000000e+00 5.450949859619140625e+01 0.000000000000000000e+00 0.000000000000000000e+00
4.639000000000000234e+00 5.028877067565917969e+01 0.000000000000000000e+00 1.100000000000000000e+01
5.566999999999999282e+00 5.028877067565917969e+01 1.000000000000000000e+00 2.500000000000000000e+01
7.361999999999997435e+00 5.028877067565917969e+01 2.000000000000000000e+00 2.900000000000000000e+01
7.885999999999997456e+00 5.028877067565917969e+01 3.000000000000000000e+00 5.300000000000000000e+01
8.739999999999996660e+00 5.028877067565917969e+01 4.000000000000000000e+00 7.100000000000000000e+01
9.405999999999997030e+00 5.028877067565917969e+01 5.000000000000000000e+00 6.000000000000000000e+01
9.759999999999998010e+00 5.028877067565917969e+01 6.000000000000000000e+00 8.000000000000000000e+01
1.007699999999999818e+01 5.028877067565917969e+01 7.000000000000000000e+00 6.900000000000000000e+01
1.025599999999999845e+01 5.028877067565917969e+01 8.000000000000000000e+00 5.200000000000000000e+01
1.045899999999999785e+01 5.028877067565917969e+01 9.000000000000000000e+00 6.700000000000000000e+01
1.079699999999999882e+01 5.028877067565917969e+01 1.000000000000000000e+01 6.800000000000000000e+01
1.122199999999999953e+01 5.028877067565917969e+01 1.100000000000000000e+01 8.400000000000000000e+01
1.165599999999999881e+01 5.028877067565917969e+01 1.200000000000000000e+01 6.200000000000000000e+01
1.176299999999999812e+01 5.028877067565917969e+01 1.300000000000000000e+01 6.000000000000000000e+01
1.297899999999999920e+01 5.028877067565917969e+01 1.400000000000000000e+01 1.040000000000000000e+02
1.296699999999999697e+01 5.028877067565917969e+01 1.500000000000000000e+01 7.800000000000000000e+01
1.389299999999999891e+01 5.028877067565917969e+01 1.600000000000000000e+01 1.000000000000000000e+02
1.457599999999999696e+01 5.028877067565917969e+01 1.700000000000000000e+01 1.220000000000000000e+02
1.492499999999999716e+01 5.028877067565917969e+01 1.800000000000000000e+01 9.000000000000000000e+01
1.548599999999999888e+01 5.028877067565917969e+01 1.900000000000000000e+01 1.810000000000000000e+02
1.613800000000000168e+01 5.028877067565917969e+01 2.000000000000000000e+01 1.750000000000000000e+02
1.666900000000000404e+01 5.028877067565917969e+01 2.100000000000000000e+01 1.170000000000000000e+02
1.708200000000000429e+01 5.028877067565917969e+01 2.200000000000000000e+01 1.280000000000000000e+02
1.767600000000000193e+01 5.028877067565917969e+01 2.300000000000000000e+01 1.840000000000000000e+02
1.824800000000000111e+01 5.028877067565917969e+01 2.400000000000000000e+01 2.070000000000000000e+02
1.833900000000000219e+01 5.028877067565917969e+01 2.500000000000000000e+01 1.160000000000000000e+02
1.896700000000000230e+01 5.028877067565917969e+01 2.600000000000000000e+01 1.640000000000000000e+02
1.920000000000000284e+01 5.028877067565917969e+01 2.700000000000000000e+01 1.810000000000000000e+02
1.964600000000000080e+01 5.028877067565917969e+01 2.800000000000000000e+01 2.280000000000000000e+02
2.034599999999999298e+01 5.028877067565917969e+01 2.900000000000000000e+01 2.390000000000000000e+02
2.098999999999999488e+01 5.028877067565917969e+01 3.000000000000000000e+01 1.410000000000000000e+02
2.174100000000000321e+01 5.028877067565917969e+01 3.100000000000000000e+01 2.400000000000000000e+02
2.218700000000000472e+01 5.028877067565917969e+01 3.200000000000000000e+01 2.770000000000000000e+02
2.280600000000000804e+01 5.028877067565917969e+01 3.300000000000000000e+01 2.180000000000000000e+02
2.271200000000000685e+01 5.028877067565917969e+01 3.400000000000000000e+01 1.850000000000000000e+02
2.319800000000000750e+01 5.028877067565917969e+01 3.500000000000000000e+01 2.950000000000000000e+02
2.392699999999999960e+01 5.028877067565917969e+01 3.600000000000000000e+01 3.630000000000000000e+02
2.464699999999999491e+01 5.028877067565917969e+01 3.700000000000000000e+01 2.030000000000000000e+02
2.535899999999999466e+01 5.028877067565917969e+01 3.800000000000000000e+01 4.570000000000000000e+02
2.580600000000000094e+01 5.028877067565917969e+01 3.900000000000000000e+01 3.370000000000000000e+02
2.639999999999999503e+01 5.028877067565917969e+01 4.000000000000000000e+01 2.470000000000000000e+02
2.659599999999999298e+01 5.028877067565917969e+01 4.100000000000000000e+01 4.230000000000000000e+02
2.719799999999998974e+01 5.028877067565917969e+01 4.200000000000000000e+01 3.240000000000000000e+02
2.750699999999999079e+01 5.028877067565917969e+01 4.300000000000000000e+01 5.410000000000000000e+02
2.791200000000000259e+01 5.028877067565917969e+01 4.400000000000000000e+01 4.520000000000000000e+02
2.901799999999999713e+01 5.028877067565917969e+01 4.500000000000000000e+01 7.130000000000000000e+02
2.973299999999998988e+01 5.028877067565917969e+01 4.600000000000000000e+01 4.650000000000000000e+02
3.041600000000001103e+01 5.028877067565917969e+01 4.700000000000000000e+01 7.410000000000000000e+02
3.073900000000000432e+01 5.028877067565917969e+01 4.800000000000000000e+01 6.840000000000000000e+02
3.115000000000000213e+01 5.028877067565917969e+01 4.900000000000000000e+01 6.040000000000000000e+02
3.167300000000001958e+01 5.028877067565917969e+01 5.000000000000000000e+01 5.130000000000000000e+02
3.239300000000001489e+01 5.028877067565917969e+01 5.100000000000000000e+01 4.880000000000000000e+02
3.317400000000007054e+01 5.028877067565917969e+01 5.200000000000000000e+01 6.780000000000000000e+02
3.371000000000005059e+01 5.028877067565917969e+01 5.300000000000000000e+01 4.870000000000000000e+02
3.400400000000006884e+01 5.028877067565917969e+01 5.400000000000000000e+01 6.350000000000000000e+02
3.446200000000006014e+01 5.028877067565917969e+01 5.500000000000000000e+01 1.012000000000000000e+03
3.584200000000023323e+01 5.028877067565917969e+01 5.600000000000000000e+01 8.130000000000000000e+02
3.635800000000023147e+01 5.028877067565917969e+01 5.700000000000000000e+01 1.072000000000000000e+03
3.886400000000046617e+01 5.028877067565917969e+01 5.800000000000000000e+01 1.496000000000000000e+03
3.947600000000046094e+01 5.028877067565917969e+01 5.900000000000000000e+01 1.175000000000000000e+03
4.009100000000049135e+01 5.028877067565917969e+01 6.000000000000000000e+01 1.398000000000000000e+03
4.043600000000051153e+01 5.028877067565917969e+01 6.100000000000000000e+01 1.213000000000000000e+03
4.096200000000053620e+01 5.028877067565917969e+01 6.200000000000000000e+01 1.223000000000000000e+03
4.168200000000057059e+01 5.028877067565917969e+01 6.300000000000000000e+01 1.025000000000000000e+03
4.220600000000058571e+01 5.028877067565917969e+01 6.400000000000000000e+01 1.144000000000000000e+03
4.278100000000060987e+01 5.028877067565917969e+01 6.500000000000000000e+01 1.868000000000000000e+03
4.384600000000064313e+01 5.028877067565917969e+01 6.600000000000000000e+01 1.305000000000000000e+03
4.468700000000067973e+01 5.028877067565917969e+01 6.700000000000000000e+01 1.088000000000000000e+03
4.642500000000074323e+01 5.028877067565917969e+01 6.800000000000000000e+01 1.345000000000000000e+03
4.742400000000077398e+01 5.028877067565917969e+01 6.900000000000000000e+01 1.285000000000000000e+03
4.826000000000081513e+01 5.028877067565917969e+01 7.000000000000000000e+01 1.251000000000000000e+03
4.933800000000085362e+01 5.028877067565917969e+01 7.100000000000000000e+01 8.350000000000000000e+02
5.033300000000088659e+01 5.028877067565917969e+01 7.200000000000000000e+01 1.069000000000000000e+03
0.000000000000000000e+00 5.028877067565917969e+01 0.000000000000000000e+00 0.000000000000000000e+00
0.000000000000000000e+00 5.028877067565917969e+01 0.000000000000000000e+00 0.000000000000000000e+00
