4.510000000000000675e+00 5.557983636856079102e+01 0.000000000000000000e+00 9.000000000000000000e+00
5.789000000000000590e+00 5.557983636856079102e+01 1.000000000000000000e+00 4.000000000000000000e+01
6.571000000000000618e+00 5.557983636856079102e+01 2.000000000000000000e+00 3.300000000000000000e+01
7.966000000000000192e+00 5.557983636856079102e+01 3.000000000000000000e+00 3.000000000000000000e+01
8.975000000000001421e+00 5.557983636856079102e+01 4.000000000000000000e+00 2.800000000000000000e+01
9.627000000000000668e+00 5.557983636856079102e+01 5.000000000000000000e+00 3.700000000000000000e+01
1.040300000000000047e+01 5.557983636856079102e+01 6.000000000000000000e+00 2.800000000000000000e+01
1.197700000000000209e+01 5.557983636856079102e+01 7.000000000000000000e+00 8.800000000000000000e+01
1.263300000000000090e+01 5.557983636856079102e+01 8.000000000000000000e+00 5.900000000000000000e+01
1.292900000000000205e+01 5.557983636856079102e+01 9.000000000000000000e+00 9.700000000000000000e+01
1.350400000000000134e+01 5.557983636856079102e+01 1.000000000000000000e+01 1.260000000000000000e+02
1.374300000000000033e+01 5.557983636856079102e+01 1.100000000000000000e+01 8.800000000000000000e+01
1.406300000000000061e+01 5.557983636856079102e+01 1.200000000000000000e+01 9.200000000000000000e+01
1.446200000000000152e+01 5.557983636856079102e+01 1.300000000000000000e+01 9.400000000000000000e+01
1.468800000000000239e+01 5.557983636856079102e+01 1.400000000000000000e+01 1.520000000000000000e+02
1.532700000000000173e+01 5.557983636856079102e+01 1.500000000000000000e+01 1.400000000000000000e+02
1.609900000000000375e+01 5.557983636856079102e+01 1.600000000000000000e+01 1.400000000000000000e+02
1.647000000000000242e+01 5.557983636856079102e+01 1.700000000000000000e+01 1.200000000000000000e+02
1.683900000000000219e+01 5.557983636856079102e+01 1.800000000000000000e+01 1.250000000000000000e+02
1.728800000000000381e+01 5.557983636856079102e+01 1.900000000000000000e+01 1.290000000000000000e+02
1.792200000000000770e+01 5.557983636856079102e+01 2.000000000000000000e+01 1.520000000000000000e+02
1.829800000000000537e+01 5.557983636856079102e+01 2.100000000000000000e+01 1.570000000000000000e+02
1.876900000000000546e+01 5.557983636856079102e+01 2.200000000000000000e+01 2.260000000000000000e+02
1.906400000000000716e+01 5.557983636856079102e+01 2.300000000000000000e+01 1.460000000000000000e+02
1.934800000000000963e+01 5.557983636856079102e+01 2.400000000000000000e+01 1.440000000000000000e+02
1.953300000000001191e+01 5.557983636856079102e+01 2.500000000000000000e+01 1.700000000000000000e+02
1.988200000000000855e+01 5.557983636856079102e+01 2.600000000000000000e+01 2.580000000000000000e+02
2.019600000000000861e+01 5.557983636856079102e+01 2.700000000000000000e+01 2.140000000000000000e+02
2.070500000000000540e+01 5.557983636856079102e+01 2.800000000000000000e+01 1.960000000000000000e+02
2.089300000000000423e+01 5.557983636856079102e+01 2.900000000000000000e+01 2.280000000000000000e+02
2.156000000000000227e+01 5.557983636856079102e+01 3.000000000000000000e+01 2.800000000000000000e+02
2.208400000000000318e+01 5.557983636856079102e+01 3.100000000000000000e+01 3.420000000000000000e+02
2.197700000000000387e+01 5.557983636856079102e+01 3.200000000000000000e+01 2.390000000000000000e+02
2.243600000000000350e+01 5.557983636856079102e+01 3.300000000000000000e+01 2.420000000000000000e+02
2.295300000000001006e+01 5.557983636856079102e+01 3.400000000000000000e+01 2.460000000000000000e+02
2.330300000000001148e+01 5.557983636856079102e+01 3.500000000000000000e+01 2.050000000000000000e+02
2.360000000000001208e+01 5.557983636856079102e+01 3.600000000000000000e+01 3.730000000000000000e+02
2.427800000000001290e+01 5.557983636856079102e+01 3.700000000000000000e+01 2.400000000000000000e+02
2.462300000000000111e+01 5.557983636856079102e+01 3.800000000000000000e+01 4.110000000000000000e+02
2.502999999999999758e+01 5.557983636856079102e+01 3.900000000000000000e+01 3.250000000000000000e+02
2.582399999999999096e+01 5.557983636856079102e+01 4.000000000000000000e+01 5.090000000000000000e+02
2.629299999999999216e+01 5.557983636856079102e+01 4.100000000000000000e+01 4.130000000000000000e+02
2.656199999999999761e+01 5.557983636856079102e+01 4.200000000000000000e+01 3.070000000000000000e+02
2.715100000000001046e+01 5.557983636856079102e+01 4.300000000000000000e+01 4.910000000000000000e+02
2.793100000000000804e+01 5.557983636856079102e+01 4.400000000000000000e+01 6.410000000000000000e+02
2.797100000000000719e+01 5.557983636856079102e+01 4.500000000000000000e+01 4.710000000000000000e+02
2.891900000000002535e+01 5.557983636856079102e+01 4.600000000000000000e+01 6.120000000000000000e+02
2.934700000000001907e+01 5.557983636856079102e+01 4.700000000000000000e+01 7.470000000000000000e+02
3.028600000000003334e+01 5.557983636856079102e+01 4.800000000000000000e+01 6.680000000000000000e+02
3.044100000000003092e+01 5.557983636856079102e+01 4.900000000000000000e+01 7.720000000000000000e+02
3.127800000000002356e+01 5.557983636856079102e+01 5.000000000000000000e+01 6.990000000000000000e+02
3.164000000000002899e+01 5.557983636856079102e+01 5.100000000000000000e+01 9.540000000000000000e+02
3.273500000000003496e+01 5.557983636856079102e+01 5.200000000000000000e+01 9.490000000000000000e+02
3.338100000000006418e+01 5.557983636856079102e+01 5.300000000000000000e+01 1.474000000000000000e+03
3.358300000000006946e+01 5.557983636856079102e+01 5.400000000000000000e+01 6.190000000000000000e+02
3.414100000000009771e+01 5.557983636856079102e+01 5.500000000000000000e+01 1.084000000000000000e+03
3.455100000000010851e+01 5.557983636856079102e+01 5.600000000000000000e+01 1.418000000000000000e+03
3.483800000000011465e+01 5.557983636856079102e+01 5.700000000000000000e+01 8.150000000000000000e+02
3.563200000000015422e+01 5.557983636856079102e+01 5.800000000000000000e+01 1.475000000000000000e+03
3.676200000000014256e+01 5.557983636856079102e+01 5.900000000000000000e+01 1.503000000000000000e+03
3.795300000000031559e+01 5.557983636856079102e+01 6.000000000000000000e+01 1.713000000000000000e+03
3.969700000000038642e+01 5.557983636856079102e+01 6.100000000000000000e+01 1.538000000000000000e+03
4.064100000000043877e+01 5.557983636856079102e+01 6.200000000000000000e+01 1.949000000000000000e+03
4.154200000000049187e+01 5.557983636856079102e+01 6.300000000000000000e+01 1.280000000000000000e+03
4.180600000000050187e+01 5.557983636856079102e+01 6.400000000000000000e+01 2.026000000000000000e+03
4.285400000000055343e+01 5.557983636856079102e+01 6.500000000000000000e+01 1.929000000000000000e+03
4.425600000000063261e+01 5.557983636856079102e+01 6.600000000000000000e+01 2.718000000000000000e+03
4.600700000000070844e+01 5.557983636856079102e+01 6.700000000000000000e+01 1.212000000000000000e+03
4.707000000000075346e+01 5.557983636856079102e+01 6.800000000000000000e+01 1.732000000000000000e+03
4.874700000000080280e+01 5.557983636856079102e+01 6.900000000000000000e+01 2.216000000000000000e+03
5.086100000000090660e+01 5.557983636856079102e+01 7.000000000000000000e+01 1.391000000000000000e+03
5.376300000000102131e+01 5.557983636856079102e+01 7.100000000000000000e+01 1.353000000000000000e+03
5.549400000000108690e+01 5.557983636856079102e+01 7.200000000000000000e+01 1.240000000000000000e+03
5.557983636856079102e+01 5.557983636856079102e+01 0.000000000000000000e+00 0.000000000000000000e+00
5.557983636856079102e+01 5.557983636856079102e+01 0.000000000000000000e+00 0.000000000000000000e+00
4.133000000000000895e+00 6.651276636123657227e+01 0.000000000000000000e+00 6.000000000000000000e+00
5.208000000000001073e+00 6.651276636123657227e+01 1.000000000000000000e+00 6.000000000000000000e+00
5.750000000000000888e+00 6.651276636123657227e+01 2.000000000000000000e+00 2.000000000000000000e+01
6.492000000000000881e+00 6.651276636123657227e+01 3.000000000000000000e+00 5.000000000000000000e+00
7.105000000000000426e+00 6.651276636123657227e+01 4.000000000000000000e+00 4.100000000000000000e+01
8.008000000000000895e+00 6.651276636123657227e+01 5.000000000000000000e+00 2.500000000000000000e+01
8.824000000000001620e+00 6.651276636123657227e+01 6.000000000000000000e+00 4.200000000000000000e+01
9.324999999999999289e+00 6.651276636123657227e+01 7.000000000000000000e+00 4.300000000000000000e+01
9.663000000000000256e+00 6.651276636123657227e+01 8.000000000000000000e+00 3.500000000000000000e+01
1.025999999999999979e+01 6.651276636123657227e+01 9.000000000000000000e+00 6.300000000000000000e+01
1.083800000000000097e+01 6.651276636123657227e+01 1.000000000000000000e+01 5.500000000000000000e+01
1.126000000000000156e+01 6.651276636123657227e+01 1.100000000000000000e+01 8.400000000000000000e+01
1.140000000000000213e+01 6.651276636123657227e+01 1.200000000000000000e+01 6.000000000000000000e+01
1.166900000000000226e+01 6.651276636123657227e+01 1.300000000000000000e+01 4.600000000000000000e+01
1.231400000000000183e+01 6.651276636123657227e+01 1.400000000000000000e+01 7.600000000000000000e+01
1.261400000000000077e+01 6.651276636123657227e+01 1.500000000000000000e+01 7.000000000000000000e+01
1.330300000000000438e+01 6.651276636123657227e+01 1.600000000000000000e+01 6.100000000000000000e+01
1.352000000000000668e+01 6.651276636123657227e+01 1.700000000000000000e+01 5.700000000000000000e+01
1.389100000000000712e+01 6.651276636123657227e+01 1.800000000000000000e+01 8.300000000000000000e+01
1.433600000000000918e+01 6.651276636123657227e+01 1.900000000000000000e+01 9.300000000000000000e+01
1.465800000000000836e+01 6.651276636123657227e+01 2.000000000000000000e+01 1.050000000000000000e+02
1.507400000000000695e+01 6.651276636123657227e+01 2.100000000000000000e+01 9.800000000000000000e+01
1.559500000000000597e+01 6.651276636123657227e+01 2.200000000000000000e+01 9.900000000000000000e+01
1.626100000000000634e+01 6.651276636123657227e+01 2.300000000000000000e+01 1.190000000000000000e+02
1.654500000000000881e+01 6.651276636123657227e+01 2.400000000000000000e+01 1.920000000000000000e+02
1.826300000000000878e+01 6.651276636123657227e+01 2.500000000000000000e+01 2.110000000000000000e+02
1.883000000000000540e+01 6.651276636123657227e+01 2.600000000000000000e+01 1.930000000000000000e+02
1.878900000000000503e+01 6.651276636123657227e+01 2.700000000000000000e+01 1.470000000000000000e+02
1.914400000000000190e+01 6.651276636123657227e+01 2.800000000000000000e+01 1.470000000000000000e+02
1.968700000000000117e+01 6.651276636123657227e+01 2.900000000000000000e+01 2.520000000000000000e+02
2.044099999999999895e+01 6.651276636123657227e+01 3.000000000000000000e+01 2.590000000000000000e+02
2.080299999999999727e+01 6.651276636123657227e+01 3.100000000000000000e+01 2.690000000000000000e+02
2.122399999999999665e+01 6.651276636123657227e+01 3.200000000000000000e+01 2.680000000000000000e+02
2.251299999999999812e+01 6.651276636123657227e+01 3.300000000000000000e+01 3.600000000000000000e+02
2.322400000000000020e+01 6.651276636123657227e+01 3.400000000000000000e+01 4.280000000000000000e+02
2.353500000000000369e+01 6.651276636123657227e+01 3.500000000000000000e+01 3.490000000000000000e+02
2.383300000000000196e+01 6.651276636123657227e+01 3.600000000000000000e+01 3.170000000000000000e+02
2.434900000000000020e+01 6.651276636123657227e+01 3.700000000000000000e+01 3.190000000000000000e+02
2.437699999999999889e+01 6.651276636123657227e+01 3.800000000000000000e+01 3.030000000000000000e+02
2.518699999999998695e+01 6.651276636123657227e+01 3.900000000000000000e+01 4.820000000000000000e+02
2.571399999999998442e+01 6.651276636123657227e+01 4.000000000000000000e+01 6.850000000000000000e+02
2.662199999999998568e+01 6.651276636123657227e+01 4.100000000000000000e+01 5.230000000000000000e+02
2.684999999999999076e+01 6.651276636123657227e+01 4.200000000000000000e+01 6.220000000000000000e+02
2.736499999999999488e+01 6.651276636123657227e+01 4.300000000000000000e+01 4.190000000000000000e+02
2.797599999999999554e+01 6.651276636123657227e+01 4.400000000000000000e+01 5.590000000000000000e+02
2.860200000000000387e+01 6.651276636123657227e+01 4.500000000000000000e+01 6.930000000000000000e+02
2.876900000000000546e+01 6.651276636123657227e+01 4.600000000000000000e+01 6.760000000000000000e+02
2.966699999999999804e+01 6.651276636123657227e+01 4.700000000000000000e+01 6.280000000000000000e+02
2.995200000000000173e+01 6.651276636123657227e+01 4.800000000000000000e+01 6.910000000000000000e+02
3.061899999999998911e+01 6.651276636123657227e+01 4.900000000000000000e+01 9.230000000000000000e+02
3.107899999999998997e+01 6.651276636123657227e+01 5.000000000000000000e+01 5.600000000000000000e+02
3.151899999999998414e+01 6.651276636123657227e+01 5.100000000000000000e+01 8.860000000000000000e+02
3.245399999999998641e+01 6.651276636123657227e+01 5.200000000000000000e+01 9.120000000000000000e+02
3.344800000000003593e+01 6.651276636123657227e+01 5.300000000000000000e+01 1.003000000000000000e+03
3.421900000000005093e+01 6.651276636123657227e+01 5.400000000000000000e+01 1.451000000000000000e+03
3.454900000000007054e+01 6.651276636123657227e+01 5.500000000000000000e+01 1.448000000000000000e+03
3.580800000000013483e+01 6.651276636123657227e+01 5.600000000000000000e+01 1.275000000000000000e+03
3.629000000000013415e+01 6.651276636123657227e+01 5.700000000000000000e+01 1.554000000000000000e+03
3.772000000000023334e+01 6.651276636123657227e+01 5.800000000000000000e+01 1.461000000000000000e+03
3.849100000000024124e+01 6.651276636123657227e+01 5.900000000000000000e+01 1.919000000000000000e+03
4.123900000000054433e+01 6.651276636123657227e+01 6.000000000000000000e+01 1.826000000000000000e+03
4.275800000000059953e+01 6.651276636123657227e+01 6.100000000000000000e+01 1.967000000000000000e+03
4.382100000000065165e+01 6.651276636123657227e+01 6.200000000000000000e+01 2.595000000000000000e+03
5.024500000000093536e+01 6.651276636123657227e+01 6.300000000000000000e+01 3.577000000000000000e+03
5.136100000000097054e+01 6.651276636123657227e+01 6.400000000000000000e+01 3.484000000000000000e+03
5.181000000000100414e+01 6.651276636123657227e+01 6.500000000000000000e+01 2.245000000000000000e+03
5.423700000000111032e+01 6.651276636123657227e+01 6.600000000000000000e+01 4.924000000000000000e+03
5.695700000000122287e+01 6.651276636123657227e+01 6.700000000000000000e+01 2.825000000000000000e+03
5.865500000000129432e+01 6.651276636123657227e+01 6.800000000000000000e+01 3.589000000000000000e+03
6.136700000000138999e+01 6.651276636123657227e+01 6.900000000000000000e+01 1.316000000000000000e+03
6.203300000000142234e+01 6.651276636123657227e+01 7.000000000000000000e+01 1.674000000000000000e+03
6.424300000000150135e+01 6.651276636123657227e+01 7.100000000000000000e+01 1.979000000000000000e+03
6.638000000000158707e+01 6.651276636123657227e+01 7.200000000000000000e+01 1.635000000000000000e+03
6.651276636123657227e+01 6.651276636123657227e+01 0.000000000000000000e+00 0.000000000000000000e+00
6.651276636123657227e+01 6.651276636123657227e+01 0.000000000000000000e+00 0.000000000000000000e+00
6.727000000000000313e+00 6.683182096481323242e+01 0.000000000000000000e+00 2.200000000000000000e+01
7.520000000000000462e+00 6.683182096481323242e+01 1.000000000000000000e+00 4.700000000000000000e+01
8.454000000000002402e+00 6.683182096481323242e+01 2.000000000000000000e+00 2.800000000000000000e+01
8.801000000000003709e+00 6.683182096481323242e+01 3.000000000000000000e+00 4.800000000000000000e+01
9.475000000000003197e+00 6.683182096481323242e+01 4.000000000000000000e+00 4.300000000000000000e+01
1.029600000000000293e+01 6.683182096481323242e+01 5.000000000000000000e+00 8.200000000000000000e+01
1.113000000000000256e+01 6.683182096481323242e+01 6.000000000000000000e+00 6.200000000000000000e+01
1.094600000000000151e+01 6.683182096481323242e+01 7.000000000000000000e+00 6.500000000000000000e+01
1.159000000000000341e+01 6.683182096481323242e+01 8.000000000000000000e+00 6.000000000000000000e+01
1.221900000000000475e+01 6.683182096481323242e+01 9.000000000000000000e+00 9.800000000000000000e+01
1.237900000000000489e+01 6.683182096481323242e+01 1.000000000000000000e+01 4.800000000000000000e+01
1.372300000000000608e+01 6.683182096481323242e+01 1.100000000000000000e+01 8.300000000000000000e+01
1.441200000000000614e+01 6.683182096481323242e+01 1.200000000000000000e+01 1.340000000000000000e+02
1.437200000000000522e+01 6.683182096481323242e+01 1.300000000000000000e+01 8.000000000000000000e+01
1.522600000000000620e+01 6.683182096481323242e+01 1.400000000000000000e+01 1.220000000000000000e+02
1.547700000000000742e+01 6.683182096481323242e+01 1.500000000000000000e+01 8.100000000000000000e+01
1.545200000000000529e+01 6.683182096481323242e+01 1.600000000000000000e+01 7.600000000000000000e+01
1.571900000000000652e+01 6.683182096481323242e+01 1.700000000000000000e+01 8.400000000000000000e+01
1.594800000000000573e+01 6.683182096481323242e+01 1.800000000000000000e+01 6.700000000000000000e+01
1.685000000000000853e+01 6.683182096481323242e+01 1.900000000000000000e+01 2.190000000000000000e+02
1.738800000000000878e+01 6.683182096481323242e+01 2.000000000000000000e+01 1.920000000000000000e+02
1.780200000000001026e+01 6.683182096481323242e+01 2.100000000000000000e+01 1.020000000000000000e+02
1.823800000000001020e+01 6.683182096481323242e+01 2.200000000000000000e+01 1.520000000000000000e+02
1.833600000000000918e+01 6.683182096481323242e+01 2.300000000000000000e+01 2.360000000000000000e+02
1.880100000000000549e+01 6.683182096481323242e+01 2.400000000000000000e+01 1.900000000000000000e+02
1.920700000000000074e+01 6.683182096481323242e+01 2.500000000000000000e+01 1.900000000000000000e+02
2.020799999999999841e+01 6.683182096481323242e+01 2.600000000000000000e+01 2.900000000000000000e+02
2.055799999999999983e+01 6.683182096481323242e+01 2.700000000000000000e+01 2.010000000000000000e+02
2.155299999999999727e+01 6.683182096481323242e+01 2.800000000000000000e+01 2.540000000000000000e+02
2.179199999999999449e+01 6.683182096481323242e+01 2.900000000000000000e+01 3.500000000000000000e+02
2.217400000000000659e+01 6.683182096481323242e+01 3.000000000000000000e+01 3.370000000000000000e+02
2.270400000000000418e+01 6.683182096481323242e+01 3.100000000000000000e+01 3.070000000000000000e+02
2.369500000000000739e+01 6.683182096481323242e+01 3.200000000000000000e+01 4.390000000000000000e+02
2.429700000000000415e+01 6.683182096481323242e+01 3.300000000000000000e+01 3.950000000000000000e+02
2.495400000000000418e+01 6.683182096481323242e+01 3.400000000000000000e+01 4.600000000000000000e+02
2.553900000000000148e+01 6.683182096481323242e+01 3.500000000000000000e+01 3.250000000000000000e+02
2.579500000000000171e+01 6.683182096481323242e+01 3.600000000000000000e+01 3.380000000000000000e+02
2.637300000000000111e+01 6.683182096481323242e+01 3.700000000000000000e+01 4.630000000000000000e+02
2.685999999999999943e+01 6.683182096481323242e+01 3.800000000000000000e+01 5.890000000000000000e+02
2.728599999999999781e+01 6.683182096481323242e+01 3.900000000000000000e+01 4.350000000000000000e+02
2.765099999999999625e+01 6.683182096481323242e+01 4.000000000000000000e+01 5.330000000000000000e+02
2.770799999999999486e+01 6.683182096481323242e+01 4.100000000000000000e+01 6.620000000000000000e+02
2.852600000000000691e+01 6.683182096481323242e+01 4.200000000000000000e+01 6.030000000000000000e+02
2.890300000000000580e+01 6.683182096481323242e+01 4.300000000000000000e+01 4.470000000000000000e+02
2.958100000000000662e+01 6.683182096481323242e+01 4.400000000000000000e+01 4.390000000000000000e+02
3.033300000000001617e+01 6.683182096481323242e+01 4.500000000000000000e+01 7.550000000000000000e+02
3.088300000000002399e+01 6.683182096481323242e+01 4.600000000000000000e+01 9.370000000000000000e+02
3.152200000000001978e+01 6.683182096481323242e+01 4.700000000000000000e+01 8.870000000000000000e+02
3.316399999999999437e+01 6.683182096481323242e+01 4.800000000000000000e+01 1.240000000000000000e+03
3.454799999999996629e+01 6.683182096481323242e+01 4.900000000000000000e+01 1.066000000000000000e+03
3.497300000000001319e+01 6.683182096481323242e+01 5.000000000000000000e+01 9.920000000000000000e+02
3.557200000000003115e+01 6.683182096481323242e+01 5.100000000000000000e+01 1.111000000000000000e+03
3.628900000000007253e+01 6.683182096481323242e+01 5.200000000000000000e+01 8.910000000000000000e+02
3.724600000000010169e+01 6.683182096481323242e+01 5.300000000000000000e+01 1.564000000000000000e+03
3.794300000000015416e+01 6.683182096481323242e+01 5.400000000000000000e+01 1.738000000000000000e+03
3.843500000000016570e+01 6.683182096481323242e+01 5.500000000000000000e+01 1.226000000000000000e+03
3.869700000000018036e+01 6.683182096481323242e+01 5.600000000000000000e+01 1.123000000000000000e+03
4.035800000000023147e+01 6.683182096481323242e+01 5.700000000000000000e+01 1.898000000000000000e+03
4.105100000000028615e+01 6.683182096481323242e+01 5.800000000000000000e+01 1.819000000000000000e+03
4.218200000000025796e+01 6.683182096481323242e+01 5.900000000000000000e+01 1.559000000000000000e+03
4.399000000000043542e+01 6.683182096481323242e+01 6.000000000000000000e+01 2.482000000000000000e+03
4.449100000000044020e+01 6.683182096481323242e+01 6.100000000000000000e+01 1.493000000000000000e+03
4.622300000000053899e+01 6.683182096481323242e+01 6.200000000000000000e+01 3.646000000000000000e+03
4.794800000000063278e+01 6.683182096481323242e+01 6.300000000000000000e+01 1.782000000000000000e+03
4.914600000000069713e+01 6.683182096481323242e+01 6.400000000000000000e+01 2.549000000000000000e+03
5.019400000000072737e+01 6.683182096481323242e+01 6.500000000000000000e+01 1.956000000000000000e+03
5.134800000000078768e+01 6.683182096481323242e+01 6.600000000000000000e+01 3.688000000000000000e+03
5.489200000000094093e+01 6.683182096481323242e+01 6.700000000000000000e+01 3.576000000000000000e+03
5.638100000000097367e+01 6.683182096481323242e+01 6.800000000000000000e+01 2.225000000000000000e+03
5.749200000000100630e+01 6.683182096481323242e+01 6.900000000000000000e+01 2.283000000000000000e+03
5.996100000000112829e+01 6.683182096481323242e+01 7.000000000000000000e+01 2.350000000000000000e+03
6.255900000000121963e+01 6.683182096481323242e+01 7.100000000000000000e+01 1.905000000000000000e+03
6.683800000000137231e+01 6.683182096481323242e+01 7.200000000000000000e+01 2.186000000000000000e+03
6.683182096481323242e+01 6.683182096481323242e+01 0.000000000000000000e+00 0.000000000000000000e+00
6.683182096481323242e+01 6.683182096481323242e+01 0.000000000000000000e+00 0.000000000000000000e+00
4.230000000000000426e+00 6.047056484222412109e+01 0.000000000000000000e+00 0.000000000000000000e+00
5.945000000000000284e+00 6.047056484222412109e+01 1.000000000000000000e+00 3.000000000000000000e+00
7.011000000000001009e+00 6.047056484222412109e+01 2.000000000000000000e+00 1.300000000000000000e+01
7.918000000000001037e+00 6.047056484222412109e+01 3.000000000000000000e+00 8.000000000000000000e+00
8.596999999999999531e+00 6.047056484222412109e+01 4.000000000000000000e+00 2.800000000000000000e+01
9.584999999999999076e+00 6.047056484222412109e+01 5.000000000000000000e+00 2.300000000000000000e+01
9.584999999999999076e+00 6.047056484222412109e+01 6.000000000000000000e+00 2.900000000000000000e+01
1.037199999999999811e+01 6.047056484222412109e+01 7.000000000000000000e+00 2.600000000000000000e+01
1.144999999999999929e+01 6.047056484222412109e+01 8.000000000000000000e+00 3.600000000000000000e+01
1.205199999999999783e+01 6.047056484222412109e+01 9.000000000000000000e+00 4.300000000000000000e+01
1.263400000000000034e+01 6.047056484222412109e+01 1.000000000000000000e+01 6.600000000000000000e+01
1.326400000000000112e+01 6.047056484222412109e+01 1.100000000000000000e+01 1.010000000000000000e+02
1.340500000000000114e+01 6.047056484222412109e+01 1.200000000000000000e+01 5.100000000000000000e+01
1.367100000000000115e+01 6.047056484222412109e+01 1.300000000000000000e+01 5.100000000000000000e+01
1.402400000000000091e+01 6.047056484222412109e+01 1.400000000000000000e+01 7.900000000000000000e+01
1.448300000000000054e+01 6.047056484222412109e+01 1.500000000000000000e+01 6.900000000000000000e+01
1.504899999999999949e+01 6.047056484222412109e+01 1.600000000000000000e+01 8.300000000000000000e+01
1.513100000000000023e+01 6.047056484222412109e+01 1.700000000000000000e+01 6.600000000000000000e+01
1.624200000000000443e+01 6.047056484222412109e+01 1.800000000000000000e+01 1.350000000000000000e+02
1.637000000000000455e+01 6.047056484222412109e+01 1.900000000000000000e+01 6.600000000000000000e+01
1.678700000000000614e+01 6.047056484222412109e+01 2.000000000000000000e+01 1.140000000000000000e+02
1.716100000000000847e+01 6.047056484222412109e+01 2.100000000000000000e+01 7.700000000000000000e+01
1.776500000000001123e+01 6.047056484222412109e+01 2.200000000000000000e+01 1.030000000000000000e+02
1.814600000000001145e+01 6.047056484222412109e+01 2.300000000000000000e+01 1.540000000000000000e+02
1.882900000000001484e+01 6.047056484222412109e+01 2.400000000000000000e+01 1.750000000000000000e+02
1.970300000000001361e+01 6.047056484222412109e+01 2.500000000000000000e+01 2.540000000000000000e+02
2.007200000000001339e+01 6.047056484222412109e+01 2.600000000000000000e+01 2.040000000000000000e+02
2.060200000000001097e+01 6.047056484222412109e+01 2.700000000000000000e+01 1.620000000000000000e+02
2.070600000000000662e+01 6.047056484222412109e+01 2.800000000000000000e+01 1.910000000000000000e+02
2.164000000000000412e+01 6.047056484222412109e+01 2.900000000000000000e+01 2.360000000000000000e+02
2.228600000000000492e+01 6.047056484222412109e+01 3.000000000000000000e+01 2.350000000000000000e+02
2.257700000000000529e+01 6.047056484222412109e+01 3.100000000000000000e+01 2.880000000000000000e+02
2.284300000000000708e+01 6.047056484222412109e+01 3.200000000000000000e+01 3.100000000000000000e+02
2.332900000000000773e+01 6.047056484222412109e+01 3.300000000000000000e+01 4.360000000000000000e+02
2.364000000000000767e+01 6.047056484222412109e+01 3.400000000000000000e+01 2.180000000000000000e+02
2.451600000000001955e+01 6.047056484222412109e+01 3.500000000000000000e+01 4.380000000000000000e+02
2.472200000000001552e+01 6.047056484222412109e+01 3.600000000000000000e+01 4.290000000000000000e+02
2.591600000000001813e+01 6.047056484222412109e+01 3.700000000000000000e+01 3.680000000000000000e+02
2.659800000000000963e+01 6.047056484222412109e+01 3.800000000000000000e+01 6.390000000000000000e+02
2.729700000000000060e+01 6.047056484222412109e+01 3.900000000000000000e+01 5.280000000000000000e+02
2.784699999999999775e+01 6.047056484222412109e+01 4.000000000000000000e+01 4.450000000000000000e+02
2.746399999999999508e+01 6.047056484222412109e+01 4.100000000000000000e+01 5.610000000000000000e+02
2.857700000000001239e+01 6.047056484222412109e+01 4.200000000000000000e+01 5.850000000000000000e+02
2.851400000000001000e+01 6.047056484222412109e+01 4.300000000000000000e+01 6.170000000000000000e+02
3.076100000000001344e+01 6.047056484222412109e+01 4.400000000000000000e+01 6.060000000000000000e+02
3.110100000000002396e+01 6.047056484222412109e+01 4.500000000000000000e+01 9.150000000000000000e+02
3.185500000000002530e+01 6.047056484222412109e+01 4.600000000000000000e+01 6.200000000000000000e+02
3.206200000000002603e+01 6.047056484222412109e+01 4.700000000000000000e+01 8.190000000000000000e+02
3.239200000000002433e+01 6.047056484222412109e+01 4.800000000000000000e+01 9.360000000000000000e+02
3.317100000000001359e+01 6.047056484222412109e+01 4.900000000000000000e+01 8.350000000000000000e+02
3.435200000000009624e+01 6.047056484222412109e+01 5.000000000000000000e+01 1.181000000000000000e+03
3.495200000000011187e+01 6.047056484222412109e+01 5.100000000000000000e+01 8.670000000000000000e+02
3.545400000000014984e+01 6.047056484222412109e+01 5.200000000000000000e+01 1.059000000000000000e+03
3.605000000000016058e+01 6.047056484222412109e+01 5.300000000000000000e+01 7.800000000000000000e+02
3.664800000000018798e+01 6.047056484222412109e+01 5.400000000000000000e+01 1.272000000000000000e+03
3.706200000000019656e+01 6.047056484222412109e+01 5.500000000000000000e+01 1.119000000000000000e+03
3.769500000000024187e+01 6.047056484222412109e+01 5.600000000000000000e+01 1.321000000000000000e+03
3.848800000000025534e+01 6.047056484222412109e+01 5.700000000000000000e+01 1.710000000000000000e+03
3.975300000000032696e+01 6.047056484222412109e+01 5.800000000000000000e+01 2.179000000000000000e+03
4.056300000000032924e+01 6.047056484222412109e+01 5.900000000000000000e+01 1.563000000000000000e+03
4.199300000000047106e+01 6.047056484222412109e+01 6.000000000000000000e+01 1.690000000000000000e+03
4.390900000000058157e+01 6.047056484222412109e+01 6.100000000000000000e+01 1.365000000000000000e+03
4.488700000000064705e+01 6.047056484222412109e+01 6.200000000000000000e+01 1.629000000000000000e+03
4.553100000000068803e+01 6.047056484222412109e+01 6.300000000000000000e+01 3.042000000000000000e+03
4.694600000000075113e+01 6.047056484222412109e+01 6.400000000000000000e+01 2.765000000000000000e+03
4.786300000000078825e+01 6.047056484222412109e+01 6.500000000000000000e+01 1.249000000000000000e+03
4.853100000000082304e+01 6.047056484222412109e+01 6.600000000000000000e+01 1.739000000000000000e+03
4.955500000000086658e+01 6.047056484222412109e+01 6.700000000000000000e+01 3.768000000000000000e+03
5.341300000000101988e+01 6.047056484222412109e+01 6.800000000000000000e+01 1.717000000000000000e+03
5.514200000000108304e+01 6.047056484222412109e+01 6.900000000000000000e+01 2.292000000000000000e+03
5.662500000000114397e+01 6.047056484222412109e+01 7.000000000000000000e+01 1.734000000000000000e+03
5.769500000000118689e+01 6.047056484222412109e+01 7.100000000000000000e+01 9.910000000000000000e+02
6.046900000000129438e+01 6.047056484222412109e+01 7.200000000000000000e+01 1.616000000000000000e+03
6.047056484222412109e+01 6.047056484222412109e+01 0.000000000000000000e+00 0.000000000000000000e+00
6.047056484222412109e+01 6.047056484222412109e+01 0.000000000000000000e+00 0.000000000000000000e+00
4.221000000000000085e+00 6.161086511611938477e+01 0.000000000000000000e+00 2.000000000000000000e+00
5.206999999999999851e+00 6.161086511611938477e+01 1.000000000000000000e+00 8.000000000000000000e+00
5.953999999999998849e+00 6.161086511611938477e+01 2.000000000000000000e+00 9.000000000000000000e+00
6.907999999999998586e+00 6.161086511611938477e+01 3.000000000000000000e+00 9.000000000000000000e+00
7.660999999999997812e+00 6.161086511611938477e+01 4.000000000000000000e+00 1.300000000000000000e+01
8.161999999999997257e+00 6.161086511611938477e+01 5.000000000000000000e+00 3.600000000000000000e+01
9.121999999999998110e+00 6.161086511611938477e+01 6.000000000000000000e+00 3.200000000000000000e+01
1.037299999999999933e+01 6.161086511611938477e+01 7.000000000000000000e+00 6.900000000000000000e+01
1.067999999999999972e+01 6.161086511611938477e+01 8.000000000000000000e+00 5.900000000000000000e+01
1.110800000000000054e+01 6.161086511611938477e+01 9.000000000000000000e+00 8.100000000000000000e+01
1.156099999999999817e+01 6.161086511611938477e+01 1.000000000000000000e+01 5.600000000000000000e+01
1.184699999999999953e+01 6.161086511611938477e+01 1.100000000000000000e+01 6.300000000000000000e+01
1.226999999999999957e+01 6.161086511611938477e+01 1.200000000000000000e+01 8.500000000000000000e+01
1.299299999999999855e+01 6.161086511611938477e+01 1.300000000000000000e+01 6.300000000000000000e+01
1.322999999999999865e+01 6.161086511611938477e+01 1.400000000000000000e+01 1.040000000000000000e+02
1.412999999999999901e+01 6.161086511611938477e+01 1.500000000000000000e+01 1.820000000000000000e+02
1.437499999999999822e+01 6.161086511611938477e+01 1.600000000000000000e+01 8.100000000000000000e+01
1.471999999999999886e+01 6.161086511611938477e+01 1.700000000000000000e+01 1.390000000000000000e+02
1.515399999999999991e+01 6.161086511611938477e+01 1.800000000000000000e+01 1.180000000000000000e+02
1.585799999999999876e+01 6.161086511611938477e+01 1.900000000000000000e+01 1.530000000000000000e+02
1.608699999999999974e+01 6.161086511611938477e+01 2.000000000000000000e+01 1.060000000000000000e+02
1.614500000000000313e+01 6.161086511611938477e+01 2.100000000000000000e+01 1.830000000000000000e+02
1.682700000000000529e+01 6.161086511611938477e+01 2.200000000000000000e+01 1.970000000000000000e+02
1.714400000000000546e+01 6.161086511611938477e+01 2.300000000000000000e+01 2.570000000000000000e+02
1.776700000000000301e+01 6.161086511611938477e+01 2.400000000000000000e+01 2.110000000000000000e+02
1.862000000000000099e+01 6.161086511611938477e+01 2.500000000000000000e+01 1.740000000000000000e+02
1.879700000000000060e+01 6.161086511611938477e+01 2.600000000000000000e+01 1.650000000000000000e+02
1.899699999999999633e+01 6.161086511611938477e+01 2.700000000000000000e+01 2.060000000000000000e+02
1.985299999999999443e+01 6.161086511611938477e+01 2.800000000000000000e+01 2.090000000000000000e+02
2.056399999999999295e+01 6.161086511611938477e+01 2.900000000000000000e+01 3.370000000000000000e+02
2.112699999999999534e+01 6.161086511611938477e+01 3.000000000000000000e+01 1.800000000000000000e+02
2.139299999999999002e+01 6.161086511611938477e+01 3.100000000000000000e+01 2.140000000000000000e+02
2.255499999999998906e+01 6.161086511611938477e+01 3.200000000000000000e+01 2.420000000000000000e+02
2.299499999999999034e+01 6.161086511611938477e+01 3.300000000000000000e+01 4.100000000000000000e+02
2.351099999999999213e+01 6.161086511611938477e+01 3.400000000000000000e+01 3.090000000000000000e+02
2.380399999999999139e+01 6.161086511611938477e+01 3.500000000000000000e+01 2.210000000000000000e+02
2.443699999999999406e+01 6.161086511611938477e+01 3.600000000000000000e+01 2.990000000000000000e+02
2.511199999999999477e+01 6.161086511611938477e+01 3.700000000000000000e+01 5.470000000000000000e+02
2.549499999999999034e+01 6.161086511611938477e+01 3.800000000000000000e+01 3.750000000000000000e+02
2.594799999999998619e+01 6.161086511611938477e+01 3.900000000000000000e+01 3.650000000000000000e+02
2.661199999999997701e+01 6.161086511611938477e+01 4.000000000000000000e+01 3.310000000000000000e+02
2.688499999999998025e+01 6.161086511611938477e+01 4.100000000000000000e+01 4.720000000000000000e+02
2.749199999999999022e+01 6.161086511611938477e+01 4.200000000000000000e+01 5.350000000000000000e+02
2.849599999999999156e+01 6.161086511611938477e+01 4.300000000000000000e+01 5.990000000000000000e+02
2.920999999999999019e+01 6.161086511611938477e+01 4.400000000000000000e+01 5.740000000000000000e+02
2.979700000000000415e+01 6.161086511611938477e+01 4.500000000000000000e+01 5.890000000000000000e+02
2.993000000000000682e+01 6.161086511611938477e+01 4.600000000000000000e+01 7.140000000000000000e+02
3.012699999999999889e+01 6.161086511611938477e+01 4.700000000000000000e+01 5.540000000000000000e+02
3.097100000000001785e+01 6.161086511611938477e+01 4.800000000000000000e+01 7.020000000000000000e+02
3.211399999999999721e+01 6.161086511611938477e+01 4.900000000000000000e+01 7.070000000000000000e+02
3.278100000000006276e+01 6.161086511611938477e+01 5.000000000000000000e+01 1.017000000000000000e+03
3.335200000000006781e+01 6.161086511611938477e+01 5.100000000000000000e+01 1.007000000000000000e+03
3.400100000000010425e+01 6.161086511611938477e+01 5.200000000000000000e+01 1.041000000000000000e+03
3.413800000000011181e+01 6.161086511611938477e+01 5.300000000000000000e+01 9.060000000000000000e+02
3.454600000000013438e+01 6.161086511611938477e+01 5.400000000000000000e+01 6.440000000000000000e+02
3.544000000000016115e+01 6.161086511611938477e+01 5.500000000000000000e+01 1.468000000000000000e+03
3.721300000000017860e+01 6.161086511611938477e+01 5.600000000000000000e+01 1.512000000000000000e+03
3.823700000000021504e+01 6.161086511611938477e+01 5.700000000000000000e+01 1.114000000000000000e+03
3.894000000000024642e+01 6.161086511611938477e+01 5.800000000000000000e+01 1.777000000000000000e+03
3.953700000000022641e+01 6.161086511611938477e+01 5.900000000000000000e+01 1.381000000000000000e+03
4.025200000000030087e+01 6.161086511611938477e+01 6.000000000000000000e+01 1.310000000000000000e+03
4.090600000000033276e+01 6.161086511611938477e+01 6.100000000000000000e+01 1.876000000000000000e+03
4.192600000000039273e+01 6.161086511611938477e+01 6.200000000000000000e+01 1.370000000000000000e+03
4.278700000000043246e+01 6.161086511611938477e+01 6.300000000000000000e+01 2.041000000000000000e+03
4.405300000000048044e+01 6.161086511611938477e+01 6.400000000000000000e+01 1.392000000000000000e+03
4.867300000000065552e+01 6.161086511611938477e+01 6.500000000000000000e+01 2.142000000000000000e+03
5.031200000000072237e+01 6.161086511611938477e+01 6.600000000000000000e+01 2.352000000000000000e+03
5.201400000000080581e+01 6.161086511611938477e+01 6.700000000000000000e+01 3.251000000000000000e+03
5.696700000000100061e+01 6.161086511611938477e+01 6.800000000000000000e+01 2.832000000000000000e+03
5.808600000000104302e+01 6.161086511611938477e+01 6.900000000000000000e+01 2.290000000000000000e+03
5.945200000000111373e+01 6.161086511611938477e+01 7.000000000000000000e+01 1.197000000000000000e+03
6.046200000000114017e+01 6.161086511611938477e+01 7.100000000000000000e+01 1.358000000000000000e+03
6.151600000000119195e+01 6.161086511611938477e+01 7.200000000000000000e+01 8.470000000000000000e+02
6.161086511611938477e+01 6.161086511611938477e+01 0.000000000000000000e+00 0.000000000000000000e+00
6.161086511611938477e+01 6.161086511611938477e+01 0.000000000000000000e+00 0.000000000000000000e+00
4.850999999999999091e+00 6.346455955505371094e+01 0.000000000000000000e+00 8.000000000000000000e+00
6.161999999999999034e+00 6.346455955505371094e+01 1.000000000000000000e+00 8.000000000000000000e+00
7.733000000000000540e+00 6.346455955505371094e+01 2.000000000000000000e+00 1.700000000000000000e+01
9.313000000000000611e+00 6.346455955505371094e+01 3.000000000000000000e+00 6.300000000000000000e+01
9.830000000000000071e+00 6.346455955505371094e+01 4.000000000000000000e+00 3.400000000000000000e+01
1.077799999999999869e+01 6.346455955505371094e+01 5.000000000000000000e+00 4.700000000000000000e+01
1.097899999999999920e+01 6.346455955505371094e+01 6.000000000000000000e+00 1.400000000000000000e+01
1.113999999999999879e+01 6.346455955505371094e+01 7.000000000000000000e+00 4.700000000000000000e+01
1.180699999999999861e+01 6.346455955505371094e+01 8.000000000000000000e+00 4.800000000000000000e+01
1.198599999999999888e+01 6.346455955505371094e+01 9.000000000000000000e+00 7.600000000000000000e+01
1.216699999999999804e+01 6.346455955505371094e+01 1.000000000000000000e+01 1.130000000000000000e+02
1.261699999999999910e+01 6.346455955505371094e+01 1.100000000000000000e+01 6.200000000000000000e+01
1.281699999999999839e+01 6.346455955505371094e+01 1.200000000000000000e+01 1.250000000000000000e+02
1.295699999999999896e+01 6.346455955505371094e+01 1.300000000000000000e+01 7.500000000000000000e+01
1.338299999999999912e+01 6.346455955505371094e+01 1.400000000000000000e+01 1.170000000000000000e+02
1.393899999999999828e+01 6.346455955505371094e+01 1.500000000000000000e+01 5.700000000000000000e+01
1.444999999999999751e+01 6.346455955505371094e+01 1.600000000000000000e+01 8.000000000000000000e+01
1.479099999999999504e+01 6.346455955505371094e+01 1.700000000000000000e+01 2.100000000000000000e+02
1.549799999999999756e+01 6.346455955505371094e+01 1.800000000000000000e+01 7.600000000000000000e+01
1.583399999999999963e+01 6.346455955505371094e+01 1.900000000000000000e+01 1.220000000000000000e+02
1.594500000000000028e+01 6.346455955505371094e+01 2.000000000000000000e+01 1.460000000000000000e+02
1.628300000000000125e+01 6.346455955505371094e+01 2.100000000000000000e+01 1.040000000000000000e+02
1.668000000000000327e+01 6.346455955505371094e+01 2.200000000000000000e+01 1.630000000000000000e+02
1.712300000000000821e+01 6.346455955505371094e+01 2.300000000000000000e+01 1.690000000000000000e+02
1.735100000000000620e+01 6.346455955505371094e+01 2.400000000000000000e+01 1.350000000000000000e+02
1.751200000000000401e+01 6.346455955505371094e+01 2.500000000000000000e+01 2.230000000000000000e+02
1.810000000000000497e+01 6.346455955505371094e+01 2.600000000000000000e+01 1.430000000000000000e+02
1.857900000000000773e+01 6.346455955505371094e+01 2.700000000000000000e+01 1.590000000000000000e+02
1.927100000000000435e+01 6.346455955505371094e+01 2.800000000000000000e+01 1.970000000000000000e+02
1.967000000000000171e+01 6.346455955505371094e+01 2.900000000000000000e+01 2.230000000000000000e+02
2.022599999999999909e+01 6.346455955505371094e+01 3.000000000000000000e+01 1.920000000000000000e+02
2.066700000000000159e+01 6.346455955505371094e+01 3.100000000000000000e+01 2.240000000000000000e+02
2.173500000000001009e+01 6.346455955505371094e+01 3.200000000000000000e+01 2.820000000000000000e+02
2.328300000000001901e+01 6.346455955505371094e+01 3.300000000000000000e+01 4.380000000000000000e+02
2.376300000000002299e+01 6.346455955505371094e+01 3.400000000000000000e+01 4.420000000000000000e+02
2.441000000000002146e+01 6.346455955505371094e+01 3.500000000000000000e+01 3.400000000000000000e+02
2.489800000000001745e+01 6.346455955505371094e+01 3.600000000000000000e+01 3.740000000000000000e+02
2.502100000000001501e+01 6.346455955505371094e+01 3.700000000000000000e+01 3.870000000000000000e+02
2.605500000000001393e+01 6.346455955505371094e+01 3.800000000000000000e+01 5.500000000000000000e+02
2.585300000000001219e+01 6.346455955505371094e+01 3.900000000000000000e+01 4.030000000000000000e+02
2.729100000000001458e+01 6.346455955505371094e+01 4.000000000000000000e+01 5.830000000000000000e+02
2.799500000000000810e+01 6.346455955505371094e+01 4.100000000000000000e+01 4.960000000000000000e+02
2.804400000000000759e+01 6.346455955505371094e+01 4.200000000000000000e+01 7.060000000000000000e+02
2.803400000000000247e+01 6.346455955505371094e+01 4.300000000000000000e+01 3.850000000000000000e+02
2.898900000000000432e+01 6.346455955505371094e+01 4.400000000000000000e+01 4.400000000000000000e+02
2.960000000000001563e+01 6.346455955505371094e+01 4.500000000000000000e+01 6.150000000000000000e+02
3.025600000000001444e+01 6.346455955505371094e+01 4.600000000000000000e+01 9.170000000000000000e+02
3.199100000000002098e+01 6.346455955505371094e+01 4.700000000000000000e+01 1.037000000000000000e+03
3.259700000000000131e+01 6.346455955505371094e+01 4.800000000000000000e+01 1.238000000000000000e+03
3.317499999999999005e+01 6.346455955505371094e+01 4.900000000000000000e+01 8.600000000000000000e+02
3.362000000000001876e+01 6.346455955505371094e+01 5.000000000000000000e+01 1.154000000000000000e+03
3.464900000000000801e+01 6.346455955505371094e+01 5.100000000000000000e+01 1.448000000000000000e+03
3.543500000000005912e+01 6.346455955505371094e+01 5.200000000000000000e+01 1.173000000000000000e+03
3.582100000000007611e+01 6.346455955505371094e+01 5.300000000000000000e+01 1.263000000000000000e+03
3.654200000000011528e+01 6.346455955505371094e+01 5.400000000000000000e+01 1.385000000000000000e+03
3.817300000000012261e+01 6.346455955505371094e+01 5.500000000000000000e+01 1.472000000000000000e+03
3.872000000000014097e+01 6.346455955505371094e+01 5.600000000000000000e+01 9.050000000000000000e+02
3.939300000000012858e+01 6.346455955505371094e+01 5.700000000000000000e+01 1.266000000000000000e+03
4.055700000000020111e+01 6.346455955505371094e+01 5.800000000000000000e+01 1.586000000000000000e+03
4.148700000000020083e+01 6.346455955505371094e+01 5.900000000000000000e+01 2.259000000000000000e+03
4.212600000000026057e+01 6.346455955505371094e+01 6.000000000000000000e+01 1.132000000000000000e+03
4.316600000000031656e+01 6.346455955505371094e+01 6.100000000000000000e+01 2.332000000000000000e+03
4.395800000000036079e+01 6.346455955505371094e+01 6.200000000000000000e+01 1.633000000000000000e+03
4.496200000000040120e+01 6.346455955505371094e+01 6.300000000000000000e+01 2.154000000000000000e+03
4.617600000000047089e+01 6.346455955505371094e+01 6.400000000000000000e+01 2.358000000000000000e+03
4.716800000000049664e+01 6.346455955505371094e+01 6.500000000000000000e+01 1.774000000000000000e+03
4.732300000000054041e+01 6.346455955505371094e+01 6.600000000000000000e+01 2.058000000000000000e+03
4.958600000000060248e+01 6.346455955505371094e+01 6.700000000000000000e+01 3.274000000000000000e+03
5.100600000000066103e+01 6.346455955505371094e+01 6.800000000000000000e+01 1.416000000000000000e+03
5.301500000000076085e+01 6.346455955505371094e+01 6.900000000000000000e+01 1.934000000000000000e+03
5.396100000000080854e+01 6.346455955505371094e+01 7.000000000000000000e+01 1.817000000000000000e+03
5.941300000000099146e+01 6.346455955505371094e+01 7.100000000000000000e+01 1.960000000000000000e+03
6.350200000000115352e+01 6.346455955505371094e+01 7.200000000000000000e+01 1.991000000000000000e+03
6.346455955505371094e+01 6.346455955505371094e+01 0.000000000000000000e+00 0.000000000000000000e+00
6.346455955505371094e+01 6.346455955505371094e+01 0.000000000000000000e+00 0.000000000000000000e+00
3.892999999999999794e+00 7.101666140556335449e+01 0.000000000000000000e+00 3.000000000000000000e+00
4.679999999999999716e+00 7.101666140556335449e+01 1.000000000000000000e+00 1.200000000000000000e+01
5.625000000000000888e+00 7.101666140556335449e+01 2.000000000000000000e+00 1.700000000000000000e+01
6.158000000000001251e+00 7.101666140556335449e+01 3.000000000000000000e+00 2.000000000000000000e+01
7.010000000000001563e+00 7.101666140556335449e+01 4.000000000000000000e+00 1.900000000000000000e+01
7.188000000000001499e+00 7.101666140556335449e+01 5.000000000000000000e+00 3.900000000000000000e+01
7.843000000000001748e+00 7.101666140556335449e+01 6.000000000000000000e+00 3.900000000000000000e+01
8.031000000000002359e+00 7.101666140556335449e+01 7.000000000000000000e+00 4.000000000000000000e+01
8.828000000000002956e+00 7.101666140556335449e+01 8.000000000000000000e+00 4.800000000000000000e+01
9.727000000000002089e+00 7.101666140556335449e+01 9.000000000000000000e+00 5.600000000000000000e+01
1.002200000000000202e+01 7.101666140556335449e+01 1.000000000000000000e+01 4.300000000000000000e+01
9.793000000000001037e+00 7.101666140556335449e+01 1.100000000000000000e+01 7.000000000000000000e+01
1.066300000000000026e+01 7.101666140556335449e+01 1.200000000000000000e+01 6.800000000000000000e+01
1.146300000000000097e+01 7.101666140556335449e+01 1.300000000000000000e+01 7.200000000000000000e+01
1.159600000000000009e+01 7.101666140556335449e+01 1.400000000000000000e+01 7.900000000000000000e+01
1.214299999999999891e+01 7.101666140556335449e+01 1.500000000000000000e+01 1.430000000000000000e+02
1.275300000000000011e+01 7.101666140556335449e+01 1.600000000000000000e+01 8.200000000000000000e+01
1.366800000000000281e+01 7.101666140556335449e+01 1.700000000000000000e+01 1.580000000000000000e+02
1.446300000000000274e+01 7.101666140556335449e+01 1.800000000000000000e+01 1.490000000000000000e+02
1.502500000000000213e+01 7.101666140556335449e+01 1.900000000000000000e+01 1.370000000000000000e+02
1.569900000000000340e+01 7.101666140556335449e+01 2.000000000000000000e+01 1.780000000000000000e+02
1.629700000000000060e+01 7.101666140556335449e+01 2.100000000000000000e+01 1.640000000000000000e+02
1.660500000000000043e+01 7.101666140556335449e+01 2.200000000000000000e+01 1.680000000000000000e+02
1.692900000000000560e+01 7.101666140556335449e+01 2.300000000000000000e+01 1.940000000000000000e+02
1.794500000000001094e+01 7.101666140556335449e+01 2.400000000000000000e+01 2.450000000000000000e+02
1.803900000000001214e+01 7.101666140556335449e+01 2.500000000000000000e+01 1.880000000000000000e+02
1.878100000000001302e+01 7.101666140556335449e+01 2.600000000000000000e+01 2.170000000000000000e+02
1.953900000000000858e+01 7.101666140556335449e+01 2.700000000000000000e+01 2.130000000000000000e+02
2.004400000000000759e+01 7.101666140556335449e+01 2.800000000000000000e+01 2.880000000000000000e+02
2.034600000000001074e+01 7.101666140556335449e+01 2.900000000000000000e+01 1.730000000000000000e+02
2.079200000000001225e+01 7.101666140556335449e+01 3.000000000000000000e+01 2.110000000000000000e+02
2.110400000000001342e+01 7.101666140556335449e+01 3.100000000000000000e+01 1.980000000000000000e+02
2.163800000000001589e+01 7.101666140556335449e+01 3.200000000000000000e+01 3.200000000000000000e+02
2.154400000000001469e+01 7.101666140556335449e+01 3.300000000000000000e+01 2.730000000000000000e+02
2.213000000000001677e+01 7.101666140556335449e+01 3.400000000000000000e+01 3.090000000000000000e+02
2.263000000000001677e+01 7.101666140556335449e+01 3.500000000000000000e+01 2.590000000000000000e+02
2.288300000000001333e+01 7.101666140556335449e+01 3.600000000000000000e+01 2.110000000000000000e+02
2.409800000000000963e+01 7.101666140556335449e+01 3.700000000000000000e+01 2.690000000000000000e+02
2.482100000000001216e+01 7.101666140556335449e+01 3.800000000000000000e+01 4.910000000000000000e+02
2.527900000000000702e+01 7.101666140556335449e+01 3.900000000000000000e+01 3.400000000000000000e+02
2.589899999999999736e+01 7.101666140556335449e+01 4.000000000000000000e+01 6.810000000000000000e+02
2.663199999999999790e+01 7.101666140556335449e+01 4.100000000000000000e+01 4.830000000000000000e+02
2.691400000000000858e+01 7.101666140556335449e+01 4.200000000000000000e+01 5.400000000000000000e+02
2.719700000000001694e+01 7.101666140556335449e+01 4.300000000000000000e+01 5.480000000000000000e+02
2.783900000000000929e+01 7.101666140556335449e+01 4.400000000000000000e+01 4.470000000000000000e+02
2.822200000000001197e+01 7.101666140556335449e+01 4.500000000000000000e+01 6.040000000000000000e+02
2.853800000000001802e+01 7.101666140556335449e+01 4.600000000000000000e+01 4.670000000000000000e+02
2.935100000000000975e+01 7.101666140556335449e+01 4.700000000000000000e+01 6.520000000000000000e+02
3.026500000000002188e+01 7.101666140556335449e+01 4.800000000000000000e+01 6.140000000000000000e+02
3.051400000000002066e+01 7.101666140556335449e+01 4.900000000000000000e+01 7.620000000000000000e+02
3.109000000000001052e+01 7.101666140556335449e+01 5.000000000000000000e+01 6.660000000000000000e+02
3.184400000000000475e+01 7.101666140556335449e+01 5.100000000000000000e+01 7.750000000000000000e+02
3.256100000000002126e+01 7.101666140556335449e+01 5.200000000000000000e+01 9.840000000000000000e+02
3.302500000000002700e+01 7.101666140556335449e+01 5.300000000000000000e+01 6.990000000000000000e+02
3.370000000000002416e+01 7.101666140556335449e+01 5.400000000000000000e+01 1.145000000000000000e+03
3.445500000000005514e+01 7.101666140556335449e+01 5.500000000000000000e+01 1.678000000000000000e+03
3.477400000000005065e+01 7.101666140556335449e+01 5.600000000000000000e+01 1.263000000000000000e+03
3.594800000000009277e+01 7.101666140556335449e+01 5.700000000000000000e+01 1.227000000000000000e+03
3.734100000000016450e+01 7.101666140556335449e+01 5.800000000000000000e+01 1.350000000000000000e+03
3.895700000000014285e+01 7.101666140556335449e+01 5.900000000000000000e+01 1.400000000000000000e+03
3.960700000000018406e+01 7.101666140556335449e+01 6.000000000000000000e+01 1.624000000000000000e+03
4.041700000000025739e+01 7.101666140556335449e+01 6.100000000000000000e+01 2.382000000000000000e+03
4.113900000000028712e+01 7.101666140556335449e+01 6.200000000000000000e+01 1.347000000000000000e+03
4.845000000000061391e+01 7.101666140556335449e+01 6.300000000000000000e+01 3.456000000000000000e+03
5.143900000000074613e+01 7.101666140556335449e+01 6.400000000000000000e+01 3.406000000000000000e+03
5.229500000000077620e+01 7.101666140556335449e+01 6.500000000000000000e+01 3.648000000000000000e+03
5.345500000000081542e+01 7.101666140556335449e+01 6.600000000000000000e+01 4.152000000000000000e+03
5.540800000000088943e+01 7.101666140556335449e+01 6.700000000000000000e+01 5.511000000000000000e+03
5.773000000000097032e+01 7.101666140556335449e+01 6.800000000000000000e+01 2.461000000000000000e+03
5.910000000000103881e+01 7.101666140556335449e+01 6.900000000000000000e+01 3.120000000000000000e+03
6.071000000000111640e+01 7.101666140556335449e+01 7.000000000000000000e+01 2.492000000000000000e+03
6.610600000000131615e+01 7.101666140556335449e+01 7.100000000000000000e+01 3.024000000000000000e+03
7.097500000000148646e+01 7.101666140556335449e+01 7.200000000000000000e+01 2.104000000000000000e+03
7.101666140556335449e+01 7.101666140556335449e+01 0.000000000000000000e+00 0.000000000000000000e+00
7.101666140556335449e+01 7.101666140556335449e+01 0.000000000000000000e+00 0.000000000000000000e+00
4.357000000000000206e+00 5.646634912490844727e+01 0.000000000000000000e+00 2.000000000000000000e+00
6.287000000000001698e+00 5.646634912490844727e+01 1.000000000000000000e+00 1.900000000000000000e+01
7.402000000000001023e+00 5.646634912490844727e+01 2.000000000000000000e+00 2.500000000000000000e+01
8.278000000000002245e+00 5.646634912490844727e+01 3.000000000000000000e+00 3.100000000000000000e+01
8.787000000000002586e+00 5.646634912490844727e+01 4.000000000000000000e+00 4.000000000000000000e+01
9.449000000000001620e+00 5.646634912490844727e+01 5.000000000000000000e+00 3.800000000000000000e+01
1.025900000000000212e+01 5.646634912490844727e+01 6.000000000000000000e+00 3.600000000000000000e+01
1.073200000000000109e+01 5.646634912490844727e+01 7.000000000000000000e+00 3.300000000000000000e+01
1.134600000000000186e+01 5.646634912490844727e+01 8.000000000000000000e+00 4.400000000000000000e+01
1.209500000000000242e+01 5.646634912490844727e+01 9.000000000000000000e+00 5.700000000000000000e+01
1.259500000000000242e+01 5.646634912490844727e+01 1.000000000000000000e+01 5.700000000000000000e+01
1.314000000000000412e+01 5.646634912490844727e+01 1.100000000000000000e+01 1.410000000000000000e+02
1.371600000000000286e+01 5.646634912490844727e+01 1.200000000000000000e+01 9.000000000000000000e+01
1.451400000000000112e+01 5.646634912490844727e+01 1.300000000000000000e+01 9.000000000000000000e+01
1.435900000000000354e+01 5.646634912490844727e+01 1.400000000000000000e+01 9.500000000000000000e+01
1.482000000000000028e+01 5.646634912490844727e+01 1.500000000000000000e+01 5.000000000000000000e+01
1.506899999999999906e+01 5.646634912490844727e+01 1.600000000000000000e+01 8.900000000000000000e+01
1.522699999999999854e+01 5.646634912490844727e+01 1.700000000000000000e+01 8.700000000000000000e+01
1.562599999999999945e+01 5.646634912490844727e+01 1.800000000000000000e+01 4.100000000000000000e+01
1.601200000000000045e+01 5.646634912490844727e+01 1.900000000000000000e+01 1.280000000000000000e+02
1.634500000000000242e+01 5.646634912490844727e+01 2.000000000000000000e+01 1.100000000000000000e+02
1.666300000000000381e+01 5.646634912490844727e+01 2.100000000000000000e+01 9.100000000000000000e+01
1.706900000000000617e+01 5.646634912490844727e+01 2.200000000000000000e+01 8.500000000000000000e+01
1.773700000000000543e+01 5.646634912490844727e+01 2.300000000000000000e+01 1.390000000000000000e+02
1.893900000000001071e+01 5.646634912490844727e+01 2.400000000000000000e+01 1.100000000000000000e+02
1.925600000000000733e+01 5.646634912490844727e+01 2.500000000000000000e+01 2.080000000000000000e+02
2.005300000000000793e+01 5.646634912490844727e+01 2.600000000000000000e+01 1.880000000000000000e+02
2.064900000000000801e+01 5.646634912490844727e+01 2.700000000000000000e+01 1.780000000000000000e+02
2.097700000000000742e+01 5.646634912490844727e+01 2.800000000000000000e+01 2.280000000000000000e+02
2.147200000000000841e+01 5.646634912490844727e+01 2.900000000000000000e+01 2.430000000000000000e+02
2.229900000000001370e+01 5.646634912490844727e+01 3.000000000000000000e+01 2.190000000000000000e+02
2.302800000000001646e+01 5.646634912490844727e+01 3.100000000000000000e+01 2.580000000000000000e+02
2.310200000000001808e+01 5.646634912490844727e+01 3.200000000000000000e+01 2.570000000000000000e+02
2.331200000000001538e+01 5.646634912490844727e+01 3.300000000000000000e+01 1.790000000000000000e+02
2.402100000000001856e+01 5.646634912490844727e+01 3.400000000000000000e+01 3.070000000000000000e+02
2.447000000000002018e+01 5.646634912490844727e+01 3.500000000000000000e+01 3.010000000000000000e+02
2.501000000000001933e+01 5.646634912490844727e+01 3.600000000000000000e+01 1.980000000000000000e+02
2.535400000000001697e+01 5.646634912490844727e+01 3.700000000000000000e+01 3.330000000000000000e+02
2.543100000000001870e+01 5.646634912490844727e+01 3.800000000000000000e+01 4.970000000000000000e+02
2.617000000000001592e+01 5.646634912490844727e+01 3.900000000000000000e+01 4.370000000000000000e+02
2.660300000000001219e+01 5.646634912490844727e+01 4.000000000000000000e+01 3.810000000000000000e+02
2.711700000000000443e+01 5.646634912490844727e+01 4.100000000000000000e+01 5.000000000000000000e+02
2.765900000000001313e+01 5.646634912490844727e+01 4.200000000000000000e+01 5.010000000000000000e+02
2.831200000000001538e+01 5.646634912490844727e+01 4.300000000000000000e+01 6.230000000000000000e+02
2.817600000000001259e+01 5.646634912490844727e+01 4.400000000000000000e+01 3.830000000000000000e+02
2.894200000000002859e+01 5.646634912490844727e+01 4.500000000000000000e+01 3.500000000000000000e+02
2.947800000000002996e+01 5.646634912490844727e+01 4.600000000000000000e+01 8.120000000000000000e+02
2.970100000000002893e+01 5.646634912490844727e+01 4.700000000000000000e+01 6.320000000000000000e+02
3.049400000000004241e+01 5.646634912490844727e+01 4.800000000000000000e+01 4.790000000000000000e+02
3.095100000000003249e+01 5.646634912490844727e+01 4.900000000000000000e+01 6.730000000000000000e+02
3.099400000000003530e+01 5.646634912490844727e+01 5.000000000000000000e+01 5.780000000000000000e+02
3.171800000000002839e+01 5.646634912490844727e+01 5.100000000000000000e+01 7.820000000000000000e+02
3.231100000000004968e+01 5.646634912490844727e+01 5.200000000000000000e+01 7.830000000000000000e+02
3.303300000000006520e+01 5.646634912490844727e+01 5.300000000000000000e+01 8.200000000000000000e+02
3.363200000000009027e+01 5.646634912490844727e+01 5.400000000000000000e+01 1.036000000000000000e+03
3.464800000000011693e+01 5.646634912490844727e+01 5.500000000000000000e+01 1.228000000000000000e+03
3.559300000000015984e+01 5.646634912490844727e+01 5.600000000000000000e+01 8.600000000000000000e+02
3.659500000000017650e+01 5.646634912490844727e+01 5.700000000000000000e+01 1.171000000000000000e+03
3.764800000000025193e+01 5.646634912490844727e+01 5.800000000000000000e+01 1.556000000000000000e+03
3.853200000000028780e+01 5.646634912490844727e+01 5.900000000000000000e+01 1.139000000000000000e+03
3.980700000000045691e+01 5.646634912490844727e+01 6.000000000000000000e+01 1.859000000000000000e+03
4.019300000000045969e+01 5.646634912490844727e+01 6.100000000000000000e+01 1.363000000000000000e+03
4.140200000000053393e+01 5.646634912490844727e+01 6.200000000000000000e+01 1.091000000000000000e+03
4.181100000000053996e+01 5.646634912490844727e+01 6.300000000000000000e+01 1.047000000000000000e+03
4.241300000000055093e+01 5.646634912490844727e+01 6.400000000000000000e+01 2.276000000000000000e+03
4.361200000000064136e+01 5.646634912490844727e+01 6.500000000000000000e+01 7.660000000000000000e+02
4.617900000000074101e+01 5.646634912490844727e+01 6.600000000000000000e+01 3.050000000000000000e+03
4.870100000000083895e+01 5.646634912490844727e+01 6.700000000000000000e+01 1.778000000000000000e+03
4.958100000000089125e+01 5.646634912490844727e+01 6.800000000000000000e+01 1.268000000000000000e+03
5.046400000000090103e+01 5.646634912490844727e+01 6.900000000000000000e+01 3.026000000000000000e+03
5.231900000000099737e+01 5.646634912490844727e+01 7.000000000000000000e+01 1.370000000000000000e+03
5.483200000000109497e+01 5.646634912490844727e+01 7.100000000000000000e+01 5.890000000000000000e+02
5.645400000000116592e+01 5.646634912490844727e+01 7.200000000000000000e+01 2.041000000000000000e+03
5.646634912490844727e+01 5.646634912490844727e+01 0.000000000000000000e+00 0.000000000000000000e+00
5.646634912490844727e+01 5.646634912490844727e+01 0.000000000000000000e+00 0.000000000000000000e+00
4.987000000000001876e+00 6.889864468574523926e+01 0.000000000000000000e+00 1.600000000000000000e+01
6.198000000000002174e+00 6.889864468574523926e+01 1.000000000000000000e+00 8.000000000000000000e+00
7.384000000000003006e+00 6.889864468574523926e+01 2.000000000000000000e+00 2.500000000000000000e+01
8.349000000000001975e+00 6.889864468574523926e+01 3.000000000000000000e+00 2.000000000000000000e+01
9.098000000000000753e+00 6.889864468574523926e+01 4.000000000000000000e+00 3.700000000000000000e+01
9.827999999999999403e+00 6.889864468574523926e+01 5.000000000000000000e+00 3.600000000000000000e+01
1.053799999999999848e+01 6.889864468574523926e+01 6.000000000000000000e+00 4.700000000000000000e+01
1.139999999999999858e+01 6.889864468574523926e+01 7.000000000000000000e+00 4.100000000000000000e+01
1.137199999999999989e+01 6.889864468574523926e+01 8.000000000000000000e+00 2.700000000000000000e+01
1.239100000000000179e+01 6.889864468574523926e+01 9.000000000000000000e+00 5.700000000000000000e+01
1.286900000000000155e+01 6.889864468574523926e+01 1.000000000000000000e+01 9.700000000000000000e+01
1.333300000000000196e+01 6.889864468574523926e+01 1.100000000000000000e+01 3.600000000000000000e+01
1.393900000000000361e+01 6.889864468574523926e+01 1.200000000000000000e+01 1.330000000000000000e+02
1.438100000000000556e+01 6.889864468574523926e+01 1.300000000000000000e+01 7.700000000000000000e+01
1.508800000000000630e+01 6.889864468574523926e+01 1.400000000000000000e+01 5.200000000000000000e+01
1.536700000000000621e+01 6.889864468574523926e+01 1.500000000000000000e+01 1.370000000000000000e+02
1.630600000000000804e+01 6.889864468574523926e+01 1.600000000000000000e+01 1.540000000000000000e+02
1.669900000000000873e+01 6.889864468574523926e+01 1.700000000000000000e+01 1.830000000000000000e+02
1.708300000000000907e+01 6.889864468574523926e+01 1.800000000000000000e+01 8.500000000000000000e+01
1.705000000000000782e+01 6.889864468574523926e+01 1.900000000000000000e+01 9.600000000000000000e+01
1.716600000000000747e+01 6.889864468574523926e+01 2.000000000000000000e+01 1.400000000000000000e+02
1.758200000000000429e+01 6.889864468574523926e+01 2.100000000000000000e+01 1.370000000000000000e+02
1.812000000000000455e+01 6.889864468574523926e+01 2.200000000000000000e+01 1.270000000000000000e+02
1.844400000000000617e+01 6.889864468574523926e+01 2.300000000000000000e+01 1.620000000000000000e+02
1.846100000000000918e+01 6.889864468574523926e+01 2.400000000000000000e+01 1.560000000000000000e+02
1.893200000000000927e+01 6.889864468574523926e+01 2.500000000000000000e+01 1.350000000000000000e+02
1.944100000000000605e+01 6.889864468574523926e+01 2.600000000000000000e+01 1.710000000000000000e+02
1.972100000000000719e+01 6.889864468574523926e+01 2.700000000000000000e+01 1.640000000000000000e+02
2.070199999999999818e+01 6.889864468574523926e+01 2.800000000000000000e+01 1.950000000000000000e+02
2.138999999999999346e+01 6.889864468574523926e+01 2.900000000000000000e+01 2.130000000000000000e+02
2.170999999999998664e+01 6.889864468574523926e+01 3.000000000000000000e+01 2.560000000000000000e+02
2.252899999999997505e+01 6.889864468574523926e+01 3.100000000000000000e+01 3.440000000000000000e+02
2.338099999999998602e+01 6.889864468574523926e+01 3.200000000000000000e+01 4.460000000000000000e+02
2.349599999999998801e+01 6.889864468574523926e+01 3.300000000000000000e+01 3.230000000000000000e+02
2.410299999999999443e+01 6.889864468574523926e+01 3.400000000000000000e+01 3.080000000000000000e+02
2.444600000000000151e+01 6.889864468574523926e+01 3.500000000000000000e+01 2.670000000000000000e+02
2.448200000000000287e+01 6.889864468574523926e+01 3.600000000000000000e+01 3.420000000000000000e+02
2.495200000000000884e+01 6.889864468574523926e+01 3.700000000000000000e+01 4.300000000000000000e+02
2.548500000000001364e+01 6.889864468574523926e+01 3.800000000000000000e+01 3.630000000000000000e+02
2.598900000000001498e+01 6.889864468574523926e+01 3.900000000000000000e+01 4.110000000000000000e+02
2.657100000000001216e+01 6.889864468574523926e+01 4.000000000000000000e+01 4.110000000000000000e+02
2.723999999999999844e+01 6.889864468574523926e+01 4.100000000000000000e+01 5.290000000000000000e+02
2.785899999999999466e+01 6.889864468574523926e+01 4.200000000000000000e+01 5.230000000000000000e+02
2.828899999999998727e+01 6.889864468574523926e+01 4.300000000000000000e+01 4.570000000000000000e+02
2.923499999999999588e+01 6.889864468574523926e+01 4.400000000000000000e+01 5.990000000000000000e+02
3.009300000000001063e+01 6.889864468574523926e+01 4.500000000000000000e+01 5.440000000000000000e+02
3.037400000000000944e+01 6.889864468574523926e+01 4.600000000000000000e+01 6.150000000000000000e+02
3.068900000000000716e+01 6.889864468574523926e+01 4.700000000000000000e+01 6.950000000000000000e+02
3.096700000000001296e+01 6.889864468574523926e+01 4.800000000000000000e+01 7.930000000000000000e+02
3.195500000000001606e+01 6.889864468574523926e+01 4.900000000000000000e+01 8.490000000000000000e+02
3.295199999999996976e+01 6.889864468574523926e+01 5.000000000000000000e+01 9.500000000000000000e+02
3.523000000000005372e+01 6.889864468574523926e+01 5.100000000000000000e+01 1.036000000000000000e+03
3.593100000000006133e+01 6.889864468574523926e+01 5.200000000000000000e+01 1.203000000000000000e+03
3.668800000000007344e+01 6.889864468574523926e+01 5.300000000000000000e+01 8.790000000000000000e+02
3.730300000000008964e+01 6.889864468574523926e+01 5.400000000000000000e+01 1.574000000000000000e+03
3.806200000000014683e+01 6.889864468574523926e+01 5.500000000000000000e+01 1.690000000000000000e+03
3.858900000000014785e+01 6.889864468574523926e+01 5.600000000000000000e+01 6.750000000000000000e+02
3.886700000000015365e+01 6.889864468574523926e+01 5.700000000000000000e+01 1.291000000000000000e+03
4.026000000000019696e+01 6.889864468574523926e+01 5.800000000000000000e+01 1.908000000000000000e+03
4.088600000000022305e+01 6.889864468574523926e+01 5.900000000000000000e+01 1.349000000000000000e+03
4.232900000000025642e+01 6.889864468574523926e+01 6.000000000000000000e+01 1.852000000000000000e+03
4.341800000000029058e+01 6.889864468574523926e+01 6.100000000000000000e+01 1.645000000000000000e+03
4.409800000000031872e+01 6.889864468574523926e+01 6.200000000000000000e+01 2.075000000000000000e+03
4.511100000000036658e+01 6.889864468574523926e+01 6.300000000000000000e+01 2.157000000000000000e+03
4.681300000000047135e+01 6.889864468574523926e+01 6.400000000000000000e+01 2.246000000000000000e+03
5.085900000000063415e+01 6.889864468574523926e+01 6.500000000000000000e+01 3.199000000000000000e+03
5.417800000000077176e+01 6.889864468574523926e+01 6.600000000000000000e+01 2.586000000000000000e+03
5.487800000000083145e+01 6.889864468574523926e+01 6.700000000000000000e+01 2.157000000000000000e+03
5.585900000000085441e+01 6.889864468574523926e+01 6.800000000000000000e+01 3.276000000000000000e+03
5.695100000000090290e+01 6.889864468574523926e+01 6.900000000000000000e+01 9.700000000000000000e+02
6.047200000000105291e+01 6.889864468574523926e+01 7.000000000000000000e+01 2.485000000000000000e+03
6.547400000000122589e+01 6.889864468574523926e+01 7.100000000000000000e+01 3.145000000000000000e+03
6.886000000000137788e+01 6.889864468574523926e+01 7.200000000000000000e+01 1.970000000000000000e+03
6.889864468574523926e+01 6.889864468574523926e+01 0.000000000000000000e+00 0.000000000000000000e+00
6.889864468574523926e+01 6.889864468574523926e+01 0.000000000000000000e+00 0.000000000000000000e+00
4.663999999999999702e+00 5.689194869995117188e+01 0.000000000000000000e+00 1.800000000000000000e+01
5.946999999999998288e+00 5.689194869995117188e+01 1.000000000000000000e+00 3.600000000000000000e+01
6.661999999999998145e+00 5.689194869995117188e+01 2.000000000000000000e+00 1.400000000000000000e+01
7.356999999999997542e+00 5.689194869995117188e+01 3.000000000000000000e+00 1.800000000000000000e+01
7.527999999999997804e+00 5.689194869995117188e+01 4.000000000000000000e+00 5.700000000000000000e+01
8.055999999999999162e+00 5.689194869995117188e+01 5.000000000000000000e+00 3.800000000000000000e+01
8.573999999999998067e+00 5.689194869995117188e+01 6.000000000000000000e+00 8.200000000000000000e+01
9.207999999999998408e+00 5.689194869995117188e+01 7.000000000000000000e+00 4.500000000000000000e+01
9.954999999999996518e+00 5.689194869995117188e+01 8.000000000000000000e+00 4.100000000000000000e+01
1.046999999999999709e+01 5.689194869995117188e+01 9.000000000000000000e+00 6.300000000000000000e+01
1.124899999999999878e+01 5.689194869995117188e+01 1.000000000000000000e+01 1.070000000000000000e+02
1.139399999999999835e+01 5.689194869995117188e+01 1.100000000000000000e+01 5.000000000000000000e+01
1.175199999999999712e+01 5.689194869995117188e+01 1.200000000000000000e+01 4.000000000000000000e+01
1.221599999999999753e+01 5.689194869995117188e+01 1.300000000000000000e+01 8.300000000000000000e+01
1.273799999999999599e+01 5.689194869995117188e+01 1.400000000000000000e+01 7.300000000000000000e+01
1.299399999999999622e+01 5.689194869995117188e+01 1.500000000000000000e+01 7.300000000000000000e+01
1.323499999999999588e+01 5.689194869995117188e+01 1.600000000000000000e+01 1.060000000000000000e+02
1.379400000000000048e+01 5.689194869995117188e+01 1.700000000000000000e+01 1.270000000000000000e+02
1.441699999999999982e+01 5.689194869995117188e+01 1.800000000000000000e+01 1.050000000000000000e+02
1.511800000000000033e+01 5.689194869995117188e+01 1.900000000000000000e+01 1.610000000000000000e+02
1.535999999999999943e+01 5.689194869995117188e+01 2.000000000000000000e+01 1.040000000000000000e+02
1.619200000000000017e+01 5.689194869995117188e+01 2.100000000000000000e+01 1.350000000000000000e+02
1.706600000000000605e+01 5.689194869995117188e+01 2.200000000000000000e+01 2.070000000000000000e+02
1.774400000000001043e+01 5.689194869995117188e+01 2.300000000000000000e+01 1.320000000000000000e+02
1.803400000000001313e+01 5.689194869995117188e+01 2.400000000000000000e+01 1.400000000000000000e+02
1.879900000000001725e+01 5.689194869995117188e+01 2.500000000000000000e+01 2.130000000000000000e+02
2.002300000000001745e+01 5.689194869995117188e+01 2.600000000000000000e+01 1.990000000000000000e+02
2.086500000000001265e+01 5.689194869995117188e+01 2.700000000000000000e+01 2.240000000000000000e+02
2.154800000000000537e+01 5.689194869995117188e+01 2.800000000000000000e+01 3.770000000000000000e+02
2.237900000000000134e+01 5.689194869995117188e+01 2.900000000000000000e+01 4.240000000000000000e+02
2.307500000000000284e+01 5.689194869995117188e+01 3.000000000000000000e+01 3.580000000000000000e+02
2.366000000000000369e+01 5.689194869995117188e+01 3.100000000000000000e+01 4.230000000000000000e+02
2.372400000000000375e+01 5.689194869995117188e+01 3.200000000000000000e+01 3.680000000000000000e+02
2.428100000000000591e+01 5.689194869995117188e+01 3.300000000000000000e+01 2.280000000000000000e+02
2.480000000000001137e+01 5.689194869995117188e+01 3.400000000000000000e+01 4.680000000000000000e+02
2.529500000000001236e+01 5.689194869995117188e+01 3.500000000000000000e+01 7.020000000000000000e+02
2.549600000000001288e+01 5.689194869995117188e+01 3.600000000000000000e+01 3.650000000000000000e+02
2.632900000000001128e+01 5.689194869995117188e+01 3.700000000000000000e+01 7.100000000000000000e+02
2.671000000000000441e+01 5.689194869995117188e+01 3.800000000000000000e+01 5.690000000000000000e+02
2.715200000000000102e+01 5.689194869995117188e+01 3.900000000000000000e+01 5.620000000000000000e+02
2.785900000000000176e+01 5.689194869995117188e+01 4.000000000000000000e+01 6.250000000000000000e+02
2.849199999999999378e+01 5.689194869995117188e+01 4.100000000000000000e+01 3.250000000000000000e+02
2.844999999999999574e+01 5.689194869995117188e+01 4.200000000000000000e+01 4.590000000000000000e+02
2.923400000000000176e+01 5.689194869995117188e+01 4.300000000000000000e+01 5.580000000000000000e+02
3.025700000000000855e+01 5.689194869995117188e+01 4.400000000000000000e+01 8.520000000000000000e+02
3.085700000000001708e+01 5.689194869995117188e+01 4.500000000000000000e+01 6.640000000000000000e+02
3.080300000000001859e+01 5.689194869995117188e+01 4.600000000000000000e+01 7.350000000000000000e+02
3.130500000000002103e+01 5.689194869995117188e+01 4.700000000000000000e+01 6.140000000000000000e+02
3.184000000000002473e+01 5.689194869995117188e+01 4.800000000000000000e+01 7.070000000000000000e+02
3.249200000000001154e+01 5.689194869995117188e+01 4.900000000000000000e+01 7.790000000000000000e+02
3.301100000000003831e+01 5.689194869995117188e+01 5.000000000000000000e+01 8.220000000000000000e+02
3.354300000000002058e+01 5.689194869995117188e+01 5.100000000000000000e+01 7.250000000000000000e+02
3.405500000000004235e+01 5.689194869995117188e+01 5.200000000000000000e+01 8.100000000000000000e+02
3.475600000000005707e+01 5.689194869995117188e+01 5.300000000000000000e+01 7.620000000000000000e+02
3.604600000000009175e+01 5.689194869995117188e+01 5.400000000000000000e+01 1.212000000000000000e+03
3.700500000000017309e+01 5.689194869995117188e+01 5.500000000000000000e+01 1.695000000000000000e+03
3.750400000000014700e+01 5.689194869995117188e+01 5.600000000000000000e+01 1.116000000000000000e+03
3.793800000000017292e+01 5.689194869995117188e+01 5.700000000000000000e+01 1.229000000000000000e+03
3.887400000000015154e+01 5.689194869995117188e+01 5.800000000000000000e+01 1.467000000000000000e+03
3.905800000000016325e+01 5.689194869995117188e+01 5.900000000000000000e+01 1.065000000000000000e+03
3.985700000000020538e+01 5.689194869995117188e+01 6.000000000000000000e+01 1.219000000000000000e+03
4.060800000000023147e+01 5.689194869995117188e+01 6.100000000000000000e+01 9.740000000000000000e+02
4.150500000000026546e+01 5.689194869995117188e+01 6.200000000000000000e+01 1.486000000000000000e+03
4.261800000000030764e+01 5.689194869995117188e+01 6.300000000000000000e+01 1.612000000000000000e+03
4.369600000000038165e+01 5.689194869995117188e+01 6.400000000000000000e+01 2.533000000000000000e+03
4.511700000000043786e+01 5.689194869995117188e+01 6.500000000000000000e+01 1.594000000000000000e+03
4.476900000000045310e+01 5.689194869995117188e+01 6.600000000000000000e+01 9.580000000000000000e+02
4.612800000000049039e+01 5.689194869995117188e+01 6.700000000000000000e+01 1.778000000000000000e+03
4.756300000000055661e+01 5.689194869995117188e+01 6.800000000000000000e+01 1.192000000000000000e+03
4.869500000000059003e+01 5.689194869995117188e+01 6.900000000000000000e+01 1.378000000000000000e+03
5.134100000000068320e+01 5.689194869995117188e+01 7.000000000000000000e+01 1.836000000000000000e+03
5.529800000000083315e+01 5.689194869995117188e+01 7.100000000000000000e+01 1.094000000000000000e+03
5.691200000000089432e+01 5.689194869995117188e+01 7.200000000000000000e+01 2.365000000000000000e+03
5.689194869995117188e+01 5.689194869995117188e+01 0.000000000000000000e+00 0.000000000000000000e+00
5.689194869995117188e+01 5.689194869995117188e+01 0.000000000000000000e+00 0.000000000000000000e+00
