3.670999999999999819e+00 6.204824781417846680e+01 0.000000000000000000e+00 9.000000000000000000e+00
5.103000000000000647e+00 6.204824781417846680e+01 1.000000000000000000e+00 1.200000000000000000e+01
6.397000000000000242e+00 6.204824781417846680e+01 2.000000000000000000e+00 1.200000000000000000e+01
7.634000000000001229e+00 6.204824781417846680e+01 3.000000000000000000e+00 1.300000000000000000e+01
9.457000000000000739e+00 6.204824781417846680e+01 4.000000000000000000e+00 3.500000000000000000e+01
9.784000000000000696e+00 6.204824781417846680e+01 5.000000000000000000e+00 4.500000000000000000e+01
1.026300000000000168e+01 6.204824781417846680e+01 6.000000000000000000e+00 7.000000000000000000e+01
1.104499999999999993e+01 6.204824781417846680e+01 7.000000000000000000e+00 3.800000000000000000e+01
1.149499999999999922e+01 6.204824781417846680e+01 8.000000000000000000e+00 7.000000000000000000e+01
1.175499999999999723e+01 6.204824781417846680e+01 9.000000000000000000e+00 6.900000000000000000e+01
1.236099999999999710e+01 6.204824781417846680e+01 1.000000000000000000e+01 8.200000000000000000e+01
1.318999999999999773e+01 6.204824781417846680e+01 1.100000000000000000e+01 9.600000000000000000e+01
1.344699999999999918e+01 6.204824781417846680e+01 1.200000000000000000e+01 9.600000000000000000e+01
1.369599999999999973e+01 6.204824781417846680e+01 1.300000000000000000e+01 9.800000000000000000e+01
1.424099999999999788e+01 6.204824781417846680e+01 1.400000000000000000e+01 1.050000000000000000e+02
1.497899999999999743e+01 6.204824781417846680e+01 1.500000000000000000e+01 9.800000000000000000e+01
1.531199999999999761e+01 6.204824781417846680e+01 1.600000000000000000e+01 1.500000000000000000e+02
1.545699999999999719e+01 6.204824781417846680e+01 1.700000000000000000e+01 1.280000000000000000e+02
1.591099999999999781e+01 6.204824781417846680e+01 1.800000000000000000e+01 1.320000000000000000e+02
1.618099999999999739e+01 6.204824781417846680e+01 1.900000000000000000e+01 1.240000000000000000e+02
1.687700000000000244e+01 6.204824781417846680e+01 2.000000000000000000e+01 1.830000000000000000e+02
1.755100000000000193e+01 6.204824781417846680e+01 2.100000000000000000e+01 1.610000000000000000e+02
1.802100000000000435e+01 6.204824781417846680e+01 2.200000000000000000e+01 2.060000000000000000e+02
1.905499999999999972e+01 6.204824781417846680e+01 2.300000000000000000e+01 1.910000000000000000e+02
1.952099999999999724e+01 6.204824781417846680e+01 2.400000000000000000e+01 2.190000000000000000e+02
1.968799999999999528e+01 6.204824781417846680e+01 2.500000000000000000e+01 2.430000000000000000e+02
2.022599999999999199e+01 6.204824781417846680e+01 2.600000000000000000e+01 2.310000000000000000e+02
2.055899999999999039e+01 6.204824781417846680e+01 2.700000000000000000e+01 2.430000000000000000e+02
2.071499999999998920e+01 6.204824781417846680e+01 2.800000000000000000e+01 2.720000000000000000e+02
2.100499999999999190e+01 6.204824781417846680e+01 2.900000000000000000e+01 2.840000000000000000e+02
2.163499999999999446e+01 6.204824781417846680e+01 3.000000000000000000e+01 2.970000000000000000e+02
2.242299999999999471e+01 6.204824781417846680e+01 3.100000000000000000e+01 3.000000000000000000e+02
2.279199999999999804e+01 6.204824781417846680e+01 3.200000000000000000e+01 3.200000000000000000e+02
2.349899999999999167e+01 6.204824781417846680e+01 3.300000000000000000e+01 3.900000000000000000e+02
2.381899999999999196e+01 6.204824781417846680e+01 3.400000000000000000e+01 3.160000000000000000e+02
2.423099999999998744e+01 6.204824781417846680e+01 3.500000000000000000e+01 4.590000000000000000e+02
2.466099999999998715e+01 6.204824781417846680e+01 3.600000000000000000e+01 4.380000000000000000e+02
2.482899999999999707e+01 6.204824781417846680e+01 3.700000000000000000e+01 4.240000000000000000e+02
2.564899999999998670e+01 6.204824781417846680e+01 3.800000000000000000e+01 5.680000000000000000e+02
2.619699999999997075e+01 6.204824781417846680e+01 3.900000000000000000e+01 5.840000000000000000e+02
2.675799999999996359e+01 6.204824781417846680e+01 4.000000000000000000e+01 5.950000000000000000e+02
2.683699999999996422e+01 6.204824781417846680e+01 4.100000000000000000e+01 5.050000000000000000e+02
2.784899999999997888e+01 6.204824781417846680e+01 4.200000000000000000e+01 5.760000000000000000e+02
2.821399999999998798e+01 6.204824781417846680e+01 4.300000000000000000e+01 6.810000000000000000e+02
2.960799999999997567e+01 6.204824781417846680e+01 4.400000000000000000e+01 7.760000000000000000e+02
2.998799999999997823e+01 6.204824781417846680e+01 4.500000000000000000e+01 7.810000000000000000e+02
3.047199999999998354e+01 6.204824781417846680e+01 4.600000000000000000e+01 8.620000000000000000e+02
3.136399999999996524e+01 6.204824781417846680e+01 4.700000000000000000e+01 9.480000000000000000e+02
3.181499999999997286e+01 6.204824781417846680e+01 4.800000000000000000e+01 1.029000000000000000e+03
3.231099999999997152e+01 6.204824781417846680e+01 4.900000000000000000e+01 8.870000000000000000e+02
3.279300000000001347e+01 6.204824781417846680e+01 5.000000000000000000e+01 8.980000000000000000e+02
3.459700000000006526e+01 6.204824781417846680e+01 5.100000000000000000e+01 1.064000000000000000e+03
3.498000000000006793e+01 6.204824781417846680e+01 5.200000000000000000e+01 9.710000000000000000e+02
3.559100000000010766e+01 6.204824781417846680e+01 5.300000000000000000e+01 1.044000000000000000e+03
3.611300000000010613e+01 6.204824781417846680e+01 5.400000000000000000e+01 1.489000000000000000e+03
3.673600000000014631e+01 6.204824781417846680e+01 5.500000000000000000e+01 1.135000000000000000e+03
3.732300000000015672e+01 6.204824781417846680e+01 5.600000000000000000e+01 1.654000000000000000e+03
3.792600000000017246e+01 6.204824781417846680e+01 5.700000000000000000e+01 1.830000000000000000e+03
3.855700000000020111e+01 6.204824781417846680e+01 5.800000000000000000e+01 1.493000000000000000e+03
3.940800000000019310e+01 6.204824781417846680e+01 5.900000000000000000e+01 1.766000000000000000e+03
3.993100000000025318e+01 6.204824781417846680e+01 6.000000000000000000e+01 1.693000000000000000e+03
4.114900000000029934e+01 6.204824781417846680e+01 6.100000000000000000e+01 1.501000000000000000e+03
4.199600000000035749e+01 6.204824781417846680e+01 6.200000000000000000e+01 1.981000000000000000e+03
4.323600000000040922e+01 6.204824781417846680e+01 6.300000000000000000e+01 1.450000000000000000e+03
4.463400000000046219e+01 6.204824781417846680e+01 6.400000000000000000e+01 1.164000000000000000e+03
4.546400000000051023e+01 6.204824781417846680e+01 6.500000000000000000e+01 2.798000000000000000e+03
4.632500000000054996e+01 6.204824781417846680e+01 6.600000000000000000e+01 2.377000000000000000e+03
4.810800000000062937e+01 6.204824781417846680e+01 6.700000000000000000e+01 1.874000000000000000e+03
5.062400000000073419e+01 6.204824781417846680e+01 6.800000000000000000e+01 1.410000000000000000e+03
5.178100000000076619e+01 6.204824781417846680e+01 6.900000000000000000e+01 1.270000000000000000e+03
5.629600000000098703e+01 6.204824781417846680e+01 7.000000000000000000e+01 1.135000000000000000e+03
5.861500000000108201e+01 6.204824781417846680e+01 7.100000000000000000e+01 1.127000000000000000e+03
6.191700000000120241e+01 6.204824781417846680e+01 7.200000000000000000e+01 1.493000000000000000e+03
6.204824781417846680e+01 6.204824781417846680e+01 0.000000000000000000e+00 0.000000000000000000e+00
6.204824781417846680e+01 6.204824781417846680e+01 0.000000000000000000e+00 0.000000000000000000e+00
4.402999999999999581e+00 5.916001725196838379e+01 0.000000000000000000e+00 1.000000000000000000e+00
6.009999999999998899e+00 5.916001725196838379e+01 1.000000000000000000e+00 1.100000000000000000e+01
7.576999999999998181e+00 5.916001725196838379e+01 2.000000000000000000e+00 1.200000000000000000e+01
8.257999999999999119e+00 5.916001725196838379e+01 3.000000000000000000e+00 1.900000000000000000e+01
9.912999999999996703e+00 5.916001725196838379e+01 4.000000000000000000e+00 2.300000000000000000e+01
1.056399999999999828e+01 5.916001725196838379e+01 5.000000000000000000e+00 3.100000000000000000e+01
1.119799999999999862e+01 5.916001725196838379e+01 6.000000000000000000e+00 2.400000000000000000e+01
1.258799999999999741e+01 5.916001725196838379e+01 7.000000000000000000e+00 8.400000000000000000e+01
1.303999999999999559e+01 5.916001725196838379e+01 8.000000000000000000e+00 5.800000000000000000e+01
1.376899999999999480e+01 5.916001725196838379e+01 9.000000000000000000e+00 1.150000000000000000e+02
1.419399999999999551e+01 5.916001725196838379e+01 1.000000000000000000e+01 1.120000000000000000e+02
1.498099999999999454e+01 5.916001725196838379e+01 1.100000000000000000e+01 1.280000000000000000e+02
1.515899999999999537e+01 5.916001725196838379e+01 1.200000000000000000e+01 9.700000000000000000e+01
1.581599999999999895e+01 5.916001725196838379e+01 1.300000000000000000e+01 1.410000000000000000e+02
1.658199999999999719e+01 5.916001725196838379e+01 1.400000000000000000e+01 1.590000000000000000e+02
1.683099999999999952e+01 5.916001725196838379e+01 1.500000000000000000e+01 9.200000000000000000e+01
1.719200000000000017e+01 5.916001725196838379e+01 1.600000000000000000e+01 1.310000000000000000e+02
1.754199999999999804e+01 5.916001725196838379e+01 1.700000000000000000e+01 1.400000000000000000e+02
1.799399999999999267e+01 5.916001725196838379e+01 1.800000000000000000e+01 1.420000000000000000e+02
1.841599999999999326e+01 5.916001725196838379e+01 1.900000000000000000e+01 2.030000000000000000e+02
1.864399999999999480e+01 5.916001725196838379e+01 2.000000000000000000e+01 1.480000000000000000e+02
1.903299999999999415e+01 5.916001725196838379e+01 2.100000000000000000e+01 1.690000000000000000e+02
1.974999999999999645e+01 5.916001725196838379e+01 2.200000000000000000e+01 1.680000000000000000e+02
2.010200000000000031e+01 5.916001725196838379e+01 2.300000000000000000e+01 1.920000000000000000e+02
2.032399999999999807e+01 5.916001725196838379e+01 2.400000000000000000e+01 2.100000000000000000e+02
2.094699999999999207e+01 5.916001725196838379e+01 2.500000000000000000e+01 1.240000000000000000e+02
2.146299999999999031e+01 5.916001725196838379e+01 2.600000000000000000e+01 2.300000000000000000e+02
2.179899999999998883e+01 5.916001725196838379e+01 2.700000000000000000e+01 2.450000000000000000e+02
2.185199999999998610e+01 5.916001725196838379e+01 2.800000000000000000e+01 3.120000000000000000e+02
2.246099999999999497e+01 5.916001725196838379e+01 2.900000000000000000e+01 1.750000000000000000e+02
2.287899999999999778e+01 5.916001725196838379e+01 3.000000000000000000e+01 2.310000000000000000e+02
2.313500000000000156e+01 5.916001725196838379e+01 3.100000000000000000e+01 3.440000000000000000e+02
2.386000000000000654e+01 5.916001725196838379e+01 3.200000000000000000e+01 2.820000000000000000e+02
2.425700000000000855e+01 5.916001725196838379e+01 3.300000000000000000e+01 3.190000000000000000e+02
2.470300000000000296e+01 5.916001725196838379e+01 3.400000000000000000e+01 2.780000000000000000e+02
2.498100000000000165e+01 5.916001725196838379e+01 3.500000000000000000e+01 4.190000000000000000e+02
2.564699999999999847e+01 5.916001725196838379e+01 3.600000000000000000e+01 3.280000000000000000e+02
2.611700000000000088e+01 5.916001725196838379e+01 3.700000000000000000e+01 3.670000000000000000e+02
2.668799999999999883e+01 5.916001725196838379e+01 3.800000000000000000e+01 4.000000000000000000e+02
2.705499999999999616e+01 5.916001725196838379e+01 3.900000000000000000e+01 4.010000000000000000e+02
2.745199999999998397e+01 5.916001725196838379e+01 4.000000000000000000e+01 4.470000000000000000e+02
2.796199999999997843e+01 5.916001725196838379e+01 4.100000000000000000e+01 6.430000000000000000e+02
2.828099999999998104e+01 5.916001725196838379e+01 4.200000000000000000e+01 5.360000000000000000e+02
2.880100000000000193e+01 5.916001725196838379e+01 4.300000000000000000e+01 5.730000000000000000e+02
2.980599999999999739e+01 5.916001725196838379e+01 4.400000000000000000e+01 7.720000000000000000e+02
3.015900000000000247e+01 5.916001725196838379e+01 4.500000000000000000e+01 5.860000000000000000e+02
3.067900000000000205e+01 5.916001725196838379e+01 4.600000000000000000e+01 5.990000000000000000e+02
3.123099999999999810e+01 5.916001725196838379e+01 4.700000000000000000e+01 6.150000000000000000e+02
3.201200000000000756e+01 5.916001725196838379e+01 4.800000000000000000e+01 9.460000000000000000e+02
3.230599999999999739e+01 5.916001725196838379e+01 4.900000000000000000e+01 7.220000000000000000e+02
3.293400000000004013e+01 5.916001725196838379e+01 5.000000000000000000e+01 9.630000000000000000e+02
3.412400000000007338e+01 5.916001725196838379e+01 5.100000000000000000e+01 1.094000000000000000e+03
3.460900000000007992e+01 5.916001725196838379e+01 5.200000000000000000e+01 8.680000000000000000e+02
3.513400000000009982e+01 5.916001725196838379e+01 5.300000000000000000e+01 1.319000000000000000e+03
3.606200000000011840e+01 5.916001725196838379e+01 5.400000000000000000e+01 1.188000000000000000e+03
3.686400000000014643e+01 5.916001725196838379e+01 5.500000000000000000e+01 1.114000000000000000e+03
3.697700000000016729e+01 5.916001725196838379e+01 5.600000000000000000e+01 1.559000000000000000e+03
3.773800000000017718e+01 5.916001725196838379e+01 5.700000000000000000e+01 1.496000000000000000e+03
3.910200000000025966e+01 5.916001725196838379e+01 5.800000000000000000e+01 1.247000000000000000e+03
3.998200000000027643e+01 5.916001725196838379e+01 5.900000000000000000e+01 1.946000000000000000e+03
4.123600000000042343e+01 5.916001725196838379e+01 6.000000000000000000e+01 1.818000000000000000e+03
4.351900000000050284e+01 5.916001725196838379e+01 6.100000000000000000e+01 2.124000000000000000e+03
4.456300000000053529e+01 5.916001725196838379e+01 6.200000000000000000e+01 1.804000000000000000e+03
4.542500000000057270e+01 5.916001725196838379e+01 6.300000000000000000e+01 1.453000000000000000e+03
4.669100000000063488e+01 5.916001725196838379e+01 6.400000000000000000e+01 1.517000000000000000e+03
4.866800000000073112e+01 5.916001725196838379e+01 6.500000000000000000e+01 2.645000000000000000e+03
5.009000000000079922e+01 5.916001725196838379e+01 6.600000000000000000e+01 3.221000000000000000e+03
5.113000000000084100e+01 5.916001725196838379e+01 6.700000000000000000e+01 1.789000000000000000e+03
5.239100000000088642e+01 5.916001725196838379e+01 6.800000000000000000e+01 9.950000000000000000e+02
5.368700000000092842e+01 5.916001725196838379e+01 6.900000000000000000e+01 3.786000000000000000e+03
5.518600000000100181e+01 5.916001725196838379e+01 7.000000000000000000e+01 9.820000000000000000e+02
5.691500000000106496e+01 5.916001725196838379e+01 7.100000000000000000e+01 1.242000000000000000e+03
5.908700000000115438e+01 5.916001725196838379e+01 7.200000000000000000e+01 1.155000000000000000e+03
5.916001725196838379e+01 5.916001725196838379e+01 0.000000000000000000e+00 0.000000000000000000e+00
5.916001725196838379e+01 5.916001725196838379e+01 0.000000000000000000e+00 0.000000000000000000e+00
5.323000000000000398e+00 6.050331401824951172e+01 0.000000000000000000e+00 1.500000000000000000e+01
7.123000000000000220e+00 6.050331401824951172e+01 1.000000000000000000e+00 5.000000000000000000e+00
8.173000000000000043e+00 6.050331401824951172e+01 2.000000000000000000e+00 2.600000000000000000e+01
9.026999999999999247e+00 6.050331401824951172e+01 3.000000000000000000e+00 2.700000000000000000e+01
1.018699999999999584e+01 6.050331401824951172e+01 4.000000000000000000e+00 4.100000000000000000e+01
1.099199999999999555e+01 6.050331401824951172e+01 5.000000000000000000e+00 6.500000000000000000e+01
1.178299999999999592e+01 6.050331401824951172e+01 6.000000000000000000e+00 4.500000000000000000e+01
1.224999999999999467e+01 6.050331401824951172e+01 7.000000000000000000e+00 5.800000000000000000e+01
1.256299999999999528e+01 6.050331401824951172e+01 8.000000000000000000e+00 9.700000000000000000e+01
1.300799999999999557e+01 6.050331401824951172e+01 9.000000000000000000e+00 1.360000000000000000e+02
1.343399999999999572e+01 6.050331401824951172e+01 1.000000000000000000e+01 9.300000000000000000e+01
1.371099999999999675e+01 6.050331401824951172e+01 1.100000000000000000e+01 6.000000000000000000e+01
1.417699999999999605e+01 6.050331401824951172e+01 1.200000000000000000e+01 1.190000000000000000e+02
1.456999999999999496e+01 6.050331401824951172e+01 1.300000000000000000e+01 1.010000000000000000e+02
1.495199999999999463e+01 6.050331401824951172e+01 1.400000000000000000e+01 8.900000000000000000e+01
1.544599999999999440e+01 6.050331401824951172e+01 1.500000000000000000e+01 1.460000000000000000e+02
1.592199999999999527e+01 6.050331401824951172e+01 1.600000000000000000e+01 1.430000000000000000e+02
1.588199999999999612e+01 6.050331401824951172e+01 1.700000000000000000e+01 9.900000000000000000e+01
1.651199999999999690e+01 6.050331401824951172e+01 1.800000000000000000e+01 1.290000000000000000e+02
1.685099999999999554e+01 6.050331401824951172e+01 1.900000000000000000e+01 1.810000000000000000e+02
1.739099999999999469e+01 6.050331401824951172e+01 2.000000000000000000e+01 1.620000000000000000e+02
1.777299999999999969e+01 6.050331401824951172e+01 2.100000000000000000e+01 1.480000000000000000e+02
1.830700000000000216e+01 6.050331401824951172e+01 2.200000000000000000e+01 1.550000000000000000e+02
1.868600000000000705e+01 6.050331401824951172e+01 2.300000000000000000e+01 1.960000000000000000e+02
1.905400000000000560e+01 6.050331401824951172e+01 2.400000000000000000e+01 1.810000000000000000e+02
1.897400000000000375e+01 6.050331401824951172e+01 2.500000000000000000e+01 1.830000000000000000e+02
1.992000000000000526e+01 6.050331401824951172e+01 2.600000000000000000e+01 2.370000000000000000e+02
2.075200000000000600e+01 6.050331401824951172e+01 2.700000000000000000e+01 2.580000000000000000e+02
2.119200000000000372e+01 6.050331401824951172e+01 2.800000000000000000e+01 2.260000000000000000e+02
2.162100000000000577e+01 6.050331401824951172e+01 2.900000000000000000e+01 2.660000000000000000e+02
2.206800000000001205e+01 6.050331401824951172e+01 3.000000000000000000e+01 2.630000000000000000e+02
2.228400000000001313e+01 6.050331401824951172e+01 3.100000000000000000e+01 2.430000000000000000e+02
2.305000000000002203e+01 6.050331401824951172e+01 3.200000000000000000e+01 3.630000000000000000e+02
2.343500000000002004e+01 6.050331401824951172e+01 3.300000000000000000e+01 3.620000000000000000e+02
2.383900000000001640e+01 6.050331401824951172e+01 3.400000000000000000e+01 3.850000000000000000e+02
2.432700000000001594e+01 6.050331401824951172e+01 3.500000000000000000e+01 3.860000000000000000e+02
2.452000000000001734e+01 6.050331401824951172e+01 3.600000000000000000e+01 4.080000000000000000e+02
2.512700000000002021e+01 6.050331401824951172e+01 3.700000000000000000e+01 3.750000000000000000e+02
2.533000000000002316e+01 6.050331401824951172e+01 3.800000000000000000e+01 5.260000000000000000e+02
2.657300000000000040e+01 6.050331401824951172e+01 3.900000000000000000e+01 4.080000000000000000e+02
2.703299999999999415e+01 6.050331401824951172e+01 4.000000000000000000e+01 4.680000000000000000e+02
2.763299999999999201e+01 6.050331401824951172e+01 4.100000000000000000e+01 5.460000000000000000e+02
2.774699999999999278e+01 6.050331401824951172e+01 4.200000000000000000e+01 6.240000000000000000e+02
2.867700000000001737e+01 6.050331401824951172e+01 4.300000000000000000e+01 5.540000000000000000e+02
2.909700000000001907e+01 6.050331401824951172e+01 4.400000000000000000e+01 5.870000000000000000e+02
2.989800000000002456e+01 6.050331401824951172e+01 4.500000000000000000e+01 8.280000000000000000e+02
3.021400000000003061e+01 6.050331401824951172e+01 4.600000000000000000e+01 7.190000000000000000e+02
3.101100000000002055e+01 6.050331401824951172e+01 4.700000000000000000e+01 7.660000000000000000e+02
3.177500000000002700e+01 6.050331401824951172e+01 4.800000000000000000e+01 8.310000000000000000e+02
3.192900000000002692e+01 6.050331401824951172e+01 4.900000000000000000e+01 6.850000000000000000e+02
3.349300000000009447e+01 6.050331401824951172e+01 5.000000000000000000e+01 1.078000000000000000e+03
3.359800000000009845e+01 6.050331401824951172e+01 5.100000000000000000e+01 1.326000000000000000e+03
3.417600000000010141e+01 6.050331401824951172e+01 5.200000000000000000e+01 1.091000000000000000e+03
3.518700000000016814e+01 6.050331401824951172e+01 5.300000000000000000e+01 1.208000000000000000e+03
3.581700000000015649e+01 6.050331401824951172e+01 5.400000000000000000e+01 8.690000000000000000e+02
3.655800000000019168e+01 6.050331401824951172e+01 5.500000000000000000e+01 1.324000000000000000e+03
3.720500000000020435e+01 6.050331401824951172e+01 5.600000000000000000e+01 1.401000000000000000e+03
3.897800000000027154e+01 6.050331401824951172e+01 5.700000000000000000e+01 2.058000000000000000e+03
3.933800000000028518e+01 6.050331401824951172e+01 5.800000000000000000e+01 1.679000000000000000e+03
3.990900000000029024e+01 6.050331401824951172e+01 5.900000000000000000e+01 1.603000000000000000e+03
4.046000000000038455e+01 6.050331401824951172e+01 6.000000000000000000e+01 1.881000000000000000e+03
4.169100000000042883e+01 6.050331401824951172e+01 6.100000000000000000e+01 2.278000000000000000e+03
4.255800000000046879e+01 6.050331401824951172e+01 6.200000000000000000e+01 1.630000000000000000e+03
4.426300000000053814e+01 6.050331401824951172e+01 6.300000000000000000e+01 1.356000000000000000e+03
4.489500000000056446e+01 6.050331401824951172e+01 6.400000000000000000e+01 1.655000000000000000e+03
4.650000000000061817e+01 6.050331401824951172e+01 6.500000000000000000e+01 2.513000000000000000e+03
4.863400000000068957e+01 6.050331401824951172e+01 6.600000000000000000e+01 1.850000000000000000e+03
4.981700000000073913e+01 6.050331401824951172e+01 6.700000000000000000e+01 1.149000000000000000e+03
5.070100000000077500e+01 6.050331401824951172e+01 6.800000000000000000e+01 2.643000000000000000e+03
5.252400000000085356e+01 6.050331401824951172e+01 6.900000000000000000e+01 1.289000000000000000e+03
5.443500000000093308e+01 6.050331401824951172e+01 7.000000000000000000e+01 1.299000000000000000e+03
5.869200000000109441e+01 6.050331401824951172e+01 7.100000000000000000e+01 1.412000000000000000e+03
6.055200000000116489e+01 6.050331401824951172e+01 7.200000000000000000e+01 2.626000000000000000e+03
6.050331401824951172e+01 6.050331401824951172e+01 0.000000000000000000e+00 0.000000000000000000e+00
6.050331401824951172e+01 6.050331401824951172e+01 0.000000000000000000e+00 0.000000000000000000e+00
4.652000000000000135e+00 6.015665411949157715e+01 0.000000000000000000e+00 1.700000000000000000e+01
5.560999999999999943e+00 6.015665411949157715e+01 1.000000000000000000e+00 3.100000000000000000e+01
6.307000000000000384e+00 6.015665411949157715e+01 2.000000000000000000e+00 1.300000000000000000e+01
7.845000000000000639e+00 6.015665411949157715e+01 3.000000000000000000e+00 1.600000000000000000e+01
8.685999999999998167e+00 6.015665411949157715e+01 4.000000000000000000e+00 5.000000000000000000e+01
9.504999999999999005e+00 6.015665411949157715e+01 5.000000000000000000e+00 5.900000000000000000e+01
1.014400000000000013e+01 6.015665411949157715e+01 6.000000000000000000e+00 3.400000000000000000e+01
1.092300000000000182e+01 6.015665411949157715e+01 7.000000000000000000e+00 8.100000000000000000e+01
1.152900000000000169e+01 6.015665411949157715e+01 8.000000000000000000e+00 9.400000000000000000e+01
1.211800000000000388e+01 6.015665411949157715e+01 9.000000000000000000e+00 9.500000000000000000e+01
1.258600000000000385e+01 6.015665411949157715e+01 1.000000000000000000e+01 8.200000000000000000e+01
1.327700000000000458e+01 6.015665411949157715e+01 1.100000000000000000e+01 9.500000000000000000e+01
1.367200000000000415e+01 6.015665411949157715e+01 1.200000000000000000e+01 6.000000000000000000e+01
1.381800000000000495e+01 6.015665411949157715e+01 1.300000000000000000e+01 7.500000000000000000e+01
1.433600000000000563e+01 6.015665411949157715e+01 1.400000000000000000e+01 1.300000000000000000e+02
1.483200000000000429e+01 6.015665411949157715e+01 1.500000000000000000e+01 1.770000000000000000e+02
1.538700000000000223e+01 6.015665411949157715e+01 1.600000000000000000e+01 9.400000000000000000e+01
1.554900000000000304e+01 6.015665411949157715e+01 1.700000000000000000e+01 1.840000000000000000e+02
1.600500000000000256e+01 6.015665411949157715e+01 1.800000000000000000e+01 1.470000000000000000e+02
1.655400000000000560e+01 6.015665411949157715e+01 1.900000000000000000e+01 1.410000000000000000e+02
1.666300000000000736e+01 6.015665411949157715e+01 2.000000000000000000e+01 1.760000000000000000e+02
1.702100000000001501e+01 6.015665411949157715e+01 2.100000000000000000e+01 1.600000000000000000e+02
1.817000000000001236e+01 6.015665411949157715e+01 2.200000000000000000e+01 1.700000000000000000e+02
1.857100000000001216e+01 6.015665411949157715e+01 2.300000000000000000e+01 2.320000000000000000e+02
1.884100000000000819e+01 6.015665411949157715e+01 2.400000000000000000e+01 2.370000000000000000e+02
1.953400000000000958e+01 6.015665411949157715e+01 2.500000000000000000e+01 1.920000000000000000e+02
1.965300000000000580e+01 6.015665411949157715e+01 2.600000000000000000e+01 2.300000000000000000e+02
2.027600000000000335e+01 6.015665411949157715e+01 2.700000000000000000e+01 2.400000000000000000e+02
2.089699999999999491e+01 6.015665411949157715e+01 2.800000000000000000e+01 2.660000000000000000e+02
2.136399999999999721e+01 6.015665411949157715e+01 2.900000000000000000e+01 2.590000000000000000e+02
2.181300000000000239e+01 6.015665411949157715e+01 3.000000000000000000e+01 2.810000000000000000e+02
2.318200000000000216e+01 6.015665411949157715e+01 3.100000000000000000e+01 3.140000000000000000e+02
2.366900000000000404e+01 6.015665411949157715e+01 3.200000000000000000e+01 3.710000000000000000e+02
2.407100000000000506e+01 6.015665411949157715e+01 3.300000000000000000e+01 3.700000000000000000e+02
2.431400000000000716e+01 6.015665411949157715e+01 3.400000000000000000e+01 4.310000000000000000e+02
2.479000000000001336e+01 6.015665411949157715e+01 3.500000000000000000e+01 3.200000000000000000e+02
2.528800000000001802e+01 6.015665411949157715e+01 3.600000000000000000e+01 4.790000000000000000e+02
2.585100000000002041e+01 6.015665411949157715e+01 3.700000000000000000e+01 4.690000000000000000e+02
2.620600000000001728e+01 6.015665411949157715e+01 3.800000000000000000e+01 4.890000000000000000e+02
2.637800000000001432e+01 6.015665411949157715e+01 3.900000000000000000e+01 5.200000000000000000e+02
2.716100000000000847e+01 6.015665411949157715e+01 4.000000000000000000e+01 5.200000000000000000e+02
2.783900000000000929e+01 6.015665411949157715e+01 4.100000000000000000e+01 5.040000000000000000e+02
2.792900000000000915e+01 6.015665411949157715e+01 4.200000000000000000e+01 5.140000000000000000e+02
2.882300000000002527e+01 6.015665411949157715e+01 4.300000000000000000e+01 5.530000000000000000e+02
2.963800000000001589e+01 6.015665411949157715e+01 4.400000000000000000e+01 6.680000000000000000e+02
3.015900000000002379e+01 6.015665411949157715e+01 4.500000000000000000e+01 6.650000000000000000e+02
3.037700000000002731e+01 6.015665411949157715e+01 4.600000000000000000e+01 8.030000000000000000e+02
3.115200000000002589e+01 6.015665411949157715e+01 4.700000000000000000e+01 6.540000000000000000e+02
3.159200000000002717e+01 6.015665411949157715e+01 4.800000000000000000e+01 9.370000000000000000e+02
3.217100000000002780e+01 6.015665411949157715e+01 4.900000000000000000e+01 8.230000000000000000e+02
3.252300000000004587e+01 6.015665411949157715e+01 5.000000000000000000e+01 1.044000000000000000e+03
3.377900000000007452e+01 6.015665411949157715e+01 5.100000000000000000e+01 9.400000000000000000e+02
3.427400000000010039e+01 6.015665411949157715e+01 5.200000000000000000e+01 9.310000000000000000e+02
3.498600000000012500e+01 6.015665411949157715e+01 5.300000000000000000e+01 1.266000000000000000e+03
3.564100000000015456e+01 6.015665411949157715e+01 5.400000000000000000e+01 1.230000000000000000e+03
3.623200000000017695e+01 6.015665411949157715e+01 5.500000000000000000e+01 1.174000000000000000e+03
3.698800000000018429e+01 6.015665411949157715e+01 5.600000000000000000e+01 1.454000000000000000e+03
3.767100000000019833e+01 6.015665411949157715e+01 5.700000000000000000e+01 1.628000000000000000e+03
3.899400000000031241e+01 6.015665411949157715e+01 5.800000000000000000e+01 1.568000000000000000e+03
3.920700000000030627e+01 6.015665411949157715e+01 5.900000000000000000e+01 1.155000000000000000e+03
4.076700000000051460e+01 6.015665411949157715e+01 6.000000000000000000e+01 1.725000000000000000e+03
4.190300000000056002e+01 6.015665411949157715e+01 6.100000000000000000e+01 2.488000000000000000e+03
4.292600000000061300e+01 6.015665411949157715e+01 6.200000000000000000e+01 2.018000000000000000e+03
4.415600000000066672e+01 6.015665411949157715e+01 6.300000000000000000e+01 1.590000000000000000e+03
4.476300000000069446e+01 6.015665411949157715e+01 6.400000000000000000e+01 1.536000000000000000e+03
4.565200000000072578e+01 6.015665411949157715e+01 6.500000000000000000e+01 2.501000000000000000e+03
4.783100000000081309e+01 6.015665411949157715e+01 6.600000000000000000e+01 1.858000000000000000e+03
4.904900000000085214e+01 6.015665411949157715e+01 6.700000000000000000e+01 3.236000000000000000e+03
5.037500000000091660e+01 6.015665411949157715e+01 6.800000000000000000e+01 1.752000000000000000e+03
5.234700000000098896e+01 6.015665411949157715e+01 6.900000000000000000e+01 1.035000000000000000e+03
5.468900000000108008e+01 6.015665411949157715e+01 7.000000000000000000e+01 9.170000000000000000e+02
5.679700000000116233e+01 6.015665411949157715e+01 7.100000000000000000e+01 1.195000000000000000e+03
6.008100000000128915e+01 6.015665411949157715e+01 7.200000000000000000e+01 1.728000000000000000e+03
6.015665411949157715e+01 6.015665411949157715e+01 0.000000000000000000e+00 0.000000000000000000e+00
6.015665411949157715e+01 6.015665411949157715e+01 0.000000000000000000e+00 0.000000000000000000e+00
4.071999999999999176e+00 5.627144384384155273e+01 0.000000000000000000e+00 0.000000000000000000e+00
6.051999999999999602e+00 5.627144384384155273e+01 1.000000000000000000e+00 1.000000000000000000e+01
7.102000000000000313e+00 5.627144384384155273e+01 2.000000000000000000e+00 3.900000000000000000e+01
7.278000000000000469e+00 5.627144384384155273e+01 3.000000000000000000e+00 3.400000000000000000e+01
8.278999999999999915e+00 5.627144384384155273e+01 4.000000000000000000e+00 3.600000000000000000e+01
8.929000000000002046e+00 5.627144384384155273e+01 5.000000000000000000e+00 3.800000000000000000e+01
9.706000000000003070e+00 5.627144384384155273e+01 6.000000000000000000e+00 4.400000000000000000e+01
1.080600000000000271e+01 5.627144384384155273e+01 7.000000000000000000e+00 6.600000000000000000e+01
1.111000000000000298e+01 5.627144384384155273e+01 8.000000000000000000e+00 5.500000000000000000e+01
1.213000000000000256e+01 5.627144384384155273e+01 9.000000000000000000e+00 4.000000000000000000e+01
1.256100000000000172e+01 5.627144384384155273e+01 1.000000000000000000e+01 6.500000000000000000e+01
1.325300000000000011e+01 5.627144384384155273e+01 1.100000000000000000e+01 8.200000000000000000e+01
1.379400000000000048e+01 5.627144384384155273e+01 1.200000000000000000e+01 1.240000000000000000e+02
1.431700000000000195e+01 5.627144384384155273e+01 1.300000000000000000e+01 1.010000000000000000e+02
1.444700000000000273e+01 5.627144384384155273e+01 1.400000000000000000e+01 1.220000000000000000e+02
1.482000000000000206e+01 5.627144384384155273e+01 1.500000000000000000e+01 1.220000000000000000e+02
1.518100000000000094e+01 5.627144384384155273e+01 1.600000000000000000e+01 1.590000000000000000e+02
1.570800000000000196e+01 5.627144384384155273e+01 1.700000000000000000e+01 1.070000000000000000e+02
1.655000000000000071e+01 5.627144384384155273e+01 1.800000000000000000e+01 1.310000000000000000e+02
1.684600000000000364e+01 5.627144384384155273e+01 1.900000000000000000e+01 1.270000000000000000e+02
1.741200000000000614e+01 5.627144384384155273e+01 2.000000000000000000e+01 1.800000000000000000e+02
1.802400000000000446e+01 5.627144384384155273e+01 2.100000000000000000e+01 1.890000000000000000e+02
1.832300000000000395e+01 5.627144384384155273e+01 2.200000000000000000e+01 2.180000000000000000e+02
1.880600000000000449e+01 5.627144384384155273e+01 2.300000000000000000e+01 2.160000000000000000e+02
1.918000000000000327e+01 5.627144384384155273e+01 2.400000000000000000e+01 2.690000000000000000e+02
1.961800000000000210e+01 5.627144384384155273e+01 2.500000000000000000e+01 2.090000000000000000e+02
2.013499999999999446e+01 5.627144384384155273e+01 2.600000000000000000e+01 2.970000000000000000e+02
2.081999999999998252e+01 5.627144384384155273e+01 2.700000000000000000e+01 2.670000000000000000e+02
2.113499999999998025e+01 5.627144384384155273e+01 2.800000000000000000e+01 2.340000000000000000e+02
2.175299999999998235e+01 5.627144384384155273e+01 2.900000000000000000e+01 3.680000000000000000e+02
2.190399999999998570e+01 5.627144384384155273e+01 3.000000000000000000e+01 2.090000000000000000e+02
2.233699999999998553e+01 5.627144384384155273e+01 3.100000000000000000e+01 2.880000000000000000e+02
2.282299999999998263e+01 5.627144384384155273e+01 3.200000000000000000e+01 2.770000000000000000e+02
2.322399999999997888e+01 5.627144384384155273e+01 3.300000000000000000e+01 4.280000000000000000e+02
2.360899999999997689e+01 5.627144384384155273e+01 3.400000000000000000e+01 3.370000000000000000e+02
2.401099999999997792e+01 5.627144384384155273e+01 3.500000000000000000e+01 3.070000000000000000e+02
2.468799999999997752e+01 5.627144384384155273e+01 3.600000000000000000e+01 4.140000000000000000e+02
2.473499999999998167e+01 5.627144384384155273e+01 3.700000000000000000e+01 4.180000000000000000e+02
2.533799999999997965e+01 5.627144384384155273e+01 3.800000000000000000e+01 3.680000000000000000e+02
2.553299999999997283e+01 5.627144384384155273e+01 3.900000000000000000e+01 3.060000000000000000e+02
2.639999999999996305e+01 5.627144384384155273e+01 4.000000000000000000e+01 5.030000000000000000e+02
2.656699999999995754e+01 5.627144384384155273e+01 4.100000000000000000e+01 5.190000000000000000e+02
2.721099999999996655e+01 5.627144384384155273e+01 4.200000000000000000e+01 5.790000000000000000e+02
2.758799999999997254e+01 5.627144384384155273e+01 4.300000000000000000e+01 4.650000000000000000e+02
2.808699999999997132e+01 5.627144384384155273e+01 4.400000000000000000e+01 5.130000000000000000e+02
2.880999999999997030e+01 5.627144384384155273e+01 4.500000000000000000e+01 6.320000000000000000e+02
2.964499999999998181e+01 5.627144384384155273e+01 4.600000000000000000e+01 6.270000000000000000e+02
3.017999999999997840e+01 5.627144384384155273e+01 4.700000000000000000e+01 6.040000000000000000e+02
3.044699999999998141e+01 5.627144384384155273e+01 4.800000000000000000e+01 7.600000000000000000e+02
3.137899999999996936e+01 5.627144384384155273e+01 4.900000000000000000e+01 8.090000000000000000e+02
3.198799999999996402e+01 5.627144384384155273e+01 5.000000000000000000e+01 8.810000000000000000e+02
3.225999999999997669e+01 5.627144384384155273e+01 5.100000000000000000e+01 7.670000000000000000e+02
3.314699999999998425e+01 5.627144384384155273e+01 5.200000000000000000e+01 9.610000000000000000e+02
3.368700000000000472e+01 5.627144384384155273e+01 5.300000000000000000e+01 1.262000000000000000e+03
3.416100000000002268e+01 5.627144384384155273e+01 5.400000000000000000e+01 9.130000000000000000e+02
3.528400000000006997e+01 5.627144384384155273e+01 5.500000000000000000e+01 1.263000000000000000e+03
3.548200000000008458e+01 5.627144384384155273e+01 5.600000000000000000e+01 1.099000000000000000e+03
3.788700000000012835e+01 5.627144384384155273e+01 5.700000000000000000e+01 1.369000000000000000e+03
3.921500000000023078e+01 5.627144384384155273e+01 5.800000000000000000e+01 1.853000000000000000e+03
3.937700000000022271e+01 5.627144384384155273e+01 5.900000000000000000e+01 1.873000000000000000e+03
4.023100000000034271e+01 5.627144384384155273e+01 6.000000000000000000e+01 2.063000000000000000e+03
4.114600000000037028e+01 5.627144384384155273e+01 6.100000000000000000e+01 1.771000000000000000e+03
4.271300000000043440e+01 5.627144384384155273e+01 6.200000000000000000e+01 1.287000000000000000e+03
4.387100000000050670e+01 5.627144384384155273e+01 6.300000000000000000e+01 1.631000000000000000e+03
4.453000000000052694e+01 5.627144384384155273e+01 6.400000000000000000e+01 2.617000000000000000e+03
4.525300000000055434e+01 5.627144384384155273e+01 6.500000000000000000e+01 1.955000000000000000e+03
4.643100000000062266e+01 5.627144384384155273e+01 6.600000000000000000e+01 1.438000000000000000e+03
4.879600000000073834e+01 5.627144384384155273e+01 6.700000000000000000e+01 8.900000000000000000e+02
4.952200000000078006e+01 5.627144384384155273e+01 6.800000000000000000e+01 1.388000000000000000e+03
5.111400000000084987e+01 5.627144384384155273e+01 6.900000000000000000e+01 3.927000000000000000e+03
5.285100000000092280e+01 5.627144384384155273e+01 7.000000000000000000e+01 1.169000000000000000e+03
5.461200000000098953e+01 5.627144384384155273e+01 7.100000000000000000e+01 1.109000000000000000e+03
5.629600000000105098e+01 5.627144384384155273e+01 7.200000000000000000e+01 1.132000000000000000e+03
5.627144384384155273e+01 5.627144384384155273e+01 0.000000000000000000e+00 0.000000000000000000e+00
5.627144384384155273e+01 5.627144384384155273e+01 0.000000000000000000e+00 0.000000000000000000e+00
4.317000000000000171e+00 5.876709651947021484e+01 0.000000000000000000e+00 1.000000000000000000e+00
5.754000000000001336e+00 5.876709651947021484e+01 1.000000000000000000e+00 0.000000000000000000e+00
6.980000000000001315e+00 5.876709651947021484e+01 2.000000000000000000e+00 1.200000000000000000e+01
8.342999999999999972e+00 5.876709651947021484e+01 3.000000000000000000e+00 5.500000000000000000e+01
9.006999999999999673e+00 5.876709651947021484e+01 4.000000000000000000e+00 4.600000000000000000e+01
9.826999999999999957e+00 5.876709651947021484e+01 5.000000000000000000e+00 3.500000000000000000e+01
1.046000000000000085e+01 5.876709651947021484e+01 6.000000000000000000e+00 5.900000000000000000e+01
1.107699999999999996e+01 5.876709651947021484e+01 7.000000000000000000e+00 6.700000000000000000e+01
1.167799999999999905e+01 5.876709651947021484e+01 8.000000000000000000e+00 8.200000000000000000e+01
1.178699999999999903e+01 5.876709651947021484e+01 9.000000000000000000e+00 5.100000000000000000e+01
1.240199999999999747e+01 5.876709651947021484e+01 1.000000000000000000e+01 1.070000000000000000e+02
1.281599999999999717e+01 5.876709651947021484e+01 1.100000000000000000e+01 9.800000000000000000e+01
1.281599999999999717e+01 5.876709651947021484e+01 1.200000000000000000e+01 7.000000000000000000e+01
1.333599999999999497e+01 5.876709651947021484e+01 1.300000000000000000e+01 9.700000000000000000e+01
1.425199999999999889e+01 5.876709651947021484e+01 1.400000000000000000e+01 9.200000000000000000e+01
1.437899999999999956e+01 5.876709651947021484e+01 1.500000000000000000e+01 8.700000000000000000e+01
1.522299999999999898e+01 5.876709651947021484e+01 1.600000000000000000e+01 1.010000000000000000e+02
1.592200000000000060e+01 5.876709651947021484e+01 1.700000000000000000e+01 1.520000000000000000e+02
1.616700000000000159e+01 5.876709651947021484e+01 1.800000000000000000e+01 1.200000000000000000e+02
1.645599999999999952e+01 5.876709651947021484e+01 1.900000000000000000e+01 1.210000000000000000e+02
1.694699999999999918e+01 5.876709651947021484e+01 2.000000000000000000e+01 1.790000000000000000e+02
1.712900000000000489e+01 5.876709651947021484e+01 2.100000000000000000e+01 1.210000000000000000e+02
1.786100000000000421e+01 5.876709651947021484e+01 2.200000000000000000e+01 2.270000000000000000e+02
1.816300000000000736e+01 5.876709651947021484e+01 2.300000000000000000e+01 1.330000000000000000e+02
1.881200000000000117e+01 5.876709651947021484e+01 2.400000000000000000e+01 1.640000000000000000e+02
1.961699999999999378e+01 5.876709651947021484e+01 2.500000000000000000e+01 2.150000000000000000e+02
1.987799999999998946e+01 5.876709651947021484e+01 2.600000000000000000e+01 2.820000000000000000e+02
2.093499999999998451e+01 5.876709651947021484e+01 2.700000000000000000e+01 2.420000000000000000e+02
2.126999999999998181e+01 5.876709651947021484e+01 2.800000000000000000e+01 2.090000000000000000e+02
2.181299999999998462e+01 5.876709651947021484e+01 2.900000000000000000e+01 2.630000000000000000e+02
2.315599999999999170e+01 5.876709651947021484e+01 3.000000000000000000e+01 2.260000000000000000e+02
2.380399999999999139e+01 5.876709651947021484e+01 3.100000000000000000e+01 3.490000000000000000e+02
2.414999999999999147e+01 5.876709651947021484e+01 3.200000000000000000e+01 3.190000000000000000e+02
2.452399999999999025e+01 5.876709651947021484e+01 3.300000000000000000e+01 2.260000000000000000e+02
2.518899999999998585e+01 5.876709651947021484e+01 3.400000000000000000e+01 4.150000000000000000e+02
2.514999999999998437e+01 5.876709651947021484e+01 3.500000000000000000e+01 3.350000000000000000e+02
2.578099999999998815e+01 5.876709651947021484e+01 3.600000000000000000e+01 2.890000000000000000e+02
2.622899999999999210e+01 5.876709651947021484e+01 3.700000000000000000e+01 2.890000000000000000e+02
2.665899999999999181e+01 5.876709651947021484e+01 3.800000000000000000e+01 6.970000000000000000e+02
2.691799999999998505e+01 5.876709651947021484e+01 3.900000000000000000e+01 3.610000000000000000e+02
2.747599999999997067e+01 5.876709651947021484e+01 4.000000000000000000e+01 3.680000000000000000e+02
2.800499999999997414e+01 5.876709651947021484e+01 4.100000000000000000e+01 4.290000000000000000e+02
2.883599999999998431e+01 5.876709651947021484e+01 4.200000000000000000e+01 4.890000000000000000e+02
2.943099999999999028e+01 5.876709651947021484e+01 4.300000000000000000e+01 5.720000000000000000e+02
3.031399999999999295e+01 5.876709651947021484e+01 4.400000000000000000e+01 6.630000000000000000e+02
3.068699999999999406e+01 5.876709651947021484e+01 4.500000000000000000e+01 7.760000000000000000e+02
3.098199999999999932e+01 5.876709651947021484e+01 4.600000000000000000e+01 8.950000000000000000e+02
3.176399999999998514e+01 5.876709651947021484e+01 4.700000000000000000e+01 7.800000000000000000e+02
3.239599999999997948e+01 5.876709651947021484e+01 4.800000000000000000e+01 7.540000000000000000e+02
3.276099999999997436e+01 5.876709651947021484e+01 4.900000000000000000e+01 7.880000000000000000e+02
3.338200000000001211e+01 5.876709651947021484e+01 5.000000000000000000e+01 9.200000000000000000e+02
3.409400000000003672e+01 5.876709651947021484e+01 5.100000000000000000e+01 9.530000000000000000e+02
3.465100000000006020e+01 5.876709651947021484e+01 5.200000000000000000e+01 1.152000000000000000e+03
3.467800000000006833e+01 5.876709651947021484e+01 5.300000000000000000e+01 1.129000000000000000e+03
3.620500000000004803e+01 5.876709651947021484e+01 5.400000000000000000e+01 1.233000000000000000e+03
3.656000000000008043e+01 5.876709651947021484e+01 5.500000000000000000e+01 1.160000000000000000e+03
3.759900000000009612e+01 5.876709651947021484e+01 5.600000000000000000e+01 1.452000000000000000e+03
3.836700000000013233e+01 5.876709651947021484e+01 5.700000000000000000e+01 1.509000000000000000e+03
3.951200000000020651e+01 5.876709651947021484e+01 5.800000000000000000e+01 1.431000000000000000e+03
4.065100000000019520e+01 5.876709651947021484e+01 5.900000000000000000e+01 1.803000000000000000e+03
4.169500000000026319e+01 5.876709651947021484e+01 6.000000000000000000e+01 1.695000000000000000e+03
4.324200000000033128e+01 5.876709651947021484e+01 6.100000000000000000e+01 1.878000000000000000e+03
4.491300000000041592e+01 5.876709651947021484e+01 6.200000000000000000e+01 1.697000000000000000e+03
4.554600000000043991e+01 5.876709651947021484e+01 6.300000000000000000e+01 1.283000000000000000e+03
4.643300000000046879e+01 5.876709651947021484e+01 6.400000000000000000e+01 2.402000000000000000e+03
4.802700000000052682e+01 5.876709651947021484e+01 6.500000000000000000e+01 3.116000000000000000e+03
4.886000000000054655e+01 5.876709651947021484e+01 6.600000000000000000e+01 1.094000000000000000e+03
4.972200000000059106e+01 5.876709651947021484e+01 6.700000000000000000e+01 2.619000000000000000e+03
5.140300000000066660e+01 5.876709651947021484e+01 6.800000000000000000e+01 2.037000000000000000e+03
5.228400000000070236e+01 5.876709651947021484e+01 6.900000000000000000e+01 1.127000000000000000e+03
5.365200000000076841e+01 5.876709651947021484e+01 7.000000000000000000e+01 2.512000000000000000e+03
5.664000000000088164e+01 5.876709651947021484e+01 7.100000000000000000e+01 1.293000000000000000e+03
5.876100000000096202e+01 5.876709651947021484e+01 7.200000000000000000e+01 1.265000000000000000e+03
5.876709651947021484e+01 5.876709651947021484e+01 0.000000000000000000e+00 0.000000000000000000e+00
5.876709651947021484e+01 5.876709651947021484e+01 0.000000000000000000e+00 0.000000000000000000e+00
3.326999999999999513e+00 6.222451329231262207e+01 0.000000000000000000e+00 0.000000000000000000e+00
5.495999999999999552e+00 6.222451329231262207e+01 1.000000000000000000e+00 1.100000000000000000e+01
6.379000000000000448e+00 6.222451329231262207e+01 2.000000000000000000e+00 2.300000000000000000e+01
7.232000000000000206e+00 6.222451329231262207e+01 3.000000000000000000e+00 2.600000000000000000e+01
8.237999999999999545e+00 6.222451329231262207e+01 4.000000000000000000e+00 3.800000000000000000e+01
8.404999999999999361e+00 6.222451329231262207e+01 5.000000000000000000e+00 3.100000000000000000e+01
9.500000000000000000e+00 6.222451329231262207e+01 6.000000000000000000e+00 5.300000000000000000e+01
9.824999999999999289e+00 6.222451329231262207e+01 7.000000000000000000e+00 3.100000000000000000e+01
1.061299999999999955e+01 6.222451329231262207e+01 8.000000000000000000e+00 1.170000000000000000e+02
1.083799999999999919e+01 6.222451329231262207e+01 9.000000000000000000e+00 5.000000000000000000e+01
1.079900000000000126e+01 6.222451329231262207e+01 1.000000000000000000e+01 4.200000000000000000e+01
1.154099999999999859e+01 6.222451329231262207e+01 1.100000000000000000e+01 8.600000000000000000e+01
1.194699999999999918e+01 6.222451329231262207e+01 1.200000000000000000e+01 1.040000000000000000e+02
1.257699999999999996e+01 6.222451329231262207e+01 1.300000000000000000e+01 1.030000000000000000e+02
1.311100000000000065e+01 6.222451329231262207e+01 1.400000000000000000e+01 5.100000000000000000e+01
1.356400000000000183e+01 6.222451329231262207e+01 1.500000000000000000e+01 8.500000000000000000e+01
1.409800000000000075e+01 6.222451329231262207e+01 1.600000000000000000e+01 1.250000000000000000e+02
1.451100000000000279e+01 6.222451329231262207e+01 1.700000000000000000e+01 1.440000000000000000e+02
1.462500000000000355e+01 6.222451329231262207e+01 1.800000000000000000e+01 1.130000000000000000e+02
1.506300000000000416e+01 6.222451329231262207e+01 1.900000000000000000e+01 1.860000000000000000e+02
1.546700000000000408e+01 6.222451329231262207e+01 2.000000000000000000e+01 9.800000000000000000e+01
1.600600000000000733e+01 6.222451329231262207e+01 2.100000000000000000e+01 1.010000000000000000e+02
1.668500000000000583e+01 6.222451329231262207e+01 2.200000000000000000e+01 1.440000000000000000e+02
1.699400000000000688e+01 6.222451329231262207e+01 2.300000000000000000e+01 2.230000000000000000e+02
1.736600000000000676e+01 6.222451329231262207e+01 2.400000000000000000e+01 2.100000000000000000e+02
1.781500000000000483e+01 6.222451329231262207e+01 2.500000000000000000e+01 2.150000000000000000e+02
1.799100000000000321e+01 6.222451329231262207e+01 2.600000000000000000e+01 2.360000000000000000e+02
1.849699999999999989e+01 6.222451329231262207e+01 2.700000000000000000e+01 2.430000000000000000e+02
1.857600000000000051e+01 6.222451329231262207e+01 2.800000000000000000e+01 2.080000000000000000e+02
1.938600000000000279e+01 6.222451329231262207e+01 2.900000000000000000e+01 2.390000000000000000e+02
1.999600000000000577e+01 6.222451329231262207e+01 3.000000000000000000e+01 2.010000000000000000e+02
2.021200000000000685e+01 6.222451329231262207e+01 3.100000000000000000e+01 2.960000000000000000e+02
2.079500000000000881e+01 6.222451329231262207e+01 3.200000000000000000e+01 2.420000000000000000e+02
2.149900000000000233e+01 6.222451329231262207e+01 3.300000000000000000e+01 3.160000000000000000e+02
2.162900000000000134e+01 6.222451329231262207e+01 3.400000000000000000e+01 3.400000000000000000e+02
2.187899999999999778e+01 6.222451329231262207e+01 3.500000000000000000e+01 2.600000000000000000e+02
2.231199999999999761e+01 6.222451329231262207e+01 3.600000000000000000e+01 3.210000000000000000e+02
2.284200000000000230e+01 6.222451329231262207e+01 3.700000000000000000e+01 3.730000000000000000e+02
2.329800000000000182e+01 6.222451329231262207e+01 3.800000000000000000e+01 4.940000000000000000e+02
2.381999999999998963e+01 6.222451329231262207e+01 3.900000000000000000e+01 3.170000000000000000e+02
2.438399999999998613e+01 6.222451329231262207e+01 4.000000000000000000e+01 4.450000000000000000e+02
2.467799999999998306e+01 6.222451329231262207e+01 4.100000000000000000e+01 4.290000000000000000e+02
2.556399999999999295e+01 6.222451329231262207e+01 4.200000000000000000e+01 4.720000000000000000e+02
2.563899999999999935e+01 6.222451329231262207e+01 4.300000000000000000e+01 4.980000000000000000e+02
2.642199999999998639e+01 6.222451329231262207e+01 4.400000000000000000e+01 6.230000000000000000e+02
2.704799999999999471e+01 6.222451329231262207e+01 4.500000000000000000e+01 4.880000000000000000e+02
2.822300000000001674e+01 6.222451329231262207e+01 4.600000000000000000e+01 6.260000000000000000e+02
2.993699999999998695e+01 6.222451329231262207e+01 4.700000000000000000e+01 8.480000000000000000e+02
3.098500000000001364e+01 6.222451329231262207e+01 4.800000000000000000e+01 9.140000000000000000e+02
3.158100000000001373e+01 6.222451329231262207e+01 4.900000000000000000e+01 9.120000000000000000e+02
3.236600000000004229e+01 6.222451329231262207e+01 5.000000000000000000e+01 9.060000000000000000e+02
3.281300000000004502e+01 6.222451329231262207e+01 5.100000000000000000e+01 8.730000000000000000e+02
3.460400000000009868e+01 6.222451329231262207e+01 5.200000000000000000e+01 1.121000000000000000e+03
3.523500000000012022e+01 6.222451329231262207e+01 5.300000000000000000e+01 1.761000000000000000e+03
3.573100000000015797e+01 6.222451329231262207e+01 5.400000000000000000e+01 1.610000000000000000e+03
3.639900000000017855e+01 6.222451329231262207e+01 5.500000000000000000e+01 1.607000000000000000e+03
3.697500000000022169e+01 6.222451329231262207e+01 5.600000000000000000e+01 1.564000000000000000e+03
3.839800000000025904e+01 6.222451329231262207e+01 5.700000000000000000e+01 1.432000000000000000e+03
3.980500000000036209e+01 6.222451329231262207e+01 5.800000000000000000e+01 1.614000000000000000e+03
4.057300000000034146e+01 6.222451329231262207e+01 5.900000000000000000e+01 1.553000000000000000e+03
4.219800000000055462e+01 6.222451329231262207e+01 6.000000000000000000e+01 2.014000000000000000e+03
4.302900000000061453e+01 6.222451329231262207e+01 6.100000000000000000e+01 2.221000000000000000e+03
4.376100000000064938e+01 6.222451329231262207e+01 6.200000000000000000e+01 2.950000000000000000e+03
4.451500000000069690e+01 6.222451329231262207e+01 6.300000000000000000e+01 2.938000000000000000e+03
4.568800000000074135e+01 6.222451329231262207e+01 6.400000000000000000e+01 1.718000000000000000e+03
4.705800000000080274e+01 6.222451329231262207e+01 6.500000000000000000e+01 1.574000000000000000e+03
5.138600000000095491e+01 6.222451329231262207e+01 6.600000000000000000e+01 1.920000000000000000e+03
5.223100000000098220e+01 6.222451329231262207e+01 6.700000000000000000e+01 2.224000000000000000e+03
5.327200000000102875e+01 6.222451329231262207e+01 6.800000000000000000e+01 3.362000000000000000e+03
5.529300000000110771e+01 6.222451329231262207e+01 6.900000000000000000e+01 1.416000000000000000e+03
5.626000000000114198e+01 6.222451329231262207e+01 7.000000000000000000e+01 1.795000000000000000e+03
5.900800000000125323e+01 6.222451329231262207e+01 7.100000000000000000e+01 1.199000000000000000e+03
6.222400000000136799e+01 6.222451329231262207e+01 7.200000000000000000e+01 2.597000000000000000e+03
6.222451329231262207e+01 6.222451329231262207e+01 0.000000000000000000e+00 0.000000000000000000e+00
6.222451329231262207e+01 6.222451329231262207e+01 0.000000000000000000e+00 0.000000000000000000e+00
3.905999999999999694e+00 6.178408074378967285e+01 0.000000000000000000e+00 0.000000000000000000e+00
5.353000000000001535e+00 6.178408074378967285e+01 1.000000000000000000e+00 3.000000000000000000e+00
6.750000000000001776e+00 6.178408074378967285e+01 2.000000000000000000e+00 1.300000000000000000e+01
8.644000000000001904e+00 6.178408074378967285e+01 3.000000000000000000e+00 3.300000000000000000e+01
9.476000000000000867e+00 6.178408074378967285e+01 4.000000000000000000e+00 3.000000000000000000e+01
1.061200000000000365e+01 6.178408074378967285e+01 5.000000000000000000e+00 5.300000000000000000e+01
1.124400000000000333e+01 6.178408074378967285e+01 6.000000000000000000e+00 5.700000000000000000e+01
1.232000000000000561e+01 6.178408074378967285e+01 7.000000000000000000e+00 5.200000000000000000e+01
1.322000000000000419e+01 6.178408074378967285e+01 8.000000000000000000e+00 1.220000000000000000e+02
1.366000000000000369e+01 6.178408074378967285e+01 9.000000000000000000e+00 5.300000000000000000e+01
1.394500000000000384e+01 6.178408074378967285e+01 1.000000000000000000e+01 6.600000000000000000e+01
1.476900000000000368e+01 6.178408074378967285e+01 1.100000000000000000e+01 1.280000000000000000e+02
1.530800000000000338e+01 6.178408074378967285e+01 1.200000000000000000e+01 9.700000000000000000e+01
1.557100000000000328e+01 6.178408074378967285e+01 1.300000000000000000e+01 1.720000000000000000e+02
1.595300000000000296e+01 6.178408074378967285e+01 1.400000000000000000e+01 8.800000000000000000e+01
1.620200000000000173e+01 6.178408074378967285e+01 1.500000000000000000e+01 1.270000000000000000e+02
1.686300000000000310e+01 6.178408074378967285e+01 1.600000000000000000e+01 1.380000000000000000e+02
1.750199999999999889e+01 6.178408074378967285e+01 1.700000000000000000e+01 1.970000000000000000e+02
1.761699999999999733e+01 6.178408074378967285e+01 1.800000000000000000e+01 2.010000000000000000e+02
1.859700000000000131e+01 6.178408074378967285e+01 1.900000000000000000e+01 2.050000000000000000e+02
1.891600000000000392e+01 6.178408074378967285e+01 2.000000000000000000e+01 1.670000000000000000e+02
1.932600000000000406e+01 6.178408074378967285e+01 2.100000000000000000e+01 2.500000000000000000e+02
1.968500000000000583e+01 6.178408074378967285e+01 2.200000000000000000e+01 2.030000000000000000e+02
2.010900000000000176e+01 6.178408074378967285e+01 2.300000000000000000e+01 2.410000000000000000e+02
2.057499999999999929e+01 6.178408074378967285e+01 2.400000000000000000e+01 2.380000000000000000e+02
2.084599999999999653e+01 6.178408074378967285e+01 2.500000000000000000e+01 2.070000000000000000e+02
2.154099999999998971e+01 6.178408074378967285e+01 2.600000000000000000e+01 1.630000000000000000e+02
2.196099999999998431e+01 6.178408074378967285e+01 2.700000000000000000e+01 3.120000000000000000e+02
2.244099999999997763e+01 6.178408074378967285e+01 2.800000000000000000e+01 2.810000000000000000e+02
2.291599999999997550e+01 6.178408074378967285e+01 2.900000000000000000e+01 2.910000000000000000e+02
2.311899999999997846e+01 6.178408074378967285e+01 3.000000000000000000e+01 4.150000000000000000e+02
2.349399999999997846e+01 6.178408074378967285e+01 3.100000000000000000e+01 2.470000000000000000e+02
2.333699999999998198e+01 6.178408074378967285e+01 3.200000000000000000e+01 2.890000000000000000e+02
2.423899999999997945e+01 6.178408074378967285e+01 3.300000000000000000e+01 4.470000000000000000e+02
2.474899999999997746e+01 6.178408074378967285e+01 3.400000000000000000e+01 3.320000000000000000e+02
2.494699999999997431e+01 6.178408074378967285e+01 3.500000000000000000e+01 3.800000000000000000e+02
2.541099999999997650e+01 6.178408074378967285e+01 3.600000000000000000e+01 3.140000000000000000e+02
2.613899999999998514e+01 6.178408074378967285e+01 3.700000000000000000e+01 3.920000000000000000e+02
2.655599999999998317e+01 6.178408074378967285e+01 3.800000000000000000e+01 4.000000000000000000e+02
2.738499999999997314e+01 6.178408074378967285e+01 3.900000000000000000e+01 5.060000000000000000e+02
2.794299999999996587e+01 6.178408074378967285e+01 4.000000000000000000e+01 5.780000000000000000e+02
2.857599999999997209e+01 6.178408074378967285e+01 4.100000000000000000e+01 5.250000000000000000e+02
2.927199999999998425e+01 6.178408074378967285e+01 4.200000000000000000e+01 5.720000000000000000e+02
2.919099999999999184e+01 6.178408074378967285e+01 4.300000000000000000e+01 6.410000000000000000e+02
3.016699999999998383e+01 6.178408074378967285e+01 4.400000000000000000e+01 7.190000000000000000e+02
3.066899999999998627e+01 6.178408074378967285e+01 4.500000000000000000e+01 7.470000000000000000e+02
3.127699999999999392e+01 6.178408074378967285e+01 4.600000000000000000e+01 8.360000000000000000e+02
3.269099999999995276e+01 6.178408074378967285e+01 4.700000000000000000e+01 9.360000000000000000e+02
3.343299999999990746e+01 6.178408074378967285e+01 4.800000000000000000e+01 9.430000000000000000e+02
3.343299999999990746e+01 6.178408074378967285e+01 4.900000000000000000e+01 1.031000000000000000e+03
3.397599999999997067e+01 6.178408074378967285e+01 5.000000000000000000e+01 1.131000000000000000e+03
3.486799999999998079e+01 6.178408074378967285e+01 5.100000000000000000e+01 1.111000000000000000e+03
3.557500000000000995e+01 6.178408074378967285e+01 5.200000000000000000e+01 1.283000000000000000e+03
3.577600000000002467e+01 6.178408074378967285e+01 5.300000000000000000e+01 1.241000000000000000e+03
3.685100000000000620e+01 6.178408074378967285e+01 5.400000000000000000e+01 1.461000000000000000e+03
3.739300000000005042e+01 6.178408074378967285e+01 5.500000000000000000e+01 1.255000000000000000e+03
3.821300000000005781e+01 6.178408074378967285e+01 5.600000000000000000e+01 1.658000000000000000e+03
3.899100000000009203e+01 6.178408074378967285e+01 5.700000000000000000e+01 1.592000000000000000e+03
3.980300000000014649e+01 6.178408074378967285e+01 5.800000000000000000e+01 1.559000000000000000e+03
4.012600000000014688e+01 6.178408074378967285e+01 5.900000000000000000e+01 1.374000000000000000e+03
4.175700000000033896e+01 6.178408074378967285e+01 6.000000000000000000e+01 1.942000000000000000e+03
4.388200000000043133e+01 6.178408074378967285e+01 6.100000000000000000e+01 2.091000000000000000e+03
4.513300000000047874e+01 6.178408074378967285e+01 6.200000000000000000e+01 2.238000000000000000e+03
4.578900000000049886e+01 6.178408074378967285e+01 6.300000000000000000e+01 1.953000000000000000e+03
4.651300000000053103e+01 6.178408074378967285e+01 6.400000000000000000e+01 2.110000000000000000e+03
4.789400000000058810e+01 6.178408074378967285e+01 6.500000000000000000e+01 1.439000000000000000e+03
4.975600000000063972e+01 6.178408074378967285e+01 6.600000000000000000e+01 2.312000000000000000e+03
5.095200000000067320e+01 6.178408074378967285e+01 6.700000000000000000e+01 2.994000000000000000e+03
5.438800000000080104e+01 6.178408074378967285e+01 6.800000000000000000e+01 2.866000000000000000e+03
5.533100000000085572e+01 6.178408074378967285e+01 6.900000000000000000e+01 1.153000000000000000e+03
5.752000000000094104e+01 6.178408074378967285e+01 7.000000000000000000e+01 1.188000000000000000e+03
6.008400000000102636e+01 6.178408074378967285e+01 7.100000000000000000e+01 1.542000000000000000e+03
6.172300000000110032e+01 6.178408074378967285e+01 7.200000000000000000e+01 1.926000000000000000e+03
6.178408074378967285e+01 6.178408074378967285e+01 0.000000000000000000e+00 0.000000000000000000e+00
6.178408074378967285e+01 6.178408074378967285e+01 0.000000000000000000e+00 0.000000000000000000e+00
4.773999999999999133e+00 9.550380444526672363e+01 0.000000000000000000e+00 9.000000000000000000e+00
6.025999999999999801e+00 9.550380444526672363e+01 1.000000000000000000e+00 1.700000000000000000e+01
8.474000000000000199e+00 9.550380444526672363e+01 2.000000000000000000e+00 2.300000000000000000e+01
9.663000000000000256e+00 9.550380444526672363e+01 3.000000000000000000e+00 4.700000000000000000e+01
9.832000000000000739e+00 9.550380444526672363e+01 4.000000000000000000e+00 3.500000000000000000e+01
1.080400000000000205e+01 9.550380444526672363e+01 5.000000000000000000e+00 7.400000000000000000e+01
1.143700000000000117e+01 9.550380444526672363e+01 6.000000000000000000e+00 6.000000000000000000e+01
1.173000000000000220e+01 9.550380444526672363e+01 7.000000000000000000e+00 6.200000000000000000e+01
1.220400000000000240e+01 9.550380444526672363e+01 8.000000000000000000e+00 9.500000000000000000e+01
1.264300000000000246e+01 9.550380444526672363e+01 9.000000000000000000e+00 9.800000000000000000e+01
1.303100000000000236e+01 9.550380444526672363e+01 1.000000000000000000e+01 6.800000000000000000e+01
1.376200000000000401e+01 9.550380444526672363e+01 1.100000000000000000e+01 8.900000000000000000e+01
1.390000000000000391e+01 9.550380444526672363e+01 1.200000000000000000e+01 1.060000000000000000e+02
1.455300000000000438e+01 9.550380444526672363e+01 1.300000000000000000e+01 9.300000000000000000e+01
1.440000000000000391e+01 9.550380444526672363e+01 1.400000000000000000e+01 1.200000000000000000e+02
1.538000000000000256e+01 9.550380444526672363e+01 1.500000000000000000e+01 1.290000000000000000e+02
1.554200000000000337e+01 9.550380444526672363e+01 1.600000000000000000e+01 1.190000000000000000e+02
1.612200000000000699e+01 9.550380444526672363e+01 1.700000000000000000e+01 1.330000000000000000e+02
1.679500000000000171e+01 9.550380444526672363e+01 1.800000000000000000e+01 1.490000000000000000e+02
1.734200000000000585e+01 9.550380444526672363e+01 1.900000000000000000e+01 1.590000000000000000e+02
1.745000000000000639e+01 9.550380444526672363e+01 2.000000000000000000e+01 1.350000000000000000e+02
1.836800000000000566e+01 9.550380444526672363e+01 2.100000000000000000e+01 1.880000000000000000e+02
1.875300000000000367e+01 9.550380444526672363e+01 2.200000000000000000e+01 2.360000000000000000e+02
1.933900000000000574e+01 9.550380444526672363e+01 2.300000000000000000e+01 1.920000000000000000e+02
1.971200000000000685e+01 9.550380444526672363e+01 2.400000000000000000e+01 2.180000000000000000e+02
2.055000000000000782e+01 9.550380444526672363e+01 2.500000000000000000e+01 1.930000000000000000e+02
2.086200000000000543e+01 9.550380444526672363e+01 2.600000000000000000e+01 2.490000000000000000e+02
2.132899999999999707e+01 9.550380444526672363e+01 2.700000000000000000e+01 2.050000000000000000e+02
2.192299999999999471e+01 9.550380444526672363e+01 2.800000000000000000e+01 3.380000000000000000e+02
2.191799999999999571e+01 9.550380444526672363e+01 2.900000000000000000e+01 2.550000000000000000e+02
2.246100000000000207e+01 9.550380444526672363e+01 3.000000000000000000e+01 2.480000000000000000e+02
2.330700000000001637e+01 9.550380444526672363e+01 3.100000000000000000e+01 2.850000000000000000e+02
2.417300000000001248e+01 9.550380444526672363e+01 3.200000000000000000e+01 3.360000000000000000e+02
2.461700000000001154e+01 9.550380444526672363e+01 3.300000000000000000e+01 3.280000000000000000e+02
2.532000000000000028e+01 9.550380444526672363e+01 3.400000000000000000e+01 3.280000000000000000e+02
2.592200000000000060e+01 9.550380444526672363e+01 3.500000000000000000e+01 4.200000000000000000e+02
2.640200000000000102e+01 9.550380444526672363e+01 3.600000000000000000e+01 4.070000000000000000e+02
2.690700000000000713e+01 9.550380444526672363e+01 3.700000000000000000e+01 5.460000000000000000e+02
2.760400000000000631e+01 9.550380444526672363e+01 3.800000000000000000e+01 4.320000000000000000e+02
2.810899999999999466e+01 9.550380444526672363e+01 3.900000000000000000e+01 6.240000000000000000e+02
2.890299999999998448e+01 9.550380444526672363e+01 4.000000000000000000e+01 5.700000000000000000e+02
2.941099999999998360e+01 9.550380444526672363e+01 4.100000000000000000e+01 5.610000000000000000e+02
2.996699999999999164e+01 9.550380444526672363e+01 4.200000000000000000e+01 7.580000000000000000e+02
3.075600000000000378e+01 9.550380444526672363e+01 4.300000000000000000e+01 6.810000000000000000e+02
3.102599999999999980e+01 9.550380444526672363e+01 4.400000000000000000e+01 6.980000000000000000e+02
3.138400000000000034e+01 9.550380444526672363e+01 4.500000000000000000e+01 8.340000000000000000e+02
3.188100000000001444e+01 9.550380444526672363e+01 4.600000000000000000e+01 7.960000000000000000e+02
3.267099999999998516e+01 9.550380444526672363e+01 4.700000000000000000e+01 9.000000000000000000e+02
3.344799999999993645e+01 9.550380444526672363e+01 4.800000000000000000e+01 1.099000000000000000e+03
3.405999999999993832e+01 9.550380444526672363e+01 4.900000000000000000e+01 1.000000000000000000e+03
3.425399999999996226e+01 9.550380444526672363e+01 5.000000000000000000e+01 1.003000000000000000e+03
3.507999999999998408e+01 9.550380444526672363e+01 5.100000000000000000e+01 1.229000000000000000e+03
3.539400000000001256e+01 9.550380444526672363e+01 5.200000000000000000e+01 1.224000000000000000e+03
3.652100000000003632e+01 9.550380444526672363e+01 5.300000000000000000e+01 1.367000000000000000e+03
3.715600000000004144e+01 9.550380444526672363e+01 5.400000000000000000e+01 1.635000000000000000e+03
3.806400000000008532e+01 9.550380444526672363e+01 5.500000000000000000e+01 1.240000000000000000e+03
3.907500000000008811e+01 9.550380444526672363e+01 5.600000000000000000e+01 1.236000000000000000e+03
3.945700000000010021e+01 9.550380444526672363e+01 5.700000000000000000e+01 1.689000000000000000e+03
4.019200000000015649e+01 9.550380444526672363e+01 5.800000000000000000e+01 1.866000000000000000e+03
4.051300000000017576e+01 9.550380444526672363e+01 5.900000000000000000e+01 1.747000000000000000e+03
4.191300000000029513e+01 9.550380444526672363e+01 6.000000000000000000e+01 1.648000000000000000e+03
4.255300000000033123e+01 9.550380444526672363e+01 6.100000000000000000e+01 1.215000000000000000e+03
4.304900000000034765e+01 9.550380444526672363e+01 6.200000000000000000e+01 1.548000000000000000e+03
4.535200000000043730e+01 9.550380444526672363e+01 6.300000000000000000e+01 2.034000000000000000e+03
4.599700000000047595e+01 9.550380444526672363e+01 6.400000000000000000e+01 2.450000000000000000e+03
4.805300000000055149e+01 9.550380444526672363e+01 6.500000000000000000e+01 1.819000000000000000e+03
4.896400000000061681e+01 9.550380444526672363e+01 6.600000000000000000e+01 2.203000000000000000e+03
5.020600000000066387e+01 9.550380444526672363e+01 6.700000000000000000e+01 2.433000000000000000e+03
5.115100000000070679e+01 9.550380444526672363e+01 6.800000000000000000e+01 1.733000000000000000e+03
8.998900000000229227e+01 9.550380444526672363e+01 6.900000000000000000e+01 3.720000000000000000e+03
9.111900000000231614e+01 9.550380444526672363e+01 7.000000000000000000e+01 5.997000000000000000e+03
9.342500000000241300e+01 9.550380444526672363e+01 7.100000000000000000e+01 2.565000000000000000e+03
9.551200000000248735e+01 9.550380444526672363e+01 7.200000000000000000e+01 3.901000000000000000e+03
9.550380444526672363e+01 9.550380444526672363e+01 0.000000000000000000e+00 0.000000000000000000e+00
9.550380444526672363e+01 9.550380444526672363e+01 0.000000000000000000e+00 0.000000000000000000e+00
3.872999999999999776e+00 5.576008129119873047e+01 0.000000000000000000e+00 1.100000000000000000e+01
4.962000000000000632e+00 5.576008129119873047e+01 1.000000000000000000e+00 1.700000000000000000e+01
5.859000000000001762e+00 5.576008129119873047e+01 2.000000000000000000e+00 1.700000000000000000e+01
6.376000000000002110e+00 5.576008129119873047e+01 3.000000000000000000e+00 2.500000000000000000e+01
7.219000000000002082e+00 5.576008129119873047e+01 4.000000000000000000e+00 3.000000000000000000e+01
7.364000000000002544e+00 5.576008129119873047e+01 5.000000000000000000e+00 2.700000000000000000e+01
8.183000000000003382e+00 5.576008129119873047e+01 6.000000000000000000e+00 4.300000000000000000e+01
9.107000000000004647e+00 5.576008129119873047e+01 7.000000000000000000e+00 4.200000000000000000e+01
9.860000000000004761e+00 5.576008129119873047e+01 8.000000000000000000e+00 7.800000000000000000e+01
1.044700000000000628e+01 5.576008129119873047e+01 9.000000000000000000e+00 8.200000000000000000e+01
1.101900000000000546e+01 5.576008129119873047e+01 1.000000000000000000e+01 9.000000000000000000e+01
1.143400000000000460e+01 5.576008129119873047e+01 1.100000000000000000e+01 7.500000000000000000e+01
1.206700000000000195e+01 5.576008129119873047e+01 1.200000000000000000e+01 9.300000000000000000e+01
1.264400000000000546e+01 5.576008129119873047e+01 1.300000000000000000e+01 1.260000000000000000e+02
1.302800000000000580e+01 5.576008129119873047e+01 1.400000000000000000e+01 8.600000000000000000e+01
1.327700000000000458e+01 5.576008129119873047e+01 1.500000000000000000e+01 8.200000000000000000e+01
1.376000000000000156e+01 5.576008129119873047e+01 1.600000000000000000e+01 1.680000000000000000e+02
1.373399999999999999e+01 5.576008129119873047e+01 1.700000000000000000e+01 1.650000000000000000e+02
1.456000000000000050e+01 5.576008129119873047e+01 1.800000000000000000e+01 1.730000000000000000e+02
1.495100000000000051e+01 5.576008129119873047e+01 1.900000000000000000e+01 1.630000000000000000e+02
1.585299999999999976e+01 5.576008129119873047e+01 2.000000000000000000e+01 1.680000000000000000e+02
1.606200000000000117e+01 5.576008129119873047e+01 2.100000000000000000e+01 1.830000000000000000e+02
1.666100000000000492e+01 5.576008129119873047e+01 2.200000000000000000e+01 1.450000000000000000e+02
1.704900000000000659e+01 5.576008129119873047e+01 2.300000000000000000e+01 2.170000000000000000e+02
1.751600000000000890e+01 5.576008129119873047e+01 2.400000000000000000e+01 1.890000000000000000e+02
1.805800000000000693e+01 5.576008129119873047e+01 2.500000000000000000e+01 2.060000000000000000e+02
1.823400000000000531e+01 5.576008129119873047e+01 2.600000000000000000e+01 2.810000000000000000e+02
1.907500000000000284e+01 5.576008129119873047e+01 2.700000000000000000e+01 2.530000000000000000e+02
1.939999999999999858e+01 5.576008129119873047e+01 2.800000000000000000e+01 2.610000000000000000e+02
1.968900000000000361e+01 5.576008129119873047e+01 2.900000000000000000e+01 2.690000000000000000e+02
2.024300000000000210e+01 5.576008129119873047e+01 3.000000000000000000e+01 2.530000000000000000e+02
2.096600000000000108e+01 5.576008129119873047e+01 3.100000000000000000e+01 3.680000000000000000e+02
2.140099999999999980e+01 5.576008129119873047e+01 3.200000000000000000e+01 2.490000000000000000e+02
2.161899999999999267e+01 5.576008129119873047e+01 3.300000000000000000e+01 3.640000000000000000e+02
2.217199999999999349e+01 5.576008129119873047e+01 3.400000000000000000e+01 4.460000000000000000e+02
2.278399999999999181e+01 5.576008129119873047e+01 3.500000000000000000e+01 4.460000000000000000e+02
2.273299999999998988e+01 5.576008129119873047e+01 3.600000000000000000e+01 3.450000000000000000e+02
2.381399999999998585e+01 5.576008129119873047e+01 3.700000000000000000e+01 3.990000000000000000e+02
2.427999999999998337e+01 5.576008129119873047e+01 3.800000000000000000e+01 4.690000000000000000e+02
2.476999999999997470e+01 5.576008129119873047e+01 3.900000000000000000e+01 4.500000000000000000e+02
2.545499999999996632e+01 5.576008129119873047e+01 4.000000000000000000e+01 5.210000000000000000e+02
2.601899999999996638e+01 5.576008129119873047e+01 4.100000000000000000e+01 5.290000000000000000e+02
2.651599999999997337e+01 5.576008129119873047e+01 4.200000000000000000e+01 5.340000000000000000e+02
2.689899999999998315e+01 5.576008129119873047e+01 4.300000000000000000e+01 6.210000000000000000e+02
2.751699999999997814e+01 5.576008129119873047e+01 4.400000000000000000e+01 6.780000000000000000e+02
2.774899999999998101e+01 5.576008129119873047e+01 4.500000000000000000e+01 5.880000000000000000e+02
2.843599999999999284e+01 5.576008129119873047e+01 4.600000000000000000e+01 5.260000000000000000e+02
2.884999999999998721e+01 5.576008129119873047e+01 4.700000000000000000e+01 7.070000000000000000e+02
2.948800000000000310e+01 5.576008129119873047e+01 4.800000000000000000e+01 8.160000000000000000e+02
3.001699999999998880e+01 5.576008129119873047e+01 4.900000000000000000e+01 8.380000000000000000e+02
3.086499999999998778e+01 5.576008129119873047e+01 5.000000000000000000e+01 7.390000000000000000e+02
3.158499999999999375e+01 5.576008129119873047e+01 5.100000000000000000e+01 7.350000000000000000e+02
3.233399999999999608e+01 5.576008129119873047e+01 5.200000000000000000e+01 9.760000000000000000e+02
3.266200000000001324e+01 5.576008129119873047e+01 5.300000000000000000e+01 1.127000000000000000e+03
3.368200000000006611e+01 5.576008129119873047e+01 5.400000000000000000e+01 9.270000000000000000e+02
3.469500000000010687e+01 5.576008129119873047e+01 5.500000000000000000e+01 1.610000000000000000e+03
3.525200000000011613e+01 5.576008129119873047e+01 5.600000000000000000e+01 1.441000000000000000e+03
3.606000000000015859e+01 5.576008129119873047e+01 5.700000000000000000e+01 9.790000000000000000e+02
3.647400000000018849e+01 5.576008129119873047e+01 5.800000000000000000e+01 1.621000000000000000e+03
3.734700000000019315e+01 5.576008129119873047e+01 5.900000000000000000e+01 1.592000000000000000e+03
3.811800000000030764e+01 5.576008129119873047e+01 6.000000000000000000e+01 1.563000000000000000e+03
3.968600000000036943e+01 5.576008129119873047e+01 6.100000000000000000e+01 1.324000000000000000e+03
4.030700000000040006e+01 5.576008129119873047e+01 6.200000000000000000e+01 1.532000000000000000e+03
4.086800000000042132e+01 5.576008129119873047e+01 6.300000000000000000e+01 1.745000000000000000e+03
4.167800000000045912e+01 5.576008129119873047e+01 6.400000000000000000e+01 2.390000000000000000e+03
4.295300000000052165e+01 5.576008129119873047e+01 6.500000000000000000e+01 2.621000000000000000e+03
4.414400000000058100e+01 5.576008129119873047e+01 6.600000000000000000e+01 1.808000000000000000e+03
4.572600000000067411e+01 5.576008129119873047e+01 6.700000000000000000e+01 1.198000000000000000e+03
4.645600000000069940e+01 5.576008129119873047e+01 6.800000000000000000e+01 1.207000000000000000e+03
4.778800000000076409e+01 5.576008129119873047e+01 6.900000000000000000e+01 2.111000000000000000e+03
4.880800000000080274e+01 5.576008129119873047e+01 7.000000000000000000e+01 1.383000000000000000e+03
5.241800000000094428e+01 5.576008129119873047e+01 7.100000000000000000e+01 1.111000000000000000e+03
5.563600000000106149e+01 5.576008129119873047e+01 7.200000000000000000e+01 1.324000000000000000e+03
5.576008129119873047e+01 5.576008129119873047e+01 0.000000000000000000e+00 0.000000000000000000e+00
5.576008129119873047e+01 5.576008129119873047e+01 0.000000000000000000e+00 0.000000000000000000e+00
