4.744000000000000661e+00 4.529465031623840332e+01 0.000000000000000000e+00 4.000000000000000000e+00
0.000000000000000000e+00 4.529465031623840332e+01 1.000000000000000000e+00 0.000000000000000000e+00
5.753999999999999559e+00 4.529465031623840332e+01 2.000000000000000000e+00 2.000000000000000000e+00
6.682000000000000384e+00 4.529465031623840332e+01 3.000000000000000000e+00 5.000000000000000000e+00
7.637000000000000455e+00 4.529465031623840332e+01 4.000000000000000000e+00 5.000000000000000000e+00
8.340000000000001634e+00 4.529465031623840332e+01 5.000000000000000000e+00 1.000000000000000000e+01
8.957000000000002515e+00 4.529465031623840332e+01 6.000000000000000000e+00 1.200000000000000000e+01
9.129000000000003112e+00 4.529465031623840332e+01 7.000000000000000000e+00 1.300000000000000000e+01
9.610000000000001208e+00 4.529465031623840332e+01 8.000000000000000000e+00 1.300000000000000000e+01
9.770000000000001350e+00 4.529465031623840332e+01 9.000000000000000000e+00 1.500000000000000000e+01
1.065000000000000036e+01 4.529465031623840332e+01 1.000000000000000000e+01 1.100000000000000000e+01
1.079600000000000115e+01 4.529465031623840332e+01 1.100000000000000000e+01 1.200000000000000000e+01
1.144300000000000139e+01 4.529465031623840332e+01 1.200000000000000000e+01 7.000000000000000000e+00
1.144300000000000139e+01 4.529465031623840332e+01 1.300000000000000000e+01 2.900000000000000000e+01
1.190600000000000058e+01 4.529465031623840332e+01 1.400000000000000000e+01 2.100000000000000000e+01
1.208399999999999963e+01 4.529465031623840332e+01 1.500000000000000000e+01 1.700000000000000000e+01
1.268300000000000161e+01 4.529465031623840332e+01 1.600000000000000000e+01 5.700000000000000000e+01
1.336800000000000210e+01 4.529465031623840332e+01 1.700000000000000000e+01 1.100000000000000000e+01
1.364000000000000234e+01 4.529465031623840332e+01 1.800000000000000000e+01 4.900000000000000000e+01
1.389100000000000357e+01 4.529465031623840332e+01 1.900000000000000000e+01 2.500000000000000000e+01
1.412200000000000344e+01 4.529465031623840332e+01 2.000000000000000000e+01 7.500000000000000000e+01
1.435500000000000398e+01 4.529465031623840332e+01 2.100000000000000000e+01 3.500000000000000000e+01
1.489200000000000301e+01 4.529465031623840332e+01 2.200000000000000000e+01 8.000000000000000000e+01
1.486600000000000321e+01 4.529465031623840332e+01 2.300000000000000000e+01 7.600000000000000000e+01
1.538700000000000401e+01 4.529465031623840332e+01 2.400000000000000000e+01 6.100000000000000000e+01
1.550600000000000378e+01 4.529465031623840332e+01 2.500000000000000000e+01 5.500000000000000000e+01
1.561700000000000266e+01 4.529465031623840332e+01 2.600000000000000000e+01 8.600000000000000000e+01
1.628800000000000026e+01 4.529465031623840332e+01 2.700000000000000000e+01 6.400000000000000000e+01
1.658400000000000318e+01 4.529465031623840332e+01 2.800000000000000000e+01 1.470000000000000000e+02
1.710200000000000387e+01 4.529465031623840332e+01 2.900000000000000000e+01 1.230000000000000000e+02
1.779200000000000159e+01 4.529465031623840332e+01 3.000000000000000000e+01 1.090000000000000000e+02
0.000000000000000000e+00 4.529465031623840332e+01 3.100000000000000000e+01 1.410000000000000000e+02
1.812199999999999989e+01 4.529465031623840332e+01 3.200000000000000000e+01 1.090000000000000000e+02
1.826000000000000156e+01 4.529465031623840332e+01 3.300000000000000000e+01 9.800000000000000000e+01
1.898400000000000176e+01 4.529465031623840332e+01 3.400000000000000000e+01 1.650000000000000000e+02
1.938500000000000512e+01 4.529465031623840332e+01 3.500000000000000000e+01 1.430000000000000000e+02
1.984900000000000730e+01 4.529465031623840332e+01 3.600000000000000000e+01 1.820000000000000000e+02
2.005300000000000793e+01 4.529465031623840332e+01 3.700000000000000000e+01 1.510000000000000000e+02
1.982300000000000040e+01 4.529465031623840332e+01 3.800000000000000000e+01 1.890000000000000000e+02
2.058199999999999719e+01 4.529465031623840332e+01 3.900000000000000000e+01 2.510000000000000000e+02
2.087999999999999901e+01 4.529465031623840332e+01 4.000000000000000000e+01 2.380000000000000000e+02
2.196299999999998320e+01 4.529465031623840332e+01 4.100000000000000000e+01 1.940000000000000000e+02
2.257699999999999463e+01 4.529465031623840332e+01 4.200000000000000000e+01 2.710000000000000000e+02
2.325900000000000034e+01 4.529465031623840332e+01 4.300000000000000000e+01 2.950000000000000000e+02
2.324500000000000455e+01 4.529465031623840332e+01 4.400000000000000000e+01 2.790000000000000000e+02
2.395400000000000773e+01 4.529465031623840332e+01 4.500000000000000000e+01 2.890000000000000000e+02
0.000000000000000000e+00 4.529465031623840332e+01 4.600000000000000000e+01 3.220000000000000000e+02
2.446500000000000696e+01 4.529465031623840332e+01 4.700000000000000000e+01 2.990000000000000000e+02
2.488400000000001100e+01 4.529465031623840332e+01 4.800000000000000000e+01 2.920000000000000000e+02
2.514100000000000890e+01 4.529465031623840332e+01 4.900000000000000000e+01 3.080000000000000000e+02
2.517100000000001003e+01 4.529465031623840332e+01 5.000000000000000000e+01 2.990000000000000000e+02
2.578700000000000614e+01 4.529465031623840332e+01 5.100000000000000000e+01 4.100000000000000000e+02
2.656000000000000227e+01 4.529465031623840332e+01 5.200000000000000000e+01 4.740000000000000000e+02
2.709699999999999420e+01 4.529465031623840332e+01 5.300000000000000000e+01 2.650000000000000000e+02
2.729799999999999827e+01 4.529465031623840332e+01 5.400000000000000000e+01 2.810000000000000000e+02
2.822199999999999420e+01 4.529465031623840332e+01 5.500000000000000000e+01 5.800000000000000000e+02
2.817499999999998650e+01 4.529465031623840332e+01 5.600000000000000000e+01 3.720000000000000000e+02
2.897299999999998121e+01 4.529465031623840332e+01 5.700000000000000000e+01 4.920000000000000000e+02
3.039099999999998047e+01 4.529465031623840332e+01 5.800000000000000000e+01 1.640000000000000000e+02
3.043599999999998218e+01 4.529465031623840332e+01 5.900000000000000000e+01 3.200000000000000000e+02
3.100999999999998735e+01 4.529465031623840332e+01 6.000000000000000000e+01 3.480000000000000000e+02
3.184499999999998820e+01 4.529465031623840332e+01 6.100000000000000000e+01 4.560000000000000000e+02
3.223899999999996879e+01 4.529465031623840332e+01 6.200000000000000000e+01 6.380000000000000000e+02
3.351700000000000301e+01 4.529465031623840332e+01 6.300000000000000000e+01 5.370000000000000000e+02
3.362700000000000955e+01 4.529465031623840332e+01 6.400000000000000000e+01 7.500000000000000000e+01
3.491700000000010107e+01 4.529465031623840332e+01 6.500000000000000000e+01 4.980000000000000000e+02
3.573600000000010368e+01 4.529465031623840332e+01 6.600000000000000000e+01 3.080000000000000000e+02
3.617900000000011573e+01 4.529465031623840332e+01 6.700000000000000000e+01 3.650000000000000000e+02
3.698500000000011312e+01 4.529465031623840332e+01 6.800000000000000000e+01 2.320000000000000000e+02
3.834600000000017417e+01 4.529465031623840332e+01 6.900000000000000000e+01 2.420000000000000000e+02
3.867900000000019389e+01 4.529465031623840332e+01 7.000000000000000000e+01 2.310000000000000000e+02
4.045700000000024943e+01 4.529465031623840332e+01 7.100000000000000000e+01 2.830000000000000000e+02
4.110400000000026921e+01 4.529465031623840332e+01 7.200000000000000000e+01 2.430000000000000000e+02
4.346700000000036113e+01 4.529465031623840332e+01 7.300000000000000000e+01 2.750000000000000000e+02
4.533100000000042229e+01 4.529465031623840332e+01 7.400000000000000000e+01 4.510000000000000000e+02
4.449999999999999289e+00 4.731614875793457031e+01 0.000000000000000000e+00 0.000000000000000000e+00
5.343999999999999417e+00 4.731614875793457031e+01 1.000000000000000000e+00 0.000000000000000000e+00
6.564999999999998614e+00 4.731614875793457031e+01 2.000000000000000000e+00 6.000000000000000000e+00
7.129999999999999005e+00 4.731614875793457031e+01 3.000000000000000000e+00 1.100000000000000000e+01
7.660999999999999588e+00 4.731614875793457031e+01 4.000000000000000000e+00 3.000000000000000000e+00
7.978999999999999204e+00 4.731614875793457031e+01 5.000000000000000000e+00 7.000000000000000000e+00
8.814000000000000057e+00 4.731614875793457031e+01 6.000000000000000000e+00 3.000000000000000000e+00
9.351000000000000867e+00 4.731614875793457031e+01 7.000000000000000000e+00 1.500000000000000000e+01
1.008499999999999908e+01 4.731614875793457031e+01 8.000000000000000000e+00 7.000000000000000000e+00
1.004099999999999859e+01 4.731614875793457031e+01 9.000000000000000000e+00 9.000000000000000000e+00
1.132299999999999862e+01 4.731614875793457031e+01 1.000000000000000000e+01 1.100000000000000000e+01
1.132299999999999862e+01 4.731614875793457031e+01 1.100000000000000000e+01 1.300000000000000000e+01
1.182099999999999973e+01 4.731614875793457031e+01 1.200000000000000000e+01 2.700000000000000000e+01
1.245200000000000173e+01 4.731614875793457031e+01 1.300000000000000000e+01 1.900000000000000000e+01
1.245200000000000173e+01 4.731614875793457031e+01 1.400000000000000000e+01 9.000000000000000000e+00
1.311600000000000144e+01 4.731614875793457031e+01 1.500000000000000000e+01 8.000000000000000000e+00
0.000000000000000000e+00 4.731614875793457031e+01 1.600000000000000000e+01 2.900000000000000000e+01
1.371000000000000263e+01 4.731614875793457031e+01 1.700000000000000000e+01 3.500000000000000000e+01
1.403400000000000247e+01 4.731614875793457031e+01 1.800000000000000000e+01 2.300000000000000000e+01
1.408800000000000274e+01 4.731614875793457031e+01 1.900000000000000000e+01 2.600000000000000000e+01
1.449300000000000210e+01 4.731614875793457031e+01 2.000000000000000000e+01 4.100000000000000000e+01
1.427400000000000269e+01 4.731614875793457031e+01 2.100000000000000000e+01 2.100000000000000000e+01
1.487500000000000178e+01 4.731614875793457031e+01 2.200000000000000000e+01 3.300000000000000000e+01
1.495700000000000074e+01 4.731614875793457031e+01 2.300000000000000000e+01 2.700000000000000000e+01
1.570300000000000118e+01 4.731614875793457031e+01 2.400000000000000000e+01 5.300000000000000000e+01
1.635099999999999909e+01 4.731614875793457031e+01 2.500000000000000000e+01 4.300000000000000000e+01
1.630600000000000094e+01 4.731614875793457031e+01 2.600000000000000000e+01 4.300000000000000000e+01
0.000000000000000000e+00 4.731614875793457031e+01 2.700000000000000000e+01 4.000000000000000000e+01
1.703699999999999903e+01 4.731614875793457031e+01 2.800000000000000000e+01 4.900000000000000000e+01
1.746199999999999974e+01 4.731614875793457031e+01 2.900000000000000000e+01 6.300000000000000000e+01
1.758399999999999963e+01 4.731614875793457031e+01 3.000000000000000000e+01 5.000000000000000000e+01
1.782300000000000040e+01 4.731614875793457031e+01 3.100000000000000000e+01 4.700000000000000000e+01
1.832499999999999929e+01 4.731614875793457031e+01 3.200000000000000000e+01 6.400000000000000000e+01
1.843299999999999983e+01 4.731614875793457031e+01 3.300000000000000000e+01 6.300000000000000000e+01
1.813799999999999812e+01 4.731614875793457031e+01 3.400000000000000000e+01 1.250000000000000000e+02
1.924600000000000222e+01 4.731614875793457031e+01 3.500000000000000000e+01 9.900000000000000000e+01
1.934900000000000375e+01 4.731614875793457031e+01 3.600000000000000000e+01 7.600000000000000000e+01
1.941600000000000392e+01 4.731614875793457031e+01 3.700000000000000000e+01 1.150000000000000000e+02
1.997900000000000276e+01 4.731614875793457031e+01 3.800000000000000000e+01 6.800000000000000000e+01
1.976500000000000057e+01 4.731614875793457031e+01 3.900000000000000000e+01 1.150000000000000000e+02
2.067699999999999960e+01 4.731614875793457031e+01 4.000000000000000000e+01 1.590000000000000000e+02
2.101600000000000179e+01 4.731614875793457031e+01 4.100000000000000000e+01 1.090000000000000000e+02
2.136200000000000188e+01 4.731614875793457031e+01 4.200000000000000000e+01 8.200000000000000000e+01
2.141199999999999548e+01 4.731614875793457031e+01 4.300000000000000000e+01 9.000000000000000000e+01
2.191199999999999903e+01 4.731614875793457031e+01 4.400000000000000000e+01 1.050000000000000000e+02
2.226200000000000045e+01 4.731614875793457031e+01 4.500000000000000000e+01 1.620000000000000000e+02
2.253900000000000148e+01 4.731614875793457031e+01 4.600000000000000000e+01 1.140000000000000000e+02
2.308199999999999719e+01 4.731614875793457031e+01 4.700000000000000000e+01 1.530000000000000000e+02
2.335699999999999577e+01 4.731614875793457031e+01 4.800000000000000000e+01 8.100000000000000000e+01
2.344299999999999429e+01 4.731614875793457031e+01 4.900000000000000000e+01 1.380000000000000000e+02
2.403799999999999315e+01 4.731614875793457031e+01 5.000000000000000000e+01 2.020000000000000000e+02
2.484700000000000841e+01 4.731614875793457031e+01 5.100000000000000000e+01 2.190000000000000000e+02
2.440900000000000958e+01 4.731614875793457031e+01 5.200000000000000000e+01 2.050000000000000000e+02
2.543700000000001182e+01 4.731614875793457031e+01 5.300000000000000000e+01 1.690000000000000000e+02
2.562900000000000844e+01 4.731614875793457031e+01 5.400000000000000000e+01 2.150000000000000000e+02
2.670400000000001128e+01 4.731614875793457031e+01 5.500000000000000000e+01 1.410000000000000000e+02
2.694200000000001793e+01 4.731614875793457031e+01 5.600000000000000000e+01 2.440000000000000000e+02
2.723500000000001720e+01 4.731614875793457031e+01 5.700000000000000000e+01 2.720000000000000000e+02
2.810300000000001930e+01 4.731614875793457031e+01 5.800000000000000000e+01 3.160000000000000000e+02
2.818200000000001992e+01 4.731614875793457031e+01 5.900000000000000000e+01 2.710000000000000000e+02
2.944299999999999784e+01 4.731614875793457031e+01 6.000000000000000000e+01 2.530000000000000000e+02
2.992499999999999005e+01 4.731614875793457031e+01 6.100000000000000000e+01 2.440000000000000000e+02
3.058399999999995700e+01 4.731614875793457031e+01 6.200000000000000000e+01 3.900000000000000000e+02
3.103499999999994685e+01 4.731614875793457031e+01 6.300000000000000000e+01 2.800000000000000000e+02
3.142599999999990956e+01 4.731614875793457031e+01 6.400000000000000000e+01 4.000000000000000000e+02
3.215799999999992309e+01 4.731614875793457031e+01 6.500000000000000000e+01 2.020000000000000000e+02
3.354600000000002069e+01 4.731614875793457031e+01 6.600000000000000000e+01 2.110000000000000000e+02
3.432600000000002183e+01 4.731614875793457031e+01 6.700000000000000000e+01 3.260000000000000000e+02
3.528400000000007708e+01 4.731614875793457031e+01 6.800000000000000000e+01 2.160000000000000000e+02
3.554100000000006787e+01 4.731614875793457031e+01 6.900000000000000000e+01 4.120000000000000000e+02
3.800400000000019674e+01 4.731614875793457031e+01 7.000000000000000000e+01 4.160000000000000000e+02
3.908300000000022578e+01 4.731614875793457031e+01 7.100000000000000000e+01 2.440000000000000000e+02
4.093700000000026051e+01 4.731614875793457031e+01 7.200000000000000000e+01 1.890000000000000000e+02
4.535600000000045640e+01 4.731614875793457031e+01 7.300000000000000000e+01 6.410000000000000000e+02
4.736500000000054200e+01 4.731614875793457031e+01 7.400000000000000000e+01 6.340000000000000000e+02
4.864999999999999325e+00 4.595412349700927734e+01 0.000000000000000000e+00 0.000000000000000000e+00
5.170999999999999375e+00 4.595412349700927734e+01 1.000000000000000000e+00 1.000000000000000000e+00
6.176000000000000156e+00 4.595412349700927734e+01 2.000000000000000000e+00 5.000000000000000000e+00
6.504999999999999893e+00 4.595412349700927734e+01 3.000000000000000000e+00 1.000000000000000000e+00
7.216000000000000192e+00 4.595412349700927734e+01 4.000000000000000000e+00 5.000000000000000000e+00
7.797000000000000597e+00 4.595412349700927734e+01 5.000000000000000000e+00 8.000000000000000000e+00
8.422000000000000597e+00 4.595412349700927734e+01 6.000000000000000000e+00 3.000000000000000000e+00
9.467000000000000526e+00 4.595412349700927734e+01 7.000000000000000000e+00 0.000000000000000000e+00
9.717000000000000526e+00 4.595412349700927734e+01 8.000000000000000000e+00 1.000000000000000000e+01
1.045199999999999996e+01 4.595412349700927734e+01 9.000000000000000000e+00 2.400000000000000000e+01
1.094500000000000028e+01 4.595412349700927734e+01 1.000000000000000000e+01 1.800000000000000000e+01
1.144299999999999962e+01 4.595412349700927734e+01 1.100000000000000000e+01 2.700000000000000000e+01
1.170599999999999952e+01 4.595412349700927734e+01 1.200000000000000000e+01 1.400000000000000000e+01
1.219599999999999795e+01 4.595412349700927734e+01 1.300000000000000000e+01 2.200000000000000000e+01
1.219599999999999795e+01 4.595412349700927734e+01 1.400000000000000000e+01 1.600000000000000000e+01
1.216399999999999970e+01 4.595412349700927734e+01 1.500000000000000000e+01 1.300000000000000000e+01
1.300299999999999834e+01 4.595412349700927734e+01 1.600000000000000000e+01 2.000000000000000000e+01
1.223599999999999710e+01 4.595412349700927734e+01 1.700000000000000000e+01 3.000000000000000000e+01
1.364999999999999680e+01 4.595412349700927734e+01 1.800000000000000000e+01 3.500000000000000000e+01
1.391799999999999748e+01 4.595412349700927734e+01 1.900000000000000000e+01 2.700000000000000000e+01
1.367599999999999660e+01 4.595412349700927734e+01 2.000000000000000000e+01 2.900000000000000000e+01
1.402699999999999747e+01 4.595412349700927734e+01 2.100000000000000000e+01 2.800000000000000000e+01
1.421699999999999875e+01 4.595412349700927734e+01 2.200000000000000000e+01 4.700000000000000000e+01
1.445899999999999608e+01 4.595412349700927734e+01 2.300000000000000000e+01 2.000000000000000000e+01
1.559199999999999875e+01 4.595412349700927734e+01 2.400000000000000000e+01 6.500000000000000000e+01
1.552599999999999802e+01 4.595412349700927734e+01 2.500000000000000000e+01 3.300000000000000000e+01
1.624499999999999744e+01 4.595412349700927734e+01 2.600000000000000000e+01 5.400000000000000000e+01
1.640399999999999636e+01 4.595412349700927734e+01 2.700000000000000000e+01 5.900000000000000000e+01
1.653699999999999548e+01 4.595412349700927734e+01 2.800000000000000000e+01 4.200000000000000000e+01
0.000000000000000000e+00 4.595412349700927734e+01 2.900000000000000000e+01 4.800000000000000000e+01
1.676399999999999224e+01 4.595412349700927734e+01 3.000000000000000000e+01 5.200000000000000000e+01
1.777699999999999037e+01 4.595412349700927734e+01 3.100000000000000000e+01 5.100000000000000000e+01
1.746599999999999397e+01 4.595412349700927734e+01 3.200000000000000000e+01 6.700000000000000000e+01
1.790299999999999159e+01 4.595412349700927734e+01 3.300000000000000000e+01 6.700000000000000000e+01
0.000000000000000000e+00 4.595412349700927734e+01 3.400000000000000000e+01 8.800000000000000000e+01
1.872599999999999199e+01 4.595412349700927734e+01 3.500000000000000000e+01 1.090000000000000000e+02
1.872599999999999199e+01 4.595412349700927734e+01 3.600000000000000000e+01 9.300000000000000000e+01
1.874799999999999400e+01 4.595412349700927734e+01 3.700000000000000000e+01 6.500000000000000000e+01
1.902899999999999281e+01 4.595412349700927734e+01 3.800000000000000000e+01 8.600000000000000000e+01
1.956199999999999406e+01 4.595412349700927734e+01 3.900000000000000000e+01 1.090000000000000000e+02
2.006499999999999062e+01 4.595412349700927734e+01 4.000000000000000000e+01 9.600000000000000000e+01
2.033999999999999275e+01 4.595412349700927734e+01 4.100000000000000000e+01 1.010000000000000000e+02
2.090399999999998926e+01 4.595412349700927734e+01 4.200000000000000000e+01 1.300000000000000000e+02
2.097799999999999088e+01 4.595412349700927734e+01 4.300000000000000000e+01 9.500000000000000000e+01
2.136299999999999599e+01 4.595412349700927734e+01 4.400000000000000000e+01 1.620000000000000000e+02
2.192899999999999494e+01 4.595412349700927734e+01 4.500000000000000000e+01 1.400000000000000000e+02
0.000000000000000000e+00 4.595412349700927734e+01 4.600000000000000000e+01 9.000000000000000000e+01
2.274799999999999045e+01 4.595412349700927734e+01 4.700000000000000000e+01 1.520000000000000000e+02
2.272399999999999309e+01 4.595412349700927734e+01 4.800000000000000000e+01 1.760000000000000000e+02
2.346099999999999497e+01 4.595412349700927734e+01 4.900000000000000000e+01 1.580000000000000000e+02
2.395499999999999829e+01 4.595412349700927734e+01 5.000000000000000000e+01 1.590000000000000000e+02
2.441200000000000259e+01 4.595412349700927734e+01 5.100000000000000000e+01 1.220000000000000000e+02
2.452600000000000335e+01 4.595412349700927734e+01 5.200000000000000000e+01 2.040000000000000000e+02
2.529200000000000514e+01 4.595412349700927734e+01 5.300000000000000000e+01 2.190000000000000000e+02
2.507800000000000651e+01 4.595412349700927734e+01 5.400000000000000000e+01 1.600000000000000000e+02
2.601000000000000512e+01 4.595412349700927734e+01 5.500000000000000000e+01 2.980000000000000000e+02
2.680500000000001037e+01 4.595412349700927734e+01 5.600000000000000000e+01 2.170000000000000000e+02
2.742200000000000060e+01 4.595412349700927734e+01 5.700000000000000000e+01 2.330000000000000000e+02
2.779300000000000281e+01 4.595412349700927734e+01 5.800000000000000000e+01 3.070000000000000000e+02
2.812700000000001310e+01 4.595412349700927734e+01 5.900000000000000000e+01 3.420000000000000000e+02
2.935399999999999210e+01 4.595412349700927734e+01 6.000000000000000000e+01 2.810000000000000000e+02
3.040699999999999292e+01 4.595412349700927734e+01 6.100000000000000000e+01 3.270000000000000000e+02
3.116799999999996729e+01 4.595412349700927734e+01 6.200000000000000000e+01 4.150000000000000000e+02
3.179299999999995663e+01 4.595412349700927734e+01 6.300000000000000000e+01 2.730000000000000000e+02
3.311499999999991672e+01 4.595412349700927734e+01 6.400000000000000000e+01 5.400000000000000000e+02
0.000000000000000000e+00 4.595412349700927734e+01 6.500000000000000000e+01 2.730000000000000000e+02
3.373999999999993804e+01 4.595412349700927734e+01 6.600000000000000000e+01 4.310000000000000000e+02
0.000000000000000000e+00 4.595412349700927734e+01 6.700000000000000000e+01 1.500000000000000000e+02
3.541099999999998005e+01 4.595412349700927734e+01 6.800000000000000000e+01 1.490000000000000000e+02
3.696700000000004849e+01 4.595412349700927734e+01 6.900000000000000000e+01 5.030000000000000000e+02
3.851700000000010249e+01 4.595412349700927734e+01 7.000000000000000000e+01 4.770000000000000000e+02
4.091500000000019810e+01 4.595412349700927734e+01 7.100000000000000000e+01 3.380000000000000000e+02
4.315600000000027592e+01 4.595412349700927734e+01 7.200000000000000000e+01 3.530000000000000000e+02
4.409200000000029718e+01 4.595412349700927734e+01 7.300000000000000000e+01 4.890000000000000000e+02
4.592600000000037141e+01 4.595412349700927734e+01 7.400000000000000000e+01 5.850000000000000000e+02
5.451999999999999957e+00 4.529947304725646973e+01 0.000000000000000000e+00 6.000000000000000000e+00
6.174000000000000377e+00 4.529947304725646973e+01 1.000000000000000000e+00 4.000000000000000000e+00
7.376999999999999780e+00 4.529947304725646973e+01 2.000000000000000000e+00 3.000000000000000000e+00
7.711999999999999744e+00 4.529947304725646973e+01 3.000000000000000000e+00 5.000000000000000000e+00
7.711999999999999744e+00 4.529947304725646973e+01 4.000000000000000000e+00 3.000000000000000000e+00
8.288000000000000256e+00 4.529947304725646973e+01 5.000000000000000000e+00 2.000000000000000000e+01
8.835000000000000853e+00 4.529947304725646973e+01 6.000000000000000000e+00 6.000000000000000000e+00
1.024300000000000210e+01 4.529947304725646973e+01 7.000000000000000000e+00 2.700000000000000000e+01
1.052500000000000213e+01 4.529947304725646973e+01 8.000000000000000000e+00 1.900000000000000000e+01
1.052500000000000213e+01 4.529947304725646973e+01 9.000000000000000000e+00 1.200000000000000000e+01
1.129400000000000226e+01 4.529947304725646973e+01 1.000000000000000000e+01 1.600000000000000000e+01
1.129400000000000226e+01 4.529947304725646973e+01 1.100000000000000000e+01 1.700000000000000000e+01
1.153200000000000180e+01 4.529947304725646973e+01 1.200000000000000000e+01 1.500000000000000000e+01
1.176200000000000223e+01 4.529947304725646973e+01 1.300000000000000000e+01 8.000000000000000000e+00
1.193800000000000239e+01 4.529947304725646973e+01 1.400000000000000000e+01 1.900000000000000000e+01
1.263800000000000168e+01 4.529947304725646973e+01 1.500000000000000000e+01 2.500000000000000000e+01
1.283200000000000252e+01 4.529947304725646973e+01 1.600000000000000000e+01 8.000000000000000000e+00
1.345000000000000107e+01 4.529947304725646973e+01 1.700000000000000000e+01 2.900000000000000000e+01
1.364300000000000068e+01 4.529947304725646973e+01 1.800000000000000000e+01 2.200000000000000000e+01
1.345999999999999908e+01 4.529947304725646973e+01 1.900000000000000000e+01 2.500000000000000000e+01
1.442199999999999882e+01 4.529947304725646973e+01 2.000000000000000000e+01 2.700000000000000000e+01
1.492199999999999882e+01 4.529947304725646973e+01 2.100000000000000000e+01 3.200000000000000000e+01
1.508999999999999808e+01 4.529947304725646973e+01 2.200000000000000000e+01 2.200000000000000000e+01
1.548199999999999932e+01 4.529947304725646973e+01 2.300000000000000000e+01 5.000000000000000000e+01
1.563799999999999990e+01 4.529947304725646973e+01 2.400000000000000000e+01 3.500000000000000000e+01
1.536800000000000033e+01 4.529947304725646973e+01 2.500000000000000000e+01 7.900000000000000000e+01
1.536200000000000010e+01 4.529947304725646973e+01 2.600000000000000000e+01 4.800000000000000000e+01
1.610099999999999909e+01 4.529947304725646973e+01 2.700000000000000000e+01 4.300000000000000000e+01
1.654899999999999949e+01 4.529947304725646973e+01 2.800000000000000000e+01 6.700000000000000000e+01
1.682299999999999685e+01 4.529947304725646973e+01 2.900000000000000000e+01 7.100000000000000000e+01
1.693499999999999517e+01 4.529947304725646973e+01 3.000000000000000000e+01 3.100000000000000000e+01
1.682799999999999585e+01 4.529947304725646973e+01 3.100000000000000000e+01 5.600000000000000000e+01
1.779899999999999949e+01 4.529947304725646973e+01 3.200000000000000000e+01 5.600000000000000000e+01
1.850999999999999801e+01 4.529947304725646973e+01 3.300000000000000000e+01 9.600000000000000000e+01
1.851200000000000045e+01 4.529947304725646973e+01 3.400000000000000000e+01 7.200000000000000000e+01
1.878500000000000014e+01 4.529947304725646973e+01 3.500000000000000000e+01 1.130000000000000000e+02
1.959599999999999653e+01 4.529947304725646973e+01 3.600000000000000000e+01 5.600000000000000000e+01
1.943499999999999872e+01 4.529947304725646973e+01 3.700000000000000000e+01 9.000000000000000000e+01
2.042299999999999116e+01 4.529947304725646973e+01 3.800000000000000000e+01 1.100000000000000000e+02
2.065899999999998826e+01 4.529947304725646973e+01 3.900000000000000000e+01 1.110000000000000000e+02
0.000000000000000000e+00 4.529947304725646973e+01 4.000000000000000000e+01 1.220000000000000000e+02
2.107799999999998875e+01 4.529947304725646973e+01 4.100000000000000000e+01 9.900000000000000000e+01
2.126499999999998991e+01 4.529947304725646973e+01 4.200000000000000000e+01 1.530000000000000000e+02
2.164599999999998658e+01 4.529947304725646973e+01 4.300000000000000000e+01 1.650000000000000000e+02
2.244399999999998485e+01 4.529947304725646973e+01 4.400000000000000000e+01 1.420000000000000000e+02
0.000000000000000000e+00 4.529947304725646973e+01 4.500000000000000000e+01 1.950000000000000000e+02
2.325199999999998468e+01 4.529947304725646973e+01 4.600000000000000000e+01 1.150000000000000000e+02
0.000000000000000000e+00 4.529947304725646973e+01 4.700000000000000000e+01 1.420000000000000000e+02
2.402499999999998082e+01 4.529947304725646973e+01 4.800000000000000000e+01 1.340000000000000000e+02
2.407699999999998042e+01 4.529947304725646973e+01 4.900000000000000000e+01 1.710000000000000000e+02
2.423099999999998033e+01 4.529947304725646973e+01 5.000000000000000000e+01 2.400000000000000000e+02
2.518699999999999406e+01 4.529947304725646973e+01 5.100000000000000000e+01 2.770000000000000000e+02
2.594199999999998596e+01 4.529947304725646973e+01 5.200000000000000000e+01 1.540000000000000000e+02
2.605899999999998684e+01 4.529947304725646973e+01 5.300000000000000000e+01 2.350000000000000000e+02
2.609599999999998587e+01 4.529947304725646973e+01 5.400000000000000000e+01 1.220000000000000000e+02
2.614999999999998792e+01 4.529947304725646973e+01 5.500000000000000000e+01 2.750000000000000000e+02
2.723099999999998744e+01 4.529947304725646973e+01 5.600000000000000000e+01 3.160000000000000000e+02
2.771099999999998786e+01 4.529947304725646973e+01 5.700000000000000000e+01 2.960000000000000000e+02
2.824899999999998457e+01 4.529947304725646973e+01 5.800000000000000000e+01 2.390000000000000000e+02
2.892699999999998894e+01 4.529947304725646973e+01 5.900000000000000000e+01 1.270000000000000000e+02
2.947099999999998587e+01 4.529947304725646973e+01 6.000000000000000000e+01 4.640000000000000000e+02
3.060399999999998499e+01 4.529947304725646973e+01 6.100000000000000000e+01 6.900000000000000000e+01
0.000000000000000000e+00 4.529947304725646973e+01 6.200000000000000000e+01 4.320000000000000000e+02
3.047199999999996578e+01 4.529947304725646973e+01 6.300000000000000000e+01 2.480000000000000000e+02
3.212099999999992406e+01 4.529947304725646973e+01 6.400000000000000000e+01 4.210000000000000000e+02
3.215899999999994208e+01 4.529947304725646973e+01 6.500000000000000000e+01 6.600000000000000000e+01
3.354200000000000159e+01 4.529947304725646973e+01 6.600000000000000000e+01 2.520000000000000000e+02
3.511400000000002564e+01 4.529947304725646973e+01 6.700000000000000000e+01 1.700000000000000000e+02
3.586600000000004940e+01 4.529947304725646973e+01 6.800000000000000000e+01 3.070000000000000000e+02
3.755900000000016092e+01 4.529947304725646973e+01 6.900000000000000000e+01 2.760000000000000000e+02
3.771200000000016672e+01 4.529947304725646973e+01 7.000000000000000000e+01 3.890000000000000000e+02
3.985000000000025722e+01 4.529947304725646973e+01 7.100000000000000000e+01 1.750000000000000000e+02
4.147800000000031417e+01 4.529947304725646973e+01 7.200000000000000000e+01 4.890000000000000000e+02
4.313300000000035794e+01 4.529947304725646973e+01 7.300000000000000000e+01 3.860000000000000000e+02
4.531300000000040029e+01 4.529947304725646973e+01 7.400000000000000000e+01 4.120000000000000000e+02
4.126999999999999780e+00 4.729885482788085938e+01 0.000000000000000000e+00 0.000000000000000000e+00
4.823000000000000398e+00 4.729885482788085938e+01 1.000000000000000000e+00 0.000000000000000000e+00
5.806000000000000050e+00 4.729885482788085938e+01 2.000000000000000000e+00 0.000000000000000000e+00
7.031000000000000583e+00 4.729885482788085938e+01 3.000000000000000000e+00 5.000000000000000000e+00
7.907000000000000917e+00 4.729885482788085938e+01 4.000000000000000000e+00 2.000000000000000000e+00
7.898000000000000576e+00 4.729885482788085938e+01 5.000000000000000000e+00 1.700000000000000000e+01
8.805000000000001492e+00 4.729885482788085938e+01 6.000000000000000000e+00 1.000000000000000000e+01
9.102999999999999758e+00 4.729885482788085938e+01 7.000000000000000000e+00 1.000000000000000000e+00
9.916999999999999815e+00 4.729885482788085938e+01 8.000000000000000000e+00 8.000000000000000000e+00
1.015899999999999892e+01 4.729885482788085938e+01 9.000000000000000000e+00 8.000000000000000000e+00
1.039099999999999824e+01 4.729885482788085938e+01 1.000000000000000000e+01 2.200000000000000000e+01
1.088599999999999746e+01 4.729885482788085938e+01 1.100000000000000000e+01 2.700000000000000000e+01
1.181199999999999584e+01 4.729885482788085938e+01 1.200000000000000000e+01 2.100000000000000000e+01
1.204099999999999504e+01 4.729885482788085938e+01 1.300000000000000000e+01 1.900000000000000000e+01
1.204099999999999504e+01 4.729885482788085938e+01 1.400000000000000000e+01 2.400000000000000000e+01
1.222699999999999498e+01 4.729885482788085938e+01 1.500000000000000000e+01 2.000000000000000000e+01
1.266099999999999426e+01 4.729885482788085938e+01 1.600000000000000000e+01 2.400000000000000000e+01
1.289899999999999380e+01 4.729885482788085938e+01 1.700000000000000000e+01 1.800000000000000000e+01
1.329899999999999416e+01 4.729885482788085938e+01 1.800000000000000000e+01 4.200000000000000000e+01
1.391199999999999370e+01 4.729885482788085938e+01 1.900000000000000000e+01 1.800000000000000000e+01
1.410599999999999454e+01 4.729885482788085938e+01 2.000000000000000000e+01 3.500000000000000000e+01
1.410599999999999454e+01 4.729885482788085938e+01 2.100000000000000000e+01 1.900000000000000000e+01
1.467099999999999405e+01 4.729885482788085938e+01 2.200000000000000000e+01 2.600000000000000000e+01
1.518199999999999328e+01 4.729885482788085938e+01 2.300000000000000000e+01 3.600000000000000000e+01
1.535399999999999388e+01 4.729885482788085938e+01 2.400000000000000000e+01 3.200000000000000000e+01
1.596399999999999331e+01 4.729885482788085938e+01 2.500000000000000000e+01 4.800000000000000000e+01
1.614999999999999503e+01 4.729885482788085938e+01 2.600000000000000000e+01 7.100000000000000000e+01
1.614999999999999503e+01 4.729885482788085938e+01 2.700000000000000000e+01 5.600000000000000000e+01
1.641299999999999315e+01 4.729885482788085938e+01 2.800000000000000000e+01 4.100000000000000000e+01
1.692899999999999139e+01 4.729885482788085938e+01 2.900000000000000000e+01 4.700000000000000000e+01
1.705699999999999150e+01 4.729885482788085938e+01 3.000000000000000000e+01 6.200000000000000000e+01
1.743199999999998795e+01 4.729885482788085938e+01 3.100000000000000000e+01 6.800000000000000000e+01
1.813299999999998491e+01 4.729885482788085938e+01 3.200000000000000000e+01 7.400000000000000000e+01
1.806699999999998241e+01 4.729885482788085938e+01 3.300000000000000000e+01 5.500000000000000000e+01
1.834199999999998809e+01 4.729885482788085938e+01 3.400000000000000000e+01 6.400000000000000000e+01
1.857099999999998730e+01 4.729885482788085938e+01 3.500000000000000000e+01 8.000000000000000000e+01
1.887699999999999179e+01 4.729885482788085938e+01 3.600000000000000000e+01 8.500000000000000000e+01
1.916699999999999093e+01 4.729885482788085938e+01 3.700000000000000000e+01 9.800000000000000000e+01
1.932499999999998863e+01 4.729885482788085938e+01 3.800000000000000000e+01 1.480000000000000000e+02
1.944499999999998963e+01 4.729885482788085938e+01 3.900000000000000000e+01 9.300000000000000000e+01
2.014299999999999002e+01 4.729885482788085938e+01 4.000000000000000000e+01 1.050000000000000000e+02
2.095199999999998397e+01 4.729885482788085938e+01 4.100000000000000000e+01 1.020000000000000000e+02
2.102499999999998792e+01 4.729885482788085938e+01 4.200000000000000000e+01 9.700000000000000000e+01
2.163599999999998147e+01 4.729885482788085938e+01 4.300000000000000000e+01 1.140000000000000000e+02
2.240899999999998471e+01 4.729885482788085938e+01 4.400000000000000000e+01 1.720000000000000000e+02
2.338099999999998246e+01 4.729885482788085938e+01 4.500000000000000000e+01 1.700000000000000000e+02
0.000000000000000000e+00 4.729885482788085938e+01 4.600000000000000000e+01 1.390000000000000000e+02
2.388299999999998136e+01 4.729885482788085938e+01 4.700000000000000000e+01 2.370000000000000000e+02
2.377999999999997982e+01 4.729885482788085938e+01 4.800000000000000000e+01 1.320000000000000000e+02
2.466499999999997783e+01 4.729885482788085938e+01 4.900000000000000000e+01 2.410000000000000000e+02
2.460099999999998133e+01 4.729885482788085938e+01 5.000000000000000000e+01 2.950000000000000000e+02
2.605199999999998539e+01 4.729885482788085938e+01 5.100000000000000000e+01 1.670000000000000000e+02
2.590199999999998681e+01 4.729885482788085938e+01 5.200000000000000000e+01 2.430000000000000000e+02
2.597899999999998855e+01 4.729885482788085938e+01 5.300000000000000000e+01 2.080000000000000000e+02
2.688099999999998957e+01 4.729885482788085938e+01 5.400000000000000000e+01 2.620000000000000000e+02
2.735899999999999821e+01 4.729885482788085938e+01 5.500000000000000000e+01 2.630000000000000000e+02
2.913799999999999457e+01 4.729885482788085938e+01 5.600000000000000000e+01 4.280000000000000000e+02
2.913799999999999102e+01 4.729885482788085938e+01 5.700000000000000000e+01 2.530000000000000000e+02
2.927399999999999025e+01 4.729885482788085938e+01 5.800000000000000000e+01 3.150000000000000000e+02
3.019299999999998363e+01 4.729885482788085938e+01 5.900000000000000000e+01 3.310000000000000000e+02
3.085899999999995558e+01 4.729885482788085938e+01 6.000000000000000000e+01 4.690000000000000000e+02
3.111399999999995103e+01 4.729885482788085938e+01 6.100000000000000000e+01 4.040000000000000000e+02
3.198499999999992482e+01 4.729885482788085938e+01 6.200000000000000000e+01 2.730000000000000000e+02
3.245199999999996265e+01 4.729885482788085938e+01 6.300000000000000000e+01 4.060000000000000000e+02
3.334999999999993037e+01 4.729885482788085938e+01 6.400000000000000000e+01 2.890000000000000000e+02
3.366999999999995907e+01 4.729885482788085938e+01 6.500000000000000000e+01 3.880000000000000000e+02
3.545700000000005048e+01 4.729885482788085938e+01 6.600000000000000000e+01 1.510000000000000000e+02
3.752600000000012415e+01 4.729885482788085938e+01 6.700000000000000000e+01 4.400000000000000000e+02
3.760100000000011278e+01 4.729885482788085938e+01 6.800000000000000000e+01 4.580000000000000000e+02
4.135200000000033782e+01 4.729885482788085938e+01 6.900000000000000000e+01 6.190000000000000000e+02
4.203100000000036118e+01 4.729885482788085938e+01 7.000000000000000000e+01 5.780000000000000000e+02
4.532600000000047658e+01 4.729885482788085938e+01 7.100000000000000000e+01 5.750000000000000000e+02
4.541700000000047766e+01 4.729885482788085938e+01 7.200000000000000000e+01 3.440000000000000000e+02
4.672900000000046106e+01 4.729885482788085938e+01 7.300000000000000000e+01 5.380000000000000000e+02
4.747600000000050358e+01 4.729885482788085938e+01 7.400000000000000000e+01 5.740000000000000000e+02
3.963999999999999524e+00 4.696463274955749512e+01 0.000000000000000000e+00 0.000000000000000000e+00
5.022999999999999687e+00 4.696463274955749512e+01 1.000000000000000000e+00 0.000000000000000000e+00
6.285000000000000142e+00 4.696463274955749512e+01 2.000000000000000000e+00 3.000000000000000000e+00
6.891000000000000014e+00 4.696463274955749512e+01 3.000000000000000000e+00 1.000000000000000000e+00
7.192000000000000171e+00 4.696463274955749512e+01 4.000000000000000000e+00 6.000000000000000000e+00
7.808000000000000718e+00 4.696463274955749512e+01 5.000000000000000000e+00 1.100000000000000000e+01
9.001999999999998892e+00 4.696463274955749512e+01 6.000000000000000000e+00 5.000000000000000000e+00
9.001999999999998892e+00 4.696463274955749512e+01 7.000000000000000000e+00 2.000000000000000000e+00
9.783999999999998920e+00 4.696463274955749512e+01 8.000000000000000000e+00 1.400000000000000000e+01
9.783999999999998920e+00 4.696463274955749512e+01 9.000000000000000000e+00 1.200000000000000000e+01
1.026799999999999891e+01 4.696463274955749512e+01 1.000000000000000000e+01 1.900000000000000000e+01
9.950999999999998735e+00 4.696463274955749512e+01 1.100000000000000000e+01 1.200000000000000000e+01
1.120400000000000063e+01 4.696463274955749512e+01 1.200000000000000000e+01 2.300000000000000000e+01
1.143700000000000117e+01 4.696463274955749512e+01 1.300000000000000000e+01 1.500000000000000000e+01
1.189200000000000124e+01 4.696463274955749512e+01 1.400000000000000000e+01 2.200000000000000000e+01
1.229700000000000060e+01 4.696463274955749512e+01 1.500000000000000000e+01 2.700000000000000000e+01
1.251299999999999990e+01 4.696463274955749512e+01 1.600000000000000000e+01 1.700000000000000000e+01
1.272499999999999964e+01 4.696463274955749512e+01 1.700000000000000000e+01 2.500000000000000000e+01
1.272499999999999964e+01 4.696463274955749512e+01 1.800000000000000000e+01 2.900000000000000000e+01
1.350300000000000189e+01 4.696463274955749512e+01 1.900000000000000000e+01 2.200000000000000000e+01
1.368200000000000216e+01 4.696463274955749512e+01 2.000000000000000000e+01 2.800000000000000000e+01
1.368200000000000216e+01 4.696463274955749512e+01 2.100000000000000000e+01 3.500000000000000000e+01
1.418700000000000117e+01 4.696463274955749512e+01 2.200000000000000000e+01 4.200000000000000000e+01
1.436700000000000088e+01 4.696463274955749512e+01 2.300000000000000000e+01 3.300000000000000000e+01
1.433700000000000507e+01 4.696463274955749512e+01 2.400000000000000000e+01 2.200000000000000000e+01
1.497900000000000098e+01 4.696463274955749512e+01 2.500000000000000000e+01 5.500000000000000000e+01
1.519100000000000072e+01 4.696463274955749512e+01 2.600000000000000000e+01 4.400000000000000000e+01
1.554599999999999937e+01 4.696463274955749512e+01 2.700000000000000000e+01 3.100000000000000000e+01
1.585200000000000031e+01 4.696463274955749512e+01 2.800000000000000000e+01 5.700000000000000000e+01
1.612400000000000233e+01 4.696463274955749512e+01 2.900000000000000000e+01 4.300000000000000000e+01
1.639200000000000301e+01 4.696463274955749512e+01 3.000000000000000000e+01 5.000000000000000000e+01
1.672300000000000253e+01 4.696463274955749512e+01 3.100000000000000000e+01 4.600000000000000000e+01
1.709700000000000131e+01 4.696463274955749512e+01 3.200000000000000000e+01 2.900000000000000000e+01
1.746800000000000352e+01 4.696463274955749512e+01 3.300000000000000000e+01 7.800000000000000000e+01
1.697200000000000486e+01 4.696463274955749512e+01 3.400000000000000000e+01 7.000000000000000000e+01
1.796400000000000574e+01 4.696463274955749512e+01 3.500000000000000000e+01 7.000000000000000000e+01
1.866600000000000392e+01 4.696463274955749512e+01 3.600000000000000000e+01 8.400000000000000000e+01
1.894000000000000483e+01 4.696463274955749512e+01 3.700000000000000000e+01 6.300000000000000000e+01
1.919399999999999906e+01 4.696463274955749512e+01 3.800000000000000000e+01 6.900000000000000000e+01
2.004899999999999949e+01 4.696463274955749512e+01 3.900000000000000000e+01 1.040000000000000000e+02
0.000000000000000000e+00 4.696463274955749512e+01 4.000000000000000000e+01 5.800000000000000000e+01
2.050799999999999912e+01 4.696463274955749512e+01 4.100000000000000000e+01 1.140000000000000000e+02
2.084100000000000108e+01 4.696463274955749512e+01 4.200000000000000000e+01 9.000000000000000000e+01
2.155099999999999838e+01 4.696463274955749512e+01 4.300000000000000000e+01 1.350000000000000000e+02
2.216999999999999460e+01 4.696463274955749512e+01 4.400000000000000000e+01 1.690000000000000000e+02
2.255199999999999960e+01 4.696463274955749512e+01 4.500000000000000000e+01 1.600000000000000000e+02
2.298900000000000077e+01 4.696463274955749512e+01 4.600000000000000000e+01 1.230000000000000000e+02
2.287800000000000011e+01 4.696463274955749512e+01 4.700000000000000000e+01 1.500000000000000000e+02
2.323199999999999577e+01 4.696463274955749512e+01 4.800000000000000000e+01 2.210000000000000000e+02
2.406799999999998363e+01 4.696463274955749512e+01 4.900000000000000000e+01 2.010000000000000000e+02
2.416899999999998627e+01 4.696463274955749512e+01 5.000000000000000000e+01 2.370000000000000000e+02
2.499099999999998900e+01 4.696463274955749512e+01 5.100000000000000000e+01 1.970000000000000000e+02
2.573699999999999477e+01 4.696463274955749512e+01 5.200000000000000000e+01 2.750000000000000000e+02
2.568599999999999284e+01 4.696463274955749512e+01 5.300000000000000000e+01 2.590000000000000000e+02
0.000000000000000000e+00 4.696463274955749512e+01 5.400000000000000000e+01 3.070000000000000000e+02
2.713400000000000034e+01 4.696463274955749512e+01 5.500000000000000000e+01 2.690000000000000000e+02
2.805900000000000816e+01 4.696463274955749512e+01 5.600000000000000000e+01 2.730000000000000000e+02
2.828100000000000236e+01 4.696463274955749512e+01 5.700000000000000000e+01 2.780000000000000000e+02
2.858500000000000085e+01 4.696463274955749512e+01 5.800000000000000000e+01 3.510000000000000000e+02
2.899799999999999756e+01 4.696463274955749512e+01 5.900000000000000000e+01 2.870000000000000000e+02
2.904799999999999827e+01 4.696463274955749512e+01 6.000000000000000000e+01 2.150000000000000000e+02
2.982399999999999451e+01 4.696463274955749512e+01 6.100000000000000000e+01 2.950000000000000000e+02
3.077799999999995961e+01 4.696463274955749512e+01 6.200000000000000000e+01 3.810000000000000000e+02
3.131199999999996209e+01 4.696463274955749512e+01 6.300000000000000000e+01 1.680000000000000000e+02
3.229499999999991644e+01 4.696463274955749512e+01 6.400000000000000000e+01 3.140000000000000000e+02
3.249099999999995703e+01 4.696463274955749512e+01 6.500000000000000000e+01 3.400000000000000000e+02
3.299099999999998545e+01 4.696463274955749512e+01 6.600000000000000000e+01 9.900000000000000000e+01
3.374399999999997135e+01 4.696463274955749512e+01 6.700000000000000000e+01 3.580000000000000000e+02
3.449800000000001177e+01 4.696463274955749512e+01 6.800000000000000000e+01 1.150000000000000000e+02
3.746400000000025443e+01 4.696463274955749512e+01 6.900000000000000000e+01 4.310000000000000000e+02
0.000000000000000000e+00 4.696463274955749512e+01 7.000000000000000000e+01 1.270000000000000000e+02
3.921600000000032082e+01 4.696463274955749512e+01 7.100000000000000000e+01 1.480000000000000000e+02
4.117500000000039506e+01 4.696463274955749512e+01 7.200000000000000000e+01 3.160000000000000000e+02
4.497100000000052233e+01 4.696463274955749512e+01 7.300000000000000000e+01 6.930000000000000000e+02
4.677700000000059077e+01 4.696463274955749512e+01 7.400000000000000000e+01 5.440000000000000000e+02
3.827999999999999847e+00 5.106474876403808594e+01 0.000000000000000000e+00 0.000000000000000000e+00
5.165000000000000036e+00 5.106474876403808594e+01 1.000000000000000000e+00 0.000000000000000000e+00
6.424999999999999822e+00 5.106474876403808594e+01 2.000000000000000000e+00 3.000000000000000000e+00
6.745999999999999552e+00 5.106474876403808594e+01 3.000000000000000000e+00 5.000000000000000000e+00
7.418999999999999595e+00 5.106474876403808594e+01 4.000000000000000000e+00 5.000000000000000000e+00
7.709999999999999964e+00 5.106474876403808594e+01 5.000000000000000000e+00 6.000000000000000000e+00
9.137999999999999901e+00 5.106474876403808594e+01 6.000000000000000000e+00 6.000000000000000000e+00
9.674999999999998934e+00 5.106474876403808594e+01 7.000000000000000000e+00 2.000000000000000000e+01
9.946999999999999176e+00 5.106474876403808594e+01 8.000000000000000000e+00 1.200000000000000000e+01
1.020399999999999885e+01 5.106474876403808594e+01 9.000000000000000000e+00 1.600000000000000000e+01
1.047199999999999953e+01 5.106474876403808594e+01 1.000000000000000000e+01 7.000000000000000000e+00
1.117800000000000082e+01 5.106474876403808594e+01 1.100000000000000000e+01 1.100000000000000000e+01
1.116799999999999926e+01 5.106474876403808594e+01 1.200000000000000000e+01 2.100000000000000000e+01
1.139599999999999902e+01 5.106474876403808594e+01 1.300000000000000000e+01 2.500000000000000000e+01
1.166399999999999970e+01 5.106474876403808594e+01 1.400000000000000000e+01 2.700000000000000000e+01
1.231400000000000006e+01 5.106474876403808594e+01 1.500000000000000000e+01 2.300000000000000000e+01
1.291800000000000104e+01 5.106474876403808594e+01 1.600000000000000000e+01 1.800000000000000000e+01
0.000000000000000000e+00 5.106474876403808594e+01 1.700000000000000000e+01 2.200000000000000000e+01
1.338200000000000145e+01 5.106474876403808594e+01 1.800000000000000000e+01 2.700000000000000000e+01
1.412800000000000189e+01 5.106474876403808594e+01 1.900000000000000000e+01 3.200000000000000000e+01
1.452600000000000158e+01 5.106474876403808594e+01 2.000000000000000000e+01 5.100000000000000000e+01
1.425800000000000090e+01 5.106474876403808594e+01 2.100000000000000000e+01 2.600000000000000000e+01
1.489900000000000091e+01 5.106474876403808594e+01 2.200000000000000000e+01 3.400000000000000000e+01
1.508000000000000007e+01 5.106474876403808594e+01 2.300000000000000000e+01 4.300000000000000000e+01
1.471800000000000175e+01 5.106474876403808594e+01 2.400000000000000000e+01 4.600000000000000000e+01
1.566399999999999793e+01 5.106474876403808594e+01 2.500000000000000000e+01 4.600000000000000000e+01
1.605099999999999838e+01 5.106474876403808594e+01 2.600000000000000000e+01 4.800000000000000000e+01
1.626399999999999935e+01 5.106474876403808594e+01 2.700000000000000000e+01 5.800000000000000000e+01
1.647900000000000276e+01 5.106474876403808594e+01 2.800000000000000000e+01 4.600000000000000000e+01
1.688400000000000034e+01 5.106474876403808594e+01 2.900000000000000000e+01 3.900000000000000000e+01
1.735699999999999577e+01 5.106474876403808594e+01 3.000000000000000000e+01 1.030000000000000000e+02
1.780799999999999628e+01 5.106474876403808594e+01 3.100000000000000000e+01 5.700000000000000000e+01
1.811199999999999477e+01 5.106474876403808594e+01 3.200000000000000000e+01 1.220000000000000000e+02
1.835999999999999588e+01 5.106474876403808594e+01 3.300000000000000000e+01 6.400000000000000000e+01
1.888799999999999457e+01 5.106474876403808594e+01 3.400000000000000000e+01 8.100000000000000000e+01
1.942699999999999605e+01 5.106474876403808594e+01 3.500000000000000000e+01 6.600000000000000000e+01
1.954799999999999471e+01 5.106474876403808594e+01 3.600000000000000000e+01 7.200000000000000000e+01
1.979099999999999682e+01 5.106474876403808594e+01 3.700000000000000000e+01 6.600000000000000000e+01
1.955999999999999872e+01 5.106474876403808594e+01 3.800000000000000000e+01 1.030000000000000000e+02
2.039199999999999946e+01 5.106474876403808594e+01 3.900000000000000000e+01 1.140000000000000000e+02
2.025799999999999557e+01 5.106474876403808594e+01 4.000000000000000000e+01 1.090000000000000000e+02
2.107799999999999230e+01 5.106474876403808594e+01 4.100000000000000000e+01 1.100000000000000000e+02
2.141499999999999204e+01 5.106474876403808594e+01 4.200000000000000000e+01 1.230000000000000000e+02
2.157199999999999562e+01 5.106474876403808594e+01 4.300000000000000000e+01 1.620000000000000000e+02
2.198599999999999355e+01 5.106474876403808594e+01 4.400000000000000000e+01 1.710000000000000000e+02
2.214599999999999369e+01 5.106474876403808594e+01 4.500000000000000000e+01 1.270000000000000000e+02
2.325799999999999557e+01 5.106474876403808594e+01 4.600000000000000000e+01 2.080000000000000000e+02
2.372499999999999432e+01 5.106474876403808594e+01 4.700000000000000000e+01 1.400000000000000000e+02
2.373999999999999488e+01 5.106474876403808594e+01 4.800000000000000000e+01 1.930000000000000000e+02
2.451699999999998525e+01 5.106474876403808594e+01 4.900000000000000000e+01 1.420000000000000000e+02
2.458299999999998775e+01 5.106474876403808594e+01 5.000000000000000000e+01 1.030000000000000000e+02
2.529699999999998994e+01 5.106474876403808594e+01 5.100000000000000000e+01 1.710000000000000000e+02
2.536199999999999477e+01 5.106474876403808594e+01 5.200000000000000000e+01 2.450000000000000000e+02
2.647899999999999565e+01 5.106474876403808594e+01 5.300000000000000000e+01 2.640000000000000000e+02
2.715199999999999037e+01 5.106474876403808594e+01 5.400000000000000000e+01 3.660000000000000000e+02
2.762999999999999190e+01 5.106474876403808594e+01 5.500000000000000000e+01 2.890000000000000000e+02
2.769399999999999196e+01 5.106474876403808594e+01 5.600000000000000000e+01 2.290000000000000000e+02
2.885499999999996845e+01 5.106474876403808594e+01 5.700000000000000000e+01 3.170000000000000000e+02
0.000000000000000000e+00 5.106474876403808594e+01 5.800000000000000000e+01 2.590000000000000000e+02
2.916699999999996606e+01 5.106474876403808594e+01 5.900000000000000000e+01 2.410000000000000000e+02
2.998799999999995336e+01 5.106474876403808594e+01 6.000000000000000000e+01 3.400000000000000000e+02
3.065599999999994907e+01 5.106474876403808594e+01 6.100000000000000000e+01 1.250000000000000000e+02
3.095299999999993901e+01 5.106474876403808594e+01 6.200000000000000000e+01 2.300000000000000000e+02
3.177599999999991454e+01 5.106474876403808594e+01 6.300000000000000000e+01 3.770000000000000000e+02
3.220999999999992269e+01 5.106474876403808594e+01 6.400000000000000000e+01 3.710000000000000000e+02
3.288200000000002632e+01 5.106474876403808594e+01 6.500000000000000000e+01 1.080000000000000000e+02
3.319000000000004746e+01 5.106474876403808594e+01 6.600000000000000000e+01 2.330000000000000000e+02
3.444400000000008077e+01 5.106474876403808594e+01 6.700000000000000000e+01 4.240000000000000000e+02
3.556400000000011374e+01 5.106474876403808594e+01 6.800000000000000000e+01 1.650000000000000000e+02
3.793700000000021788e+01 5.106474876403808594e+01 6.900000000000000000e+01 3.570000000000000000e+02
4.414300000000040569e+01 5.106474876403808594e+01 7.000000000000000000e+01 7.390000000000000000e+02
4.682700000000056662e+01 5.106474876403808594e+01 7.100000000000000000e+01 4.180000000000000000e+02
4.700600000000057577e+01 5.106474876403808594e+01 7.200000000000000000e+01 7.180000000000000000e+02
4.919400000000063500e+01 5.106474876403808594e+01 7.300000000000000000e+01 8.670000000000000000e+02
5.112000000000071509e+01 5.106474876403808594e+01 7.400000000000000000e+01 1.585000000000000000e+03
4.526999999999999247e+00 4.571823120117187500e+01 0.000000000000000000e+00 0.000000000000000000e+00
5.210999999999998522e+00 4.571823120117187500e+01 1.000000000000000000e+00 0.000000000000000000e+00
6.699999999999998401e+00 4.571823120117187500e+01 2.000000000000000000e+00 0.000000000000000000e+00
7.273999999999998245e+00 4.571823120117187500e+01 3.000000000000000000e+00 5.000000000000000000e+00
7.627999999999998337e+00 4.571823120117187500e+01 4.000000000000000000e+00 1.000000000000000000e+01
8.517999999999997129e+00 4.571823120117187500e+01 5.000000000000000000e+00 2.000000000000000000e+00
8.517999999999997129e+00 4.571823120117187500e+01 6.000000000000000000e+00 1.800000000000000000e+01
9.571999999999995623e+00 4.571823120117187500e+01 7.000000000000000000e+00 1.000000000000000000e+00
9.846999999999995978e+00 4.571823120117187500e+01 8.000000000000000000e+00 1.200000000000000000e+01
9.846999999999995978e+00 4.571823120117187500e+01 9.000000000000000000e+00 8.000000000000000000e+00
1.058099999999999419e+01 4.571823120117187500e+01 1.000000000000000000e+01 1.100000000000000000e+01
1.081599999999999362e+01 4.571823120117187500e+01 1.100000000000000000e+01 1.800000000000000000e+01
1.145999999999999552e+01 4.571823120117187500e+01 1.200000000000000000e+01 1.600000000000000000e+01
1.167899999999999494e+01 4.571823120117187500e+01 1.300000000000000000e+01 1.100000000000000000e+01
1.209099999999999397e+01 4.571823120117187500e+01 1.400000000000000000e+01 1.500000000000000000e+01
1.249499999999999389e+01 4.571823120117187500e+01 1.500000000000000000e+01 2.400000000000000000e+01
1.249499999999999389e+01 4.571823120117187500e+01 1.600000000000000000e+01 2.000000000000000000e+01
1.361799999999999322e+01 4.571823120117187500e+01 1.700000000000000000e+01 3.400000000000000000e+01
1.382099999999999262e+01 4.571823120117187500e+01 1.800000000000000000e+01 3.000000000000000000e+01
1.403599999999999248e+01 4.571823120117187500e+01 1.900000000000000000e+01 4.800000000000000000e+01
1.415899999999999004e+01 4.571823120117187500e+01 2.000000000000000000e+01 3.000000000000000000e+01
1.482199999999999029e+01 4.571823120117187500e+01 2.100000000000000000e+01 6.200000000000000000e+01
1.495399999999999174e+01 4.571823120117187500e+01 2.200000000000000000e+01 2.500000000000000000e+01
1.561299999999999066e+01 4.571823120117187500e+01 2.300000000000000000e+01 4.900000000000000000e+01
1.517299999999999116e+01 4.571823120117187500e+01 2.400000000000000000e+01 5.900000000000000000e+01
1.576199999999998980e+01 4.571823120117187500e+01 2.500000000000000000e+01 4.200000000000000000e+01
1.569399999999999018e+01 4.571823120117187500e+01 2.600000000000000000e+01 4.700000000000000000e+01
1.635899999999999110e+01 4.571823120117187500e+01 2.700000000000000000e+01 8.900000000000000000e+01
1.641499999999998849e+01 4.571823120117187500e+01 2.800000000000000000e+01 6.000000000000000000e+01
0.000000000000000000e+00 4.571823120117187500e+01 2.900000000000000000e+01 6.300000000000000000e+01
1.776999999999999247e+01 4.571823120117187500e+01 3.000000000000000000e+01 5.600000000000000000e+01
0.000000000000000000e+00 4.571823120117187500e+01 3.100000000000000000e+01 2.800000000000000000e+01
1.772099999999998587e+01 4.571823120117187500e+01 3.200000000000000000e+01 8.600000000000000000e+01
1.845699999999998653e+01 4.571823120117187500e+01 3.300000000000000000e+01 6.500000000000000000e+01
1.866999999999998394e+01 4.571823120117187500e+01 3.400000000000000000e+01 1.010000000000000000e+02
1.865799999999997993e+01 4.571823120117187500e+01 3.500000000000000000e+01 6.600000000000000000e+01
1.943499999999998806e+01 4.571823120117187500e+01 3.600000000000000000e+01 8.500000000000000000e+01
1.993299999999998917e+01 4.571823120117187500e+01 3.700000000000000000e+01 8.500000000000000000e+01
2.002999999999999048e+01 4.571823120117187500e+01 3.800000000000000000e+01 1.350000000000000000e+02
2.080599999999999383e+01 4.571823120117187500e+01 3.900000000000000000e+01 1.250000000000000000e+02
2.125799999999999201e+01 4.571823120117187500e+01 4.000000000000000000e+01 1.880000000000000000e+02
2.207099999999999795e+01 4.571823120117187500e+01 4.100000000000000000e+01 1.220000000000000000e+02
2.214599999999999724e+01 4.571823120117187500e+01 4.200000000000000000e+01 1.920000000000000000e+02
2.273000000000000043e+01 4.571823120117187500e+01 4.300000000000000000e+01 1.430000000000000000e+02
0.000000000000000000e+00 4.571823120117187500e+01 4.400000000000000000e+01 1.690000000000000000e+02
2.368400000000000460e+01 4.571823120117187500e+01 4.500000000000000000e+01 2.180000000000000000e+02
2.400699999999999790e+01 4.571823120117187500e+01 4.600000000000000000e+01 2.550000000000000000e+02
2.488699999999999690e+01 4.571823120117187500e+01 4.700000000000000000e+01 1.670000000000000000e+02
2.504399999999999338e+01 4.571823120117187500e+01 4.800000000000000000e+01 1.550000000000000000e+02
2.519599999999999440e+01 4.571823120117187500e+01 4.900000000000000000e+01 1.450000000000000000e+02
2.588799999999999102e+01 4.571823120117187500e+01 5.000000000000000000e+01 1.300000000000000000e+02
2.583999999999998920e+01 4.571823120117187500e+01 5.100000000000000000e+01 2.160000000000000000e+02
2.705700000000000927e+01 4.571823120117187500e+01 5.200000000000000000e+01 2.390000000000000000e+02
2.747600000000000975e+01 4.571823120117187500e+01 5.300000000000000000e+01 2.790000000000000000e+02
2.731300000000001305e+01 4.571823120117187500e+01 5.400000000000000000e+01 2.070000000000000000e+02
2.816000000000001791e+01 4.571823120117187500e+01 5.500000000000000000e+01 3.050000000000000000e+02
2.840200000000001879e+01 4.571823120117187500e+01 5.600000000000000000e+01 3.800000000000000000e+02
2.942500000000000782e+01 4.571823120117187500e+01 5.700000000000000000e+01 4.410000000000000000e+02
2.988600000000000634e+01 4.571823120117187500e+01 5.800000000000000000e+01 3.270000000000000000e+02
3.030399999999999849e+01 4.571823120117187500e+01 5.900000000000000000e+01 3.850000000000000000e+02
3.096899999999999054e+01 4.571823120117187500e+01 6.000000000000000000e+01 2.720000000000000000e+02
3.159599999999998232e+01 4.571823120117187500e+01 6.100000000000000000e+01 2.880000000000000000e+02
3.213699999999995782e+01 4.571823120117187500e+01 6.200000000000000000e+01 2.290000000000000000e+02
3.261799999999998789e+01 4.571823120117187500e+01 6.300000000000000000e+01 2.450000000000000000e+02
3.300000000000000711e+01 4.571823120117187500e+01 6.400000000000000000e+01 2.290000000000000000e+02
3.422700000000006071e+01 4.571823120117187500e+01 6.500000000000000000e+01 3.480000000000000000e+02
3.419900000000005491e+01 4.571823120117187500e+01 6.600000000000000000e+01 3.200000000000000000e+02
3.611500000000014410e+01 4.571823120117187500e+01 6.700000000000000000e+01 2.500000000000000000e+02
3.723700000000019372e+01 4.571823120117187500e+01 6.800000000000000000e+01 5.590000000000000000e+02
4.035100000000034726e+01 4.571823120117187500e+01 6.900000000000000000e+01 3.080000000000000000e+02
4.110800000000038068e+01 4.571823120117187500e+01 7.000000000000000000e+01 3.600000000000000000e+02
4.297000000000044651e+01 4.571823120117187500e+01 7.100000000000000000e+01 2.820000000000000000e+02
4.383300000000047447e+01 4.571823120117187500e+01 7.200000000000000000e+01 2.840000000000000000e+02
4.469500000000051898e+01 4.571823120117187500e+01 7.300000000000000000e+01 3.130000000000000000e+02
4.576100000000055701e+01 4.571823120117187500e+01 7.400000000000000000e+01 6.000000000000000000e+02
4.884999999999999787e+00 4.436624550819396973e+01 0.000000000000000000e+00 4.000000000000000000e+00
5.871999999999999886e+00 4.436624550819396973e+01 1.000000000000000000e+00 3.000000000000000000e+00
6.501999999999999780e+00 4.436624550819396973e+01 2.000000000000000000e+00 1.400000000000000000e+01
7.456999999999999851e+00 4.436624550819396973e+01 3.000000000000000000e+00 1.000000000000000000e+00
0.000000000000000000e+00 4.436624550819396973e+01 4.000000000000000000e+00 1.100000000000000000e+01
8.094999999999998863e+00 4.436624550819396973e+01 5.000000000000000000e+00 1.500000000000000000e+01
8.079000000000000625e+00 4.436624550819396973e+01 6.000000000000000000e+00 1.400000000000000000e+01
8.974000000000000199e+00 4.436624550819396973e+01 7.000000000000000000e+00 2.000000000000000000e+01
9.216000000000001080e+00 4.436624550819396973e+01 8.000000000000000000e+00 1.100000000000000000e+01
1.001600000000000179e+01 4.436624550819396973e+01 9.000000000000000000e+00 3.200000000000000000e+01
1.028200000000000180e+01 4.436624550819396973e+01 1.000000000000000000e+01 9.000000000000000000e+00
1.053300000000000125e+01 4.436624550819396973e+01 1.100000000000000000e+01 1.300000000000000000e+01
1.044899999999999807e+01 4.436624550819396973e+01 1.200000000000000000e+01 1.600000000000000000e+01
1.076200000000000045e+01 4.436624550819396973e+01 1.300000000000000000e+01 2.000000000000000000e+01
1.122800000000000153e+01 4.436624550819396973e+01 1.400000000000000000e+01 2.400000000000000000e+01
1.144300000000000139e+01 4.436624550819396973e+01 1.500000000000000000e+01 2.900000000000000000e+01
1.212200000000000166e+01 4.436624550819396973e+01 1.600000000000000000e+01 1.800000000000000000e+01
1.212200000000000166e+01 4.436624550819396973e+01 1.700000000000000000e+01 2.600000000000000000e+01
1.180999999999999872e+01 4.436624550819396973e+01 1.800000000000000000e+01 2.200000000000000000e+01
1.222100000000000186e+01 4.436624550819396973e+01 1.900000000000000000e+01 2.800000000000000000e+01
1.288000000000000256e+01 4.436624550819396973e+01 2.000000000000000000e+01 4.700000000000000000e+01
1.343700000000000117e+01 4.436624550819396973e+01 2.100000000000000000e+01 2.300000000000000000e+01
1.321700000000000053e+01 4.436624550819396973e+01 2.200000000000000000e+01 1.800000000000000000e+01
1.362000000000000099e+01 4.436624550819396973e+01 2.300000000000000000e+01 2.600000000000000000e+01
1.399600000000000222e+01 4.436624550819396973e+01 2.400000000000000000e+01 3.600000000000000000e+01
1.399100000000000144e+01 4.436624550819396973e+01 2.500000000000000000e+01 4.100000000000000000e+01
1.490900000000000247e+01 4.436624550819396973e+01 2.600000000000000000e+01 4.300000000000000000e+01
1.505500000000000327e+01 4.436624550819396973e+01 2.700000000000000000e+01 4.700000000000000000e+01
1.519800000000000395e+01 4.436624550819396973e+01 2.800000000000000000e+01 2.600000000000000000e+01
1.570200000000000173e+01 4.436624550819396973e+01 2.900000000000000000e+01 4.200000000000000000e+01
0.000000000000000000e+00 4.436624550819396973e+01 3.000000000000000000e+01 7.300000000000000000e+01
1.643500000000000227e+01 4.436624550819396973e+01 3.100000000000000000e+01 4.100000000000000000e+01
1.637800000000000722e+01 4.436624550819396973e+01 3.200000000000000000e+01 5.400000000000000000e+01
1.709200000000000585e+01 4.436624550819396973e+01 3.300000000000000000e+01 4.900000000000000000e+01
1.719800000000000750e+01 4.436624550819396973e+01 3.400000000000000000e+01 7.100000000000000000e+01
1.754500000000000881e+01 4.436624550819396973e+01 3.500000000000000000e+01 9.000000000000000000e+01
1.810700000000000998e+01 4.436624550819396973e+01 3.600000000000000000e+01 4.800000000000000000e+01
1.809200000000000941e+01 4.436624550819396973e+01 3.700000000000000000e+01 6.900000000000000000e+01
1.866300000000000736e+01 4.436624550819396973e+01 3.800000000000000000e+01 1.240000000000000000e+02
1.874900000000000588e+01 4.436624550819396973e+01 3.900000000000000000e+01 6.100000000000000000e+01
1.889100000000000534e+01 4.436624550819396973e+01 4.000000000000000000e+01 1.270000000000000000e+02
1.925700000000000500e+01 4.436624550819396973e+01 4.100000000000000000e+01 1.010000000000000000e+02
2.005499999999999972e+01 4.436624550819396973e+01 4.200000000000000000e+01 5.200000000000000000e+01
2.058099999999999952e+01 4.436624550819396973e+01 4.300000000000000000e+01 1.680000000000000000e+02
2.058099999999999952e+01 4.436624550819396973e+01 4.400000000000000000e+01 1.500000000000000000e+02
2.165899999999999537e+01 4.436624550819396973e+01 4.500000000000000000e+01 1.670000000000000000e+02
2.173099999999999454e+01 4.436624550819396973e+01 4.600000000000000000e+01 1.590000000000000000e+02
2.239999999999998437e+01 4.436624550819396973e+01 4.700000000000000000e+01 1.260000000000000000e+02
2.286099999999998644e+01 4.436624550819396973e+01 4.800000000000000000e+01 1.320000000000000000e+02
2.273799999999998889e+01 4.436624550819396973e+01 4.900000000000000000e+01 1.280000000000000000e+02
2.334399999999998698e+01 4.436624550819396973e+01 5.000000000000000000e+01 1.870000000000000000e+02
2.352999999999999048e+01 4.436624550819396973e+01 5.100000000000000000e+01 2.480000000000000000e+02
2.436199999999999477e+01 4.436624550819396973e+01 5.200000000000000000e+01 1.970000000000000000e+02
2.463199999999999079e+01 4.436624550819396973e+01 5.300000000000000000e+01 2.390000000000000000e+02
2.587199999999999278e+01 4.436624550819396973e+01 5.400000000000000000e+01 2.750000000000000000e+02
2.603799999999999315e+01 4.436624550819396973e+01 5.500000000000000000e+01 2.980000000000000000e+02
2.696999999999999531e+01 4.436624550819396973e+01 5.600000000000000000e+01 2.110000000000000000e+02
0.000000000000000000e+00 4.436624550819396973e+01 5.700000000000000000e+01 2.670000000000000000e+02
2.876099999999998147e+01 4.436624550819396973e+01 5.800000000000000000e+01 3.220000000000000000e+02
2.875999999999998380e+01 4.436624550819396973e+01 5.900000000000000000e+01 2.150000000000000000e+02
2.969999999999994955e+01 4.436624550819396973e+01 6.000000000000000000e+01 3.250000000000000000e+02
3.057199999999994589e+01 4.436624550819396973e+01 6.100000000000000000e+01 5.970000000000000000e+02
3.070199999999993778e+01 4.436624550819396973e+01 6.200000000000000000e+01 3.640000000000000000e+02
3.151899999999989888e+01 4.436624550819396973e+01 6.300000000000000000e+01 3.990000000000000000e+02
3.197699999999989728e+01 4.436624550819396973e+01 6.400000000000000000e+01 2.670000000000000000e+02
3.296800000000003195e+01 4.436624550819396973e+01 6.500000000000000000e+01 3.760000000000000000e+02
3.389500000000003865e+01 4.436624550819396973e+01 6.600000000000000000e+01 3.740000000000000000e+02
3.609200000000014086e+01 4.436624550819396973e+01 6.700000000000000000e+01 4.890000000000000000e+02
3.739700000000020452e+01 4.436624550819396973e+01 6.800000000000000000e+01 3.690000000000000000e+02
3.811300000000024824e+01 4.436624550819396973e+01 6.900000000000000000e+01 5.060000000000000000e+02
3.996200000000035857e+01 4.436624550819396973e+01 7.000000000000000000e+01 3.900000000000000000e+02
4.025400000000035305e+01 4.436624550819396973e+01 7.100000000000000000e+01 3.200000000000000000e+02
4.144400000000033657e+01 4.436624550819396973e+01 7.200000000000000000e+01 1.860000000000000000e+02
4.234600000000040154e+01 4.436624550819396973e+01 7.300000000000000000e+01 3.060000000000000000e+02
4.444500000000049056e+01 4.436624550819396973e+01 7.400000000000000000e+01 5.600000000000000000e+02
4.521999999999999353e+00 4.646480154991149902e+01 0.000000000000000000e+00 7.000000000000000000e+00
5.790999999999999481e+00 4.646480154991149902e+01 1.000000000000000000e+00 9.000000000000000000e+00
5.969999999999999751e+00 4.646480154991149902e+01 2.000000000000000000e+00 1.000000000000000000e+01
7.182999999999999829e+00 4.646480154991149902e+01 3.000000000000000000e+00 3.000000000000000000e+00
7.691999999999999282e+00 4.646480154991149902e+01 4.000000000000000000e+00 1.000000000000000000e+01
7.859999999999999432e+00 4.646480154991149902e+01 5.000000000000000000e+00 1.800000000000000000e+01
7.675999999999999268e+00 4.646480154991149902e+01 6.000000000000000000e+00 1.100000000000000000e+01
8.965999999999997527e+00 4.646480154991149902e+01 7.000000000000000000e+00 1.900000000000000000e+01
9.118999999999997996e+00 4.646480154991149902e+01 8.000000000000000000e+00 4.100000000000000000e+01
9.228999999999999204e+00 4.646480154991149902e+01 9.000000000000000000e+00 2.300000000000000000e+01
9.986999999999998323e+00 4.646480154991149902e+01 1.000000000000000000e+01 3.400000000000000000e+01
1.042399999999999771e+01 4.646480154991149902e+01 1.100000000000000000e+01 2.900000000000000000e+01
1.056399999999999828e+01 4.646480154991149902e+01 1.200000000000000000e+01 4.500000000000000000e+01
1.135699999999999932e+01 4.646480154991149902e+01 1.300000000000000000e+01 8.000000000000000000e+00
1.148499999999999943e+01 4.646480154991149902e+01 1.400000000000000000e+01 3.300000000000000000e+01
1.159199999999999875e+01 4.646480154991149902e+01 1.500000000000000000e+01 4.100000000000000000e+01
1.199000000000000021e+01 4.646480154991149902e+01 1.600000000000000000e+01 4.200000000000000000e+01
1.234799999999999898e+01 4.646480154991149902e+01 1.700000000000000000e+01 3.100000000000000000e+01
1.291199999999999903e+01 4.646480154991149902e+01 1.800000000000000000e+01 6.400000000000000000e+01
1.302399999999999913e+01 4.646480154991149902e+01 1.900000000000000000e+01 6.300000000000000000e+01
1.345500000000000007e+01 4.646480154991149902e+01 2.000000000000000000e+01 6.200000000000000000e+01
1.397100000000000009e+01 4.646480154991149902e+01 2.100000000000000000e+01 7.000000000000000000e+01
1.407499999999999929e+01 4.646480154991149902e+01 2.200000000000000000e+01 9.100000000000000000e+01
1.475000000000000178e+01 4.646480154991149902e+01 2.300000000000000000e+01 6.400000000000000000e+01
1.486800000000000210e+01 4.646480154991149902e+01 2.400000000000000000e+01 2.600000000000000000e+01
1.480100000000000016e+01 4.646480154991149902e+01 2.500000000000000000e+01 7.500000000000000000e+01
1.421300000000000452e+01 4.646480154991149902e+01 2.600000000000000000e+01 5.100000000000000000e+01
1.555800000000000161e+01 4.646480154991149902e+01 2.700000000000000000e+01 1.050000000000000000e+02
1.593900000000000183e+01 4.646480154991149902e+01 2.800000000000000000e+01 9.600000000000000000e+01
1.602000000000000313e+01 4.646480154991149902e+01 2.900000000000000000e+01 1.300000000000000000e+02
1.610600000000000165e+01 4.646480154991149902e+01 3.000000000000000000e+01 6.400000000000000000e+01
1.671599999999999753e+01 4.646480154991149902e+01 3.100000000000000000e+01 1.460000000000000000e+02
1.727399999999999380e+01 4.646480154991149902e+01 3.200000000000000000e+01 1.150000000000000000e+02
1.723699999999999477e+01 4.646480154991149902e+01 3.300000000000000000e+01 1.490000000000000000e+02
1.761899999999999622e+01 4.646480154991149902e+01 3.400000000000000000e+01 1.580000000000000000e+02
1.781700000000000017e+01 4.646480154991149902e+01 3.500000000000000000e+01 1.060000000000000000e+02
1.868699999999999761e+01 4.646480154991149902e+01 3.600000000000000000e+01 1.120000000000000000e+02
1.815099999999999980e+01 4.646480154991149902e+01 3.700000000000000000e+01 1.310000000000000000e+02
1.925999999999999091e+01 4.646480154991149902e+01 3.800000000000000000e+01 1.190000000000000000e+02
2.016199999999998838e+01 4.646480154991149902e+01 3.900000000000000000e+01 2.210000000000000000e+02
2.066699999999997672e+01 4.646480154991149902e+01 4.000000000000000000e+01 1.270000000000000000e+02
2.098099999999997323e+01 4.646480154991149902e+01 4.100000000000000000e+01 1.920000000000000000e+02
2.121699999999997743e+01 4.646480154991149902e+01 4.200000000000000000e+01 2.770000000000000000e+02
2.180799999999997851e+01 4.646480154991149902e+01 4.300000000000000000e+01 2.920000000000000000e+02
2.173899999999997945e+01 4.646480154991149902e+01 4.400000000000000000e+01 1.900000000000000000e+02
2.212099999999998445e+01 4.646480154991149902e+01 4.500000000000000000e+01 2.470000000000000000e+02
2.270099999999998275e+01 4.646480154991149902e+01 4.600000000000000000e+01 2.070000000000000000e+02
2.280399999999998428e+01 4.646480154991149902e+01 4.700000000000000000e+01 3.940000000000000000e+02
2.357599999999999696e+01 4.646480154991149902e+01 4.800000000000000000e+01 4.010000000000000000e+02
2.352300000000000324e+01 4.646480154991149902e+01 4.900000000000000000e+01 2.930000000000000000e+02
2.447799999999999443e+01 4.646480154991149902e+01 5.000000000000000000e+01 4.370000000000000000e+02
2.567099999999998516e+01 4.646480154991149902e+01 5.100000000000000000e+01 4.550000000000000000e+02
2.568199999999998440e+01 4.646480154991149902e+01 5.200000000000000000e+01 3.590000000000000000e+02
2.634199999999997743e+01 4.646480154991149902e+01 5.300000000000000000e+01 4.350000000000000000e+02
2.711499999999996291e+01 4.646480154991149902e+01 5.400000000000000000e+01 2.570000000000000000e+02
2.509299999999999997e+01 4.646480154991149902e+01 5.500000000000000000e+01 2.420000000000000000e+02
2.759099999999995134e+01 4.646480154991149902e+01 5.600000000000000000e+01 5.180000000000000000e+02
2.868899999999992900e+01 4.646480154991149902e+01 5.700000000000000000e+01 4.680000000000000000e+02
2.885699999999992471e+01 4.646480154991149902e+01 5.800000000000000000e+01 6.030000000000000000e+02
2.950799999999991741e+01 4.646480154991149902e+01 5.900000000000000000e+01 3.890000000000000000e+02
3.075299999999990774e+01 4.646480154991149902e+01 6.000000000000000000e+01 8.620000000000000000e+02
3.129699999999991178e+01 4.646480154991149902e+01 6.100000000000000000e+01 8.300000000000000000e+01
3.233199999999995811e+01 4.646480154991149902e+01 6.200000000000000000e+01 9.420000000000000000e+02
3.298799999999998533e+01 4.646480154991149902e+01 6.300000000000000000e+01 1.050000000000000000e+03
3.319199999999998596e+01 4.646480154991149902e+01 6.400000000000000000e+01 1.550000000000000000e+02
3.373200000000001353e+01 4.646480154991149902e+01 6.500000000000000000e+01 3.420000000000000000e+02
3.444000000000003325e+01 4.646480154991149902e+01 6.600000000000000000e+01 2.010000000000000000e+02
3.605200000000009908e+01 4.646480154991149902e+01 6.700000000000000000e+01 7.350000000000000000e+02
3.623800000000009902e+01 4.646480154991149902e+01 6.800000000000000000e+01 1.770000000000000000e+02
3.670300000000011664e+01 4.646480154991149902e+01 6.900000000000000000e+01 6.460000000000000000e+02
3.784400000000015751e+01 4.646480154991149902e+01 7.000000000000000000e+01 2.660000000000000000e+02
3.821500000000017394e+01 4.646480154991149902e+01 7.100000000000000000e+01 2.160000000000000000e+02
4.164400000000031099e+01 4.646480154991149902e+01 7.200000000000000000e+01 4.500000000000000000e+02
4.445400000000041274e+01 4.646480154991149902e+01 7.300000000000000000e+01 3.110000000000000000e+02
4.640100000000047942e+01 4.646480154991149902e+01 7.400000000000000000e+01 3.120000000000000000e+02
