4.334999999999999964e+00 6.826229262351989746e+01 0.000000000000000000e+00 0.000000000000000000e+00
5.911000000000000476e+00 6.826229262351989746e+01 1.000000000000000000e+00 0.000000000000000000e+00
7.096999999999999531e+00 6.826229262351989746e+01 2.000000000000000000e+00 1.100000000000000000e+01
7.981999999999998430e+00 6.826229262351989746e+01 3.000000000000000000e+00 1.600000000000000000e+01
8.675999999999998380e+00 6.826229262351989746e+01 4.000000000000000000e+00 1.000000000000000000e+01
9.013999999999999346e+00 6.826229262351989746e+01 5.000000000000000000e+00 3.000000000000000000e+01
9.832000000000000739e+00 6.826229262351989746e+01 6.000000000000000000e+00 3.100000000000000000e+01
1.032199999999999918e+01 6.826229262351989746e+01 7.000000000000000000e+00 2.400000000000000000e+01
1.124999999999999822e+01 6.826229262351989746e+01 8.000000000000000000e+00 3.600000000000000000e+01
1.189299999999999891e+01 6.826229262351989746e+01 9.000000000000000000e+00 5.100000000000000000e+01
1.233799999999999919e+01 6.826229262351989746e+01 1.000000000000000000e+01 3.700000000000000000e+01
1.334500000000000064e+01 6.826229262351989746e+01 1.100000000000000000e+01 4.700000000000000000e+01
1.403600000000000136e+01 6.826229262351989746e+01 1.200000000000000000e+01 5.100000000000000000e+01
1.503200000000000003e+01 6.826229262351989746e+01 1.300000000000000000e+01 1.050000000000000000e+02
1.542700000000000138e+01 6.826229262351989746e+01 1.400000000000000000e+01 7.200000000000000000e+01
1.606900000000000261e+01 6.826229262351989746e+01 1.500000000000000000e+01 9.600000000000000000e+01
1.650000000000000000e+01 6.826229262351989746e+01 1.600000000000000000e+01 1.160000000000000000e+02
1.717999999999999972e+01 6.826229262351989746e+01 1.700000000000000000e+01 6.000000000000000000e+01
1.801900000000000190e+01 6.826229262351989746e+01 1.800000000000000000e+01 1.050000000000000000e+02
1.847500000000000142e+01 6.826229262351989746e+01 1.900000000000000000e+01 8.100000000000000000e+01
1.889000000000000412e+01 6.826229262351989746e+01 2.000000000000000000e+01 1.420000000000000000e+02
1.941800000000000992e+01 6.826229262351989746e+01 2.100000000000000000e+01 1.050000000000000000e+02
2.041400000000001214e+01 6.826229262351989746e+01 2.200000000000000000e+01 7.200000000000000000e+01
2.086000000000001364e+01 6.826229262351989746e+01 2.300000000000000000e+01 9.800000000000000000e+01
2.181900000000000972e+01 6.826229262351989746e+01 2.400000000000000000e+01 1.990000000000000000e+02
2.207700000000000884e+01 6.826229262351989746e+01 2.500000000000000000e+01 9.700000000000000000e+01
2.285100000000001330e+01 6.826229262351989746e+01 2.600000000000000000e+01 7.500000000000000000e+01
2.363700000000000401e+01 6.826229262351989746e+01 2.700000000000000000e+01 8.900000000000000000e+01
2.430900000000000105e+01 6.826229262351989746e+01 2.800000000000000000e+01 9.700000000000000000e+01
2.562999999999998835e+01 6.826229262351989746e+01 2.900000000000000000e+01 1.330000000000000000e+02
2.574099999999998900e+01 6.826229262351989746e+01 3.000000000000000000e+01 1.320000000000000000e+02
2.671899999999999054e+01 6.826229262351989746e+01 3.100000000000000000e+01 1.070000000000000000e+02
2.877799999999999159e+01 6.826229262351989746e+01 3.200000000000000000e+01 1.150000000000000000e+02
2.919399999999999196e+01 6.826229262351989746e+01 3.300000000000000000e+01 1.370000000000000000e+02
2.948299999999999699e+01 6.826229262351989746e+01 3.400000000000000000e+01 1.630000000000000000e+02
3.089699999999998781e+01 6.826229262351989746e+01 3.500000000000000000e+01 1.480000000000000000e+02
3.152399999999998670e+01 6.826229262351989746e+01 3.600000000000000000e+01 1.790000000000000000e+02
3.211999999999998323e+01 6.826229262351989746e+01 3.700000000000000000e+01 1.770000000000000000e+02
3.289599999999996527e+01 6.826229262351989746e+01 3.800000000000000000e+01 1.070000000000000000e+02
3.372499999999998721e+01 6.826229262351989746e+01 3.900000000000000000e+01 1.670000000000000000e+02
3.429399999999997561e+01 6.826229262351989746e+01 4.000000000000000000e+01 1.920000000000000000e+02
3.486499999999998067e+01 6.826229262351989746e+01 4.100000000000000000e+01 1.410000000000000000e+02
3.603699999999992798e+01 6.826229262351989746e+01 4.200000000000000000e+01 1.830000000000000000e+02
3.648799999999992849e+01 6.826229262351989746e+01 4.300000000000000000e+01 1.770000000000000000e+02
3.739499999999991786e+01 6.826229262351989746e+01 4.400000000000000000e+01 2.230000000000000000e+02
3.802299999999989666e+01 6.826229262351989746e+01 4.500000000000000000e+01 1.440000000000000000e+02
3.931299999999985317e+01 6.826229262351989746e+01 4.600000000000000000e+01 1.130000000000000000e+02
4.016199999999983561e+01 6.826229262351989746e+01 4.700000000000000000e+01 1.460000000000000000e+02
4.100899999999978718e+01 6.826229262351989746e+01 4.800000000000000000e+01 1.230000000000000000e+02
4.222699999999973386e+01 6.826229262351989746e+01 4.900000000000000000e+01 1.570000000000000000e+02
4.320599999999971175e+01 6.826229262351989746e+01 5.000000000000000000e+01 2.170000000000000000e+02
4.402499999999979963e+01 6.826229262351989746e+01 5.100000000000000000e+01 3.270000000000000000e+02
4.531799999999979178e+01 6.826229262351989746e+01 5.200000000000000000e+01 6.800000000000000000e+01
4.769199999999987227e+01 6.826229262351989746e+01 5.300000000000000000e+01 1.010000000000000000e+02
4.997899999999999210e+01 6.826229262351989746e+01 5.400000000000000000e+01 2.050000000000000000e+02
5.078299999999998704e+01 6.826229262351989746e+01 5.500000000000000000e+01 1.190000000000000000e+02
5.175700000000006185e+01 6.826229262351989746e+01 5.600000000000000000e+01 1.160000000000000000e+02
5.266000000000008185e+01 6.826229262351989746e+01 5.700000000000000000e+01 1.220000000000000000e+02
5.362900000000010436e+01 6.826229262351989746e+01 5.800000000000000000e+01 1.340000000000000000e+02
5.462400000000015865e+01 6.826229262351989746e+01 5.900000000000000000e+01 1.040000000000000000e+02
5.558000000000016172e+01 6.826229262351989746e+01 6.000000000000000000e+01 1.530000000000000000e+02
5.659200000000026876e+01 6.826229262351989746e+01 6.100000000000000000e+01 1.260000000000000000e+02
5.751800000000032753e+01 6.826229262351989746e+01 6.200000000000000000e+01 2.060000000000000000e+02
5.853000000000038483e+01 6.826229262351989746e+01 6.300000000000000000e+01 1.790000000000000000e+02
5.933900000000041786e+01 6.826229262351989746e+01 6.400000000000000000e+01 2.190000000000000000e+02
6.113800000000049550e+01 6.826229262351989746e+01 6.500000000000000000e+01 2.870000000000000000e+02
6.191400000000053438e+01 6.826229262351989746e+01 6.600000000000000000e+01 2.210000000000000000e+02
6.292800000000054439e+01 6.826229262351989746e+01 6.700000000000000000e+01 3.580000000000000000e+02
6.407500000000058549e+01 6.826229262351989746e+01 6.800000000000000000e+01 1.800000000000000000e+02
6.476300000000063051e+01 6.826229262351989746e+01 6.900000000000000000e+01 3.840000000000000000e+02
6.614400000000065916e+01 6.826229262351989746e+01 7.000000000000000000e+01 1.370000000000000000e+02
6.712100000000069144e+01 6.826229262351989746e+01 7.100000000000000000e+01 1.950000000000000000e+02
6.821200000000074226e+01 6.826229262351989746e+01 7.200000000000000000e+01 1.420000000000000000e+02
6.822400000000072851e+01 6.826229262351989746e+01 0.000000000000000000e+00 0.000000000000000000e+00
0.000000000000000000e+00 6.826229262351989746e+01 0.000000000000000000e+00 0.000000000000000000e+00
4.514999999999999680e+00 6.679461908340454102e+01 0.000000000000000000e+00 1.000000000000000000e+00
5.830000000000000071e+00 6.679461908340454102e+01 1.000000000000000000e+00 0.000000000000000000e+00
7.650000000000001243e+00 6.679461908340454102e+01 2.000000000000000000e+00 1.000000000000000000e+00
8.901000000000001577e+00 6.679461908340454102e+01 3.000000000000000000e+00 9.000000000000000000e+00
9.248000000000001108e+00 6.679461908340454102e+01 4.000000000000000000e+00 9.000000000000000000e+00
9.750000000000000000e+00 6.679461908340454102e+01 5.000000000000000000e+00 9.000000000000000000e+00
1.056599999999999895e+01 6.679461908340454102e+01 6.000000000000000000e+00 2.800000000000000000e+01
1.101699999999999768e+01 6.679461908340454102e+01 7.000000000000000000e+00 3.200000000000000000e+01
1.151499999999999879e+01 6.679461908340454102e+01 8.000000000000000000e+00 2.500000000000000000e+01
1.226799999999999891e+01 6.679461908340454102e+01 9.000000000000000000e+00 4.000000000000000000e+01
1.270700000000000074e+01 6.679461908340454102e+01 1.000000000000000000e+01 3.100000000000000000e+01
1.322699999999999854e+01 6.679461908340454102e+01 1.100000000000000000e+01 4.900000000000000000e+01
1.397700000000000031e+01 6.679461908340454102e+01 1.200000000000000000e+01 5.400000000000000000e+01
1.438799999999999990e+01 6.679461908340454102e+01 1.300000000000000000e+01 5.400000000000000000e+01
1.478300000000000125e+01 6.679461908340454102e+01 1.400000000000000000e+01 3.800000000000000000e+01
1.529300000000000281e+01 6.679461908340454102e+01 1.500000000000000000e+01 7.400000000000000000e+01
1.590800000000000125e+01 6.679461908340454102e+01 1.600000000000000000e+01 6.100000000000000000e+01
1.639200000000000301e+01 6.679461908340454102e+01 1.700000000000000000e+01 7.000000000000000000e+01
1.685600000000000165e+01 6.679461908340454102e+01 1.800000000000000000e+01 6.900000000000000000e+01
1.742199999999999704e+01 6.679461908340454102e+01 1.900000000000000000e+01 8.800000000000000000e+01
1.818800000000000239e+01 6.679461908340454102e+01 2.000000000000000000e+01 7.000000000000000000e+01
1.872600000000000264e+01 6.679461908340454102e+01 2.100000000000000000e+01 7.900000000000000000e+01
1.913900000000000290e+01 6.679461908340454102e+01 2.200000000000000000e+01 1.020000000000000000e+02
1.999399999999999977e+01 6.679461908340454102e+01 2.300000000000000000e+01 6.000000000000000000e+01
2.052700000000000813e+01 6.679461908340454102e+01 2.400000000000000000e+01 6.300000000000000000e+01
2.127000000000000668e+01 6.679461908340454102e+01 2.500000000000000000e+01 1.270000000000000000e+02
2.168599999999999994e+01 6.679461908340454102e+01 2.600000000000000000e+01 9.600000000000000000e+01
2.250199999999999179e+01 6.679461908340454102e+01 2.700000000000000000e+01 1.340000000000000000e+02
2.332099999999997664e+01 6.679461908340454102e+01 2.800000000000000000e+01 1.210000000000000000e+02
2.486799999999995947e+01 6.679461908340454102e+01 2.900000000000000000e+01 2.260000000000000000e+02
2.554999999999996163e+01 6.679461908340454102e+01 3.000000000000000000e+01 1.760000000000000000e+02
2.581999999999996476e+01 6.679461908340454102e+01 3.100000000000000000e+01 8.800000000000000000e+01
2.645599999999996399e+01 6.679461908340454102e+01 3.200000000000000000e+01 2.570000000000000000e+02
2.729999999999996874e+01 6.679461908340454102e+01 3.300000000000000000e+01 1.320000000000000000e+02
2.773699999999996280e+01 6.679461908340454102e+01 3.400000000000000000e+01 1.820000000000000000e+02
2.857499999999995666e+01 6.679461908340454102e+01 3.500000000000000000e+01 8.100000000000000000e+01
2.925599999999995404e+01 6.679461908340454102e+01 3.600000000000000000e+01 2.820000000000000000e+02
2.978399999999995629e+01 6.679461908340454102e+01 3.700000000000000000e+01 3.550000000000000000e+02
3.045899999999996410e+01 6.679461908340454102e+01 3.800000000000000000e+01 1.230000000000000000e+02
3.110799999999995435e+01 6.679461908340454102e+01 3.900000000000000000e+01 3.810000000000000000e+02
3.205299999999994043e+01 6.679461908340454102e+01 4.000000000000000000e+01 2.020000000000000000e+02
3.256699999999993622e+01 6.679461908340454102e+01 4.100000000000000000e+01 1.400000000000000000e+02
3.344299999999990547e+01 6.679461908340454102e+01 4.200000000000000000e+01 2.340000000000000000e+02
3.427799999999989211e+01 6.679461908340454102e+01 4.300000000000000000e+01 1.320000000000000000e+02
3.567599999999987403e+01 6.679461908340454102e+01 4.400000000000000000e+01 1.270000000000000000e+02
3.626299999999987023e+01 6.679461908340454102e+01 4.500000000000000000e+01 2.330000000000000000e+02
3.715999999999983316e+01 6.679461908340454102e+01 4.600000000000000000e+01 1.540000000000000000e+02
3.799299999999985289e+01 6.679461908340454102e+01 4.700000000000000000e+01 3.020000000000000000e+02
3.881799999999981310e+01 6.679461908340454102e+01 4.800000000000000000e+01 1.430000000000000000e+02
4.005099999999972482e+01 6.679461908340454102e+01 4.900000000000000000e+01 2.460000000000000000e+02
4.082799999999972584e+01 6.679461908340454102e+01 5.000000000000000000e+01 2.930000000000000000e+02
4.183299999999978525e+01 6.679461908340454102e+01 5.100000000000000000e+01 1.240000000000000000e+02
4.281599999999980355e+01 6.679461908340454102e+01 5.200000000000000000e+01 4.320000000000000000e+02
4.371599999999985187e+01 6.679461908340454102e+01 5.300000000000000000e+01 1.490000000000000000e+02
4.468899999999991479e+01 6.679461908340454102e+01 5.400000000000000000e+01 1.400000000000000000e+02
4.570799999999993446e+01 6.679461908340454102e+01 5.500000000000000000e+01 1.210000000000000000e+02
4.688900000000001000e+01 6.679461908340454102e+01 5.600000000000000000e+01 9.300000000000000000e+01
4.758899999999997021e+01 6.679461908340454102e+01 5.700000000000000000e+01 1.180000000000000000e+02
4.876700000000005275e+01 6.679461908340454102e+01 5.800000000000000000e+01 1.280000000000000000e+02
4.976500000000010004e+01 6.679461908340454102e+01 5.900000000000000000e+01 1.260000000000000000e+02
5.048600000000011789e+01 6.679461908340454102e+01 6.000000000000000000e+01 1.460000000000000000e+02
5.190000000000026859e+01 6.679461908340454102e+01 6.100000000000000000e+01 1.160000000000000000e+02
5.276800000000032043e+01 6.679461908340454102e+01 6.200000000000000000e+01 1.490000000000000000e+02
5.398100000000037113e+01 6.679461908340454102e+01 6.300000000000000000e+01 1.530000000000000000e+02
5.478900000000040649e+01 6.679461908340454102e+01 6.400000000000000000e+01 1.850000000000000000e+02
5.601900000000045310e+01 6.679461908340454102e+01 6.500000000000000000e+01 5.760000000000000000e+02
5.797200000000053421e+01 6.679461908340454102e+01 6.600000000000000000e+01 1.450000000000000000e+02
5.902900000000057190e+01 6.679461908340454102e+01 6.700000000000000000e+01 2.090000000000000000e+02
6.070000000000064233e+01 6.679461908340454102e+01 6.800000000000000000e+01 1.150000000000000000e+02
6.140000000000066649e+01 6.679461908340454102e+01 6.900000000000000000e+01 1.340000000000000000e+02
6.408700000000075647e+01 6.679461908340454102e+01 7.000000000000000000e+01 1.940000000000000000e+02
6.593400000000082173e+01 6.679461908340454102e+01 7.100000000000000000e+01 1.440000000000000000e+02
6.684600000000087050e+01 6.679461908340454102e+01 7.200000000000000000e+01 2.750000000000000000e+02
6.682500000000086970e+01 6.679461908340454102e+01 0.000000000000000000e+00 0.000000000000000000e+00
0.000000000000000000e+00 6.679461908340454102e+01 0.000000000000000000e+00 0.000000000000000000e+00
4.692000000000000171e+00 7.485762453079223633e+01 0.000000000000000000e+00 0.000000000000000000e+00
6.929999999999998828e+00 7.485762453079223633e+01 1.000000000000000000e+00 3.000000000000000000e+00
7.839999999999998970e+00 7.485762453079223633e+01 2.000000000000000000e+00 1.900000000000000000e+01
8.718999999999999417e+00 7.485762453079223633e+01 3.000000000000000000e+00 1.600000000000000000e+01
9.577999999999999403e+00 7.485762453079223633e+01 4.000000000000000000e+00 2.600000000000000000e+01
1.025099999999999767e+01 7.485762453079223633e+01 5.000000000000000000e+00 2.300000000000000000e+01
1.074499999999999744e+01 7.485762453079223633e+01 6.000000000000000000e+00 4.300000000000000000e+01
1.138399999999999856e+01 7.485762453079223633e+01 7.000000000000000000e+00 4.000000000000000000e+01
1.185599999999999810e+01 7.485762453079223633e+01 8.000000000000000000e+00 4.000000000000000000e+01
1.245999999999999908e+01 7.485762453079223633e+01 9.000000000000000000e+00 5.800000000000000000e+01
1.290200000000000102e+01 7.485762453079223633e+01 1.000000000000000000e+01 6.200000000000000000e+01
1.347400000000000198e+01 7.485762453079223633e+01 1.100000000000000000e+01 7.000000000000000000e+01
1.375600000000000200e+01 7.485762453079223633e+01 1.200000000000000000e+01 6.300000000000000000e+01
1.470700000000000074e+01 7.485762453079223633e+01 1.300000000000000000e+01 5.300000000000000000e+01
1.480300000000000082e+01 7.485762453079223633e+01 1.400000000000000000e+01 5.000000000000000000e+01
1.560600000000000342e+01 7.485762453079223633e+01 1.500000000000000000e+01 7.700000000000000000e+01
1.648400000000000531e+01 7.485762453079223633e+01 1.600000000000000000e+01 8.000000000000000000e+01
1.822200000000000841e+01 7.485762453079223633e+01 1.700000000000000000e+01 7.900000000000000000e+01
1.934200000000000941e+01 7.485762453079223633e+01 1.800000000000000000e+01 1.700000000000000000e+02
1.968300000000000693e+01 7.485762453079223633e+01 1.900000000000000000e+01 8.400000000000000000e+01
2.012400000000000944e+01 7.485762453079223633e+01 2.000000000000000000e+01 1.900000000000000000e+02
2.087100000000001643e+01 7.485762453079223633e+01 2.100000000000000000e+01 1.340000000000000000e+02
2.159700000000001907e+01 7.485762453079223633e+01 2.200000000000000000e+01 1.310000000000000000e+02
2.219900000000002294e+01 7.485762453079223633e+01 2.300000000000000000e+01 2.570000000000000000e+02
2.278200000000002845e+01 7.485762453079223633e+01 2.400000000000000000e+01 1.690000000000000000e+02
2.334500000000003084e+01 7.485762453079223633e+01 2.500000000000000000e+01 9.800000000000000000e+01
2.462600000000003675e+01 7.485762453079223633e+01 2.600000000000000000e+01 1.110000000000000000e+02
2.575900000000003232e+01 7.485762453079223633e+01 2.700000000000000000e+01 1.030000000000000000e+02
2.655900000000002592e+01 7.485762453079223633e+01 2.800000000000000000e+01 1.050000000000000000e+02
2.701600000000002311e+01 7.485762453079223633e+01 2.900000000000000000e+01 2.530000000000000000e+02
2.795600000000001728e+01 7.485762453079223633e+01 3.000000000000000000e+01 1.970000000000000000e+02
2.858100000000001373e+01 7.485762453079223633e+01 3.100000000000000000e+01 1.120000000000000000e+02
3.039500000000001734e+01 7.485762453079223633e+01 3.200000000000000000e+01 3.460000000000000000e+02
3.053600000000001558e+01 7.485762453079223633e+01 3.300000000000000000e+01 1.450000000000000000e+02
3.100500000000001677e+01 7.485762453079223633e+01 3.400000000000000000e+01 2.650000000000000000e+02
3.163100000000001444e+01 7.485762453079223633e+01 3.500000000000000000e+01 1.530000000000000000e+02
3.277500000000000568e+01 7.485762453079223633e+01 3.600000000000000000e+01 2.830000000000000000e+02
3.346000000000000085e+01 7.485762453079223633e+01 3.700000000000000000e+01 2.400000000000000000e+02
3.401799999999999358e+01 7.485762453079223633e+01 3.800000000000000000e+01 3.330000000000000000e+02
3.479200000000000870e+01 7.485762453079223633e+01 3.900000000000000000e+01 4.870000000000000000e+02
3.587700000000002376e+01 7.485762453079223633e+01 4.000000000000000000e+01 1.980000000000000000e+02
3.627900000000001057e+01 7.485762453079223633e+01 4.100000000000000000e+01 1.780000000000000000e+02
3.786999999999999744e+01 7.485762453079223633e+01 4.200000000000000000e+01 2.830000000000000000e+02
3.861499999999998778e+01 7.485762453079223633e+01 4.300000000000000000e+01 1.950000000000000000e+02
3.935599999999998744e+01 7.485762453079223633e+01 4.400000000000000000e+01 1.830000000000000000e+02
4.044699999999993878e+01 7.485762453079223633e+01 4.500000000000000000e+01 2.600000000000000000e+02
4.155799999999991456e+01 7.485762453079223633e+01 4.600000000000000000e+01 1.110000000000000000e+02
4.211699999999991917e+01 7.485762453079223633e+01 4.700000000000000000e+01 2.000000000000000000e+02
4.268999999999991246e+01 7.485762453079223633e+01 4.800000000000000000e+01 1.470000000000000000e+02
4.508699999999987540e+01 7.485762453079223633e+01 4.900000000000000000e+01 2.600000000000000000e+02
4.559099999999984476e+01 7.485762453079223633e+01 5.000000000000000000e+01 3.810000000000000000e+02
4.696499999999990393e+01 7.485762453079223633e+01 5.100000000000000000e+01 2.230000000000000000e+02
4.743699999999992656e+01 7.485762453079223633e+01 5.200000000000000000e+01 2.980000000000000000e+02
4.846999999999996334e+01 7.485762453079223633e+01 5.300000000000000000e+01 2.930000000000000000e+02
4.950699999999999790e+01 7.485762453079223633e+01 5.400000000000000000e+01 2.480000000000000000e+02
5.037700000000003797e+01 7.485762453079223633e+01 5.500000000000000000e+01 3.320000000000000000e+02
5.125500000000005940e+01 7.485762453079223633e+01 5.600000000000000000e+01 2.040000000000000000e+02
5.208400000000008134e+01 7.485762453079223633e+01 5.700000000000000000e+01 3.830000000000000000e+02
5.323300000000010357e+01 7.485762453079223633e+01 5.800000000000000000e+01 1.750000000000000000e+02
5.418600000000016337e+01 7.485762453079223633e+01 5.900000000000000000e+01 3.530000000000000000e+02
5.500900000000014956e+01 7.485762453079223633e+01 6.000000000000000000e+01 1.310000000000000000e+02
5.620800000000024710e+01 7.485762453079223633e+01 6.100000000000000000e+01 2.320000000000000000e+02
5.710700000000030485e+01 7.485762453079223633e+01 6.200000000000000000e+01 1.190000000000000000e+02
5.823400000000034993e+01 7.485762453079223633e+01 6.300000000000000000e+01 1.860000000000000000e+02
6.126500000000046953e+01 7.485762453079223633e+01 6.400000000000000000e+01 1.890000000000000000e+02
6.388700000000057599e+01 7.485762453079223633e+01 6.500000000000000000e+01 8.000000000000000000e+02
6.588900000000064949e+01 7.485762453079223633e+01 6.600000000000000000e+01 9.800000000000000000e+01
6.806100000000073180e+01 7.485762453079223633e+01 6.700000000000000000e+01 1.860000000000000000e+02
6.877800000000077318e+01 7.485762453079223633e+01 6.800000000000000000e+01 3.380000000000000000e+02
7.008000000000080831e+01 7.485762453079223633e+01 6.900000000000000000e+01 1.660000000000000000e+02
7.111500000000084754e+01 7.485762453079223633e+01 7.000000000000000000e+01 1.340000000000000000e+02
7.212000000000088562e+01 7.485762453079223633e+01 7.100000000000000000e+01 1.430000000000000000e+02
7.486700000000098498e+01 7.485762453079223633e+01 7.200000000000000000e+01 2.430000000000000000e+02
0.000000000000000000e+00 7.485762453079223633e+01 0.000000000000000000e+00 0.000000000000000000e+00
0.000000000000000000e+00 7.485762453079223633e+01 0.000000000000000000e+00 0.000000000000000000e+00
4.485999999999999766e+00 6.918682837486267090e+01 0.000000000000000000e+00 1.300000000000000000e+01
5.409000000000000696e+00 6.918682837486267090e+01 1.000000000000000000e+00 1.400000000000000000e+01
6.316000000000000725e+00 6.918682837486267090e+01 2.000000000000000000e+00 1.300000000000000000e+01
6.670000000000000817e+00 6.918682837486267090e+01 3.000000000000000000e+00 2.600000000000000000e+01
7.360000000000001208e+00 6.918682837486267090e+01 4.000000000000000000e+00 2.200000000000000000e+01
8.196000000000001506e+00 6.918682837486267090e+01 5.000000000000000000e+00 2.100000000000000000e+01
8.699000000000001620e+00 6.918682837486267090e+01 6.000000000000000000e+00 2.700000000000000000e+01
9.185000000000002274e+00 6.918682837486267090e+01 7.000000000000000000e+00 3.800000000000000000e+01
9.479000000000000981e+00 6.918682837486267090e+01 8.000000000000000000e+00 3.400000000000000000e+01
1.056299999999999883e+01 6.918682837486267090e+01 9.000000000000000000e+00 4.300000000000000000e+01
1.100299999999999834e+01 6.918682837486267090e+01 1.000000000000000000e+01 3.700000000000000000e+01
1.215599999999999881e+01 6.918682837486267090e+01 1.100000000000000000e+01 5.300000000000000000e+01
1.299099999999999788e+01 6.918682837486267090e+01 1.200000000000000000e+01 4.400000000000000000e+01
1.299099999999999788e+01 6.918682837486267090e+01 1.300000000000000000e+01 7.300000000000000000e+01
1.387600000000000122e+01 6.918682837486267090e+01 1.400000000000000000e+01 7.800000000000000000e+01
1.481900000000000261e+01 6.918682837486267090e+01 1.500000000000000000e+01 7.200000000000000000e+01
1.516500000000000270e+01 6.918682837486267090e+01 1.600000000000000000e+01 6.800000000000000000e+01
1.615200000000000102e+01 6.918682837486267090e+01 1.700000000000000000e+01 5.800000000000000000e+01
1.666299999999999670e+01 6.918682837486267090e+01 1.800000000000000000e+01 1.030000000000000000e+02
1.729699999999999349e+01 6.918682837486267090e+01 1.900000000000000000e+01 1.050000000000000000e+02
1.796399999999999864e+01 6.918682837486267090e+01 2.000000000000000000e+01 9.200000000000000000e+01
1.870699999999999363e+01 6.918682837486267090e+01 2.100000000000000000e+01 7.900000000000000000e+01
1.948000000000000043e+01 6.918682837486267090e+01 2.200000000000000000e+01 9.200000000000000000e+01
1.988199999999999790e+01 6.918682837486267090e+01 2.300000000000000000e+01 1.050000000000000000e+02
2.062399999999999523e+01 6.918682837486267090e+01 2.400000000000000000e+01 9.500000000000000000e+01
2.117799999999999017e+01 6.918682837486267090e+01 2.500000000000000000e+01 1.120000000000000000e+02
2.198799999999998178e+01 6.918682837486267090e+01 2.600000000000000000e+01 8.500000000000000000e+01
2.224899999999998101e+01 6.918682837486267090e+01 2.700000000000000000e+01 1.110000000000000000e+02
2.308599999999998076e+01 6.918682837486267090e+01 2.800000000000000000e+01 2.700000000000000000e+02
2.365099999999997138e+01 6.918682837486267090e+01 2.900000000000000000e+01 1.250000000000000000e+02
2.412999999999997414e+01 6.918682837486267090e+01 3.000000000000000000e+01 9.000000000000000000e+01
2.506399999999997164e+01 6.918682837486267090e+01 3.100000000000000000e+01 1.270000000000000000e+02
2.556199999999997630e+01 6.918682837486267090e+01 3.200000000000000000e+01 1.040000000000000000e+02
2.645099999999998275e+01 6.918682837486267090e+01 3.300000000000000000e+01 1.320000000000000000e+02
2.740599999999999170e+01 6.918682837486267090e+01 3.400000000000000000e+01 1.400000000000000000e+02
2.776299999999999102e+01 6.918682837486267090e+01 3.500000000000000000e+01 1.080000000000000000e+02
2.869999999999998153e+01 6.918682837486267090e+01 3.600000000000000000e+01 1.590000000000000000e+02
2.976099999999998502e+01 6.918682837486267090e+01 3.700000000000000000e+01 1.280000000000000000e+02
3.049899999999998812e+01 6.918682837486267090e+01 3.800000000000000000e+01 1.390000000000000000e+02
3.139199999999998525e+01 6.918682837486267090e+01 3.900000000000000000e+01 2.220000000000000000e+02
3.193699999999997630e+01 6.918682837486267090e+01 4.000000000000000000e+01 1.190000000000000000e+02
3.281999999999997897e+01 6.918682837486267090e+01 4.100000000000000000e+01 2.020000000000000000e+02
3.331799999999996231e+01 6.918682837486267090e+01 4.200000000000000000e+01 1.720000000000000000e+02
3.445699999999995100e+01 6.918682837486267090e+01 4.300000000000000000e+01 2.170000000000000000e+02
3.491599999999995418e+01 6.918682837486267090e+01 4.400000000000000000e+01 1.880000000000000000e+02
3.610299999999994469e+01 6.918682837486267090e+01 4.500000000000000000e+01 3.230000000000000000e+02
3.667399999999991422e+01 6.918682837486267090e+01 4.600000000000000000e+01 2.060000000000000000e+02
3.757699999999990581e+01 6.918682837486267090e+01 4.700000000000000000e+01 1.600000000000000000e+02
3.798699999999990240e+01 6.918682837486267090e+01 4.800000000000000000e+01 1.920000000000000000e+02
4.070299999999975427e+01 6.918682837486267090e+01 4.900000000000000000e+01 3.380000000000000000e+02
4.188399999999978718e+01 6.918682837486267090e+01 5.000000000000000000e+01 3.610000000000000000e+02
4.268699999999981287e+01 6.918682837486267090e+01 5.100000000000000000e+01 2.220000000000000000e+02
4.442599999999990956e+01 6.918682837486267090e+01 5.200000000000000000e+01 2.210000000000000000e+02
4.528099999999992065e+01 6.918682837486267090e+01 5.300000000000000000e+01 3.730000000000000000e+02
4.637599999999999056e+01 6.918682837486267090e+01 5.400000000000000000e+01 1.650000000000000000e+02
4.713699999999995072e+01 6.918682837486267090e+01 5.500000000000000000e+01 2.000000000000000000e+02
4.820000000000003126e+01 6.918682837486267090e+01 5.600000000000000000e+01 1.360000000000000000e+02
4.930100000000005878e+01 6.918682837486267090e+01 5.700000000000000000e+01 1.490000000000000000e+02
5.026200000000015677e+01 6.918682837486267090e+01 5.800000000000000000e+01 1.320000000000000000e+02
5.132500000000017337e+01 6.918682837486267090e+01 5.900000000000000000e+01 1.480000000000000000e+02
5.245200000000020424e+01 6.918682837486267090e+01 6.000000000000000000e+01 9.600000000000000000e+01
5.342700000000031224e+01 6.918682837486267090e+01 6.100000000000000000e+01 2.100000000000000000e+02
5.511900000000040478e+01 6.918682837486267090e+01 6.200000000000000000e+01 2.360000000000000000e+02
5.637000000000045929e+01 6.918682837486267090e+01 6.300000000000000000e+01 4.570000000000000000e+02
5.721800000000049380e+01 6.918682837486267090e+01 6.400000000000000000e+01 1.990000000000000000e+02
5.861100000000053711e+01 6.918682837486267090e+01 6.500000000000000000e+01 1.400000000000000000e+02
5.946900000000057673e+01 6.918682837486267090e+01 6.600000000000000000e+01 1.350000000000000000e+02
6.113500000000063039e+01 6.918682837486267090e+01 6.700000000000000000e+01 1.060000000000000000e+02
6.261100000000069343e+01 6.918682837486267090e+01 6.800000000000000000e+01 1.320000000000000000e+02
6.444100000000076989e+01 6.918682837486267090e+01 6.900000000000000000e+01 1.050000000000000000e+02
6.590300000000083003e+01 6.918682837486267090e+01 7.000000000000000000e+01 8.800000000000000000e+01
6.758200000000088892e+01 6.918682837486267090e+01 7.100000000000000000e+01 8.200000000000000000e+01
6.894400000000094053e+01 6.918682837486267090e+01 7.200000000000000000e+01 4.300000000000000000e+01
0.000000000000000000e+00 6.918682837486267090e+01 0.000000000000000000e+00 0.000000000000000000e+00
0.000000000000000000e+00 6.918682837486267090e+01 0.000000000000000000e+00 0.000000000000000000e+00
5.214999999999999858e+00 7.660324311256408691e+01 0.000000000000000000e+00 1.000000000000000000e+01
6.316000000000000725e+00 7.660324311256408691e+01 1.000000000000000000e+00 1.200000000000000000e+01
7.035000000000001030e+00 7.660324311256408691e+01 2.000000000000000000e+00 1.800000000000000000e+01
7.736000000000001542e+00 7.660324311256408691e+01 3.000000000000000000e+00 1.400000000000000000e+01
8.079000000000000625e+00 7.660324311256408691e+01 4.000000000000000000e+00 3.500000000000000000e+01
8.746000000000000441e+00 7.660324311256408691e+01 5.000000000000000000e+00 3.800000000000000000e+01
9.558000000000003382e+00 7.660324311256408691e+01 6.000000000000000000e+00 4.000000000000000000e+01
1.019100000000000428e+01 7.660324311256408691e+01 7.000000000000000000e+00 2.700000000000000000e+01
1.080100000000000371e+01 7.660324311256408691e+01 8.000000000000000000e+00 3.700000000000000000e+01
1.112100000000000399e+01 7.660324311256408691e+01 9.000000000000000000e+00 6.400000000000000000e+01
1.189000000000000234e+01 7.660324311256408691e+01 1.000000000000000000e+01 4.200000000000000000e+01
1.262300000000000466e+01 7.660324311256408691e+01 1.100000000000000000e+01 1.800000000000000000e+01
1.290400000000000524e+01 7.660324311256408691e+01 1.200000000000000000e+01 6.600000000000000000e+01
1.328400000000000603e+01 7.660324311256408691e+01 1.300000000000000000e+01 4.600000000000000000e+01
1.384600000000000541e+01 7.660324311256408691e+01 1.400000000000000000e+01 4.800000000000000000e+01
1.447800000000000509e+01 7.660324311256408691e+01 1.500000000000000000e+01 4.900000000000000000e+01
1.497300000000000431e+01 7.660324311256408691e+01 1.600000000000000000e+01 1.300000000000000000e+02
1.545300000000000296e+01 7.660324311256408691e+01 1.700000000000000000e+01 9.900000000000000000e+01
1.638400000000000034e+01 7.660324311256408691e+01 1.800000000000000000e+01 1.050000000000000000e+02
1.706099999999999639e+01 7.660324311256408691e+01 1.900000000000000000e+01 5.200000000000000000e+01
1.750499999999999545e+01 7.660324311256408691e+01 2.000000000000000000e+01 1.120000000000000000e+02
1.825399999999999778e+01 7.660324311256408691e+01 2.100000000000000000e+01 8.600000000000000000e+01
1.887300000000000111e+01 7.660324311256408691e+01 2.200000000000000000e+01 1.060000000000000000e+02
1.963500000000000512e+01 7.660324311256408691e+01 2.300000000000000000e+01 1.510000000000000000e+02
2.024400000000000688e+01 7.660324311256408691e+01 2.400000000000000000e+01 6.000000000000000000e+01
2.075500000000000966e+01 7.660324311256408691e+01 2.500000000000000000e+01 8.600000000000000000e+01
2.172200000000000131e+01 7.660324311256408691e+01 2.600000000000000000e+01 1.110000000000000000e+02
2.233800000000000097e+01 7.660324311256408691e+01 2.700000000000000000e+01 1.220000000000000000e+02
2.258999999999999631e+01 7.660324311256408691e+01 2.800000000000000000e+01 9.400000000000000000e+01
2.347199999999998354e+01 7.660324311256408691e+01 2.900000000000000000e+01 6.900000000000000000e+01
2.413299999999997780e+01 7.660324311256408691e+01 3.000000000000000000e+01 1.340000000000000000e+02
2.488699999999997914e+01 7.660324311256408691e+01 3.100000000000000000e+01 1.280000000000000000e+02
2.581299999999997752e+01 7.660324311256408691e+01 3.200000000000000000e+01 1.450000000000000000e+02
2.695099999999997920e+01 7.660324311256408691e+01 3.300000000000000000e+01 9.700000000000000000e+01
2.749099999999998545e+01 7.660324311256408691e+01 3.400000000000000000e+01 1.560000000000000000e+02
2.819899999999997675e+01 7.660324311256408691e+01 3.500000000000000000e+01 1.840000000000000000e+02
2.918399999999997618e+01 7.660324311256408691e+01 3.600000000000000000e+01 1.030000000000000000e+02
2.952199999999997360e+01 7.660324311256408691e+01 3.700000000000000000e+01 2.010000000000000000e+02
3.051199999999996493e+01 7.660324311256408691e+01 3.800000000000000000e+01 1.290000000000000000e+02
3.149799999999995848e+01 7.660324311256408691e+01 3.900000000000000000e+01 1.000000000000000000e+02
3.207799999999996032e+01 7.660324311256408691e+01 4.000000000000000000e+01 2.610000000000000000e+02
3.281699999999995043e+01 7.660324311256408691e+01 4.100000000000000000e+01 1.330000000000000000e+02
3.347499999999993747e+01 7.660324311256408691e+01 4.200000000000000000e+01 1.610000000000000000e+02
3.414199999999991775e+01 7.660324311256408691e+01 4.300000000000000000e+01 1.230000000000000000e+02
3.486799999999993105e+01 7.660324311256408691e+01 4.400000000000000000e+01 2.230000000000000000e+02
3.567999999999991445e+01 7.660324311256408691e+01 4.500000000000000000e+01 1.250000000000000000e+02
3.626499999999988688e+01 7.660324311256408691e+01 4.600000000000000000e+01 3.220000000000000000e+02
3.709099999999989450e+01 7.660324311256408691e+01 4.700000000000000000e+01 2.310000000000000000e+02
3.778799999999986881e+01 7.660324311256408691e+01 4.800000000000000000e+01 2.740000000000000000e+02
3.875199999999982481e+01 7.660324311256408691e+01 4.900000000000000000e+01 3.230000000000000000e+02
3.965099999999979730e+01 7.660324311256408691e+01 5.000000000000000000e+01 2.990000000000000000e+02
4.054799999999983839e+01 7.660324311256408691e+01 5.100000000000000000e+01 2.620000000000000000e+02
4.145099999999986551e+01 7.660324311256408691e+01 5.200000000000000000e+01 3.400000000000000000e+02
4.219899999999991991e+01 7.660324311256408691e+01 5.300000000000000000e+01 2.750000000000000000e+02
4.359599999999998232e+01 7.660324311256408691e+01 5.400000000000000000e+01 3.150000000000000000e+02
4.461800000000001631e+01 7.660324311256408691e+01 5.500000000000000000e+01 2.000000000000000000e+02
4.542800000000006122e+01 7.660324311256408691e+01 5.600000000000000000e+01 1.720000000000000000e+02
4.653800000000008197e+01 7.660324311256408691e+01 5.700000000000000000e+01 1.790000000000000000e+02
4.759300000000009589e+01 7.660324311256408691e+01 5.800000000000000000e+01 3.240000000000000000e+02
4.844800000000014251e+01 7.660324311256408691e+01 5.900000000000000000e+01 4.250000000000000000e+02
5.093700000000013972e+01 7.660324311256408691e+01 6.000000000000000000e+01 2.640000000000000000e+02
5.419000000000045247e+01 7.660324311256408691e+01 6.100000000000000000e+01 3.710000000000000000e+02
5.630400000000058469e+01 7.660324311256408691e+01 6.200000000000000000e+01 1.690000000000000000e+02
5.861400000000067223e+01 7.660324311256408691e+01 6.300000000000000000e+01 1.930000000000000000e+02
6.056800000000075102e+01 7.660324311256408691e+01 6.400000000000000000e+01 1.250000000000000000e+02
6.187800000000078882e+01 7.660324311256408691e+01 6.500000000000000000e+01 5.260000000000000000e+02
6.270000000000083418e+01 7.660324311256408691e+01 6.600000000000000000e+01 1.490000000000000000e+02
6.543700000000092132e+01 7.660324311256408691e+01 6.700000000000000000e+01 2.890000000000000000e+02
6.672900000000096554e+01 7.660324311256408691e+01 6.800000000000000000e+01 2.150000000000000000e+02
6.773800000000099431e+01 7.660324311256408691e+01 6.900000000000000000e+01 2.480000000000000000e+02
6.990800000000109549e+01 7.660324311256408691e+01 7.000000000000000000e+01 3.330000000000000000e+02
7.182900000000114460e+01 7.660324311256408691e+01 7.100000000000000000e+01 5.060000000000000000e+02
7.649400000000133559e+01 7.660324311256408691e+01 7.200000000000000000e+01 5.090000000000000000e+02
0.000000000000000000e+00 7.660324311256408691e+01 0.000000000000000000e+00 0.000000000000000000e+00
0.000000000000000000e+00 7.660324311256408691e+01 0.000000000000000000e+00 0.000000000000000000e+00
3.952999999999999847e+00 8.043938946723937988e+01 0.000000000000000000e+00 0.000000000000000000e+00
5.604000000000000981e+00 8.043938946723937988e+01 1.000000000000000000e+00 8.000000000000000000e+00
6.499000000000001442e+00 8.043938946723937988e+01 2.000000000000000000e+00 1.600000000000000000e+01
7.375000000000001776e+00 8.043938946723937988e+01 3.000000000000000000e+00 2.100000000000000000e+01
7.887000000000001343e+00 8.043938946723937988e+01 4.000000000000000000e+00 2.200000000000000000e+01
8.720000000000000639e+00 8.043938946723937988e+01 5.000000000000000000e+00 2.300000000000000000e+01
9.369000000000001549e+00 8.043938946723937988e+01 6.000000000000000000e+00 2.500000000000000000e+01
1.015900000000000070e+01 8.043938946723937988e+01 7.000000000000000000e+00 3.100000000000000000e+01
1.047300000000000075e+01 8.043938946723937988e+01 8.000000000000000000e+00 3.800000000000000000e+01
1.107500000000000107e+01 8.043938946723937988e+01 9.000000000000000000e+00 4.400000000000000000e+01
1.195100000000000051e+01 8.043938946723937988e+01 1.000000000000000000e+01 2.700000000000000000e+01
1.247300000000000075e+01 8.043938946723937988e+01 1.100000000000000000e+01 6.300000000000000000e+01
1.320899999999999963e+01 8.043938946723937988e+01 1.200000000000000000e+01 3.500000000000000000e+01
1.360999999999999766e+01 8.043938946723937988e+01 1.300000000000000000e+01 9.700000000000000000e+01
1.451999999999999780e+01 8.043938946723937988e+01 1.400000000000000000e+01 4.000000000000000000e+01
1.451899999999999658e+01 8.043938946723937988e+01 1.500000000000000000e+01 7.500000000000000000e+01
1.550599999999999667e+01 8.043938946723937988e+01 1.600000000000000000e+01 1.080000000000000000e+02
1.621699999999999875e+01 8.043938946723937988e+01 1.700000000000000000e+01 1.120000000000000000e+02
1.656599999999999540e+01 8.043938946723937988e+01 1.800000000000000000e+01 5.800000000000000000e+01
1.712699999999999179e+01 8.043938946723937988e+01 1.900000000000000000e+01 1.000000000000000000e+02
1.771399999999999508e+01 8.043938946723937988e+01 2.000000000000000000e+01 9.300000000000000000e+01
1.808999999999999986e+01 8.043938946723937988e+01 2.100000000000000000e+01 8.900000000000000000e+01
1.926099999999999568e+01 8.043938946723937988e+01 2.200000000000000000e+01 7.200000000000000000e+01
2.044599999999999440e+01 8.043938946723937988e+01 2.300000000000000000e+01 8.400000000000000000e+01
2.095699999999999719e+01 8.043938946723937988e+01 2.400000000000000000e+01 7.100000000000000000e+01
2.186400000000000077e+01 8.043938946723937988e+01 2.500000000000000000e+01 8.900000000000000000e+01
2.353000000000000114e+01 8.043938946723937988e+01 2.600000000000000000e+01 1.230000000000000000e+02
2.413000000000000256e+01 8.043938946723937988e+01 2.700000000000000000e+01 1.020000000000000000e+02
2.520399999999999707e+01 8.043938946723937988e+01 2.800000000000000000e+01 8.200000000000000000e+01
2.608099999999999241e+01 8.043938946723937988e+01 2.900000000000000000e+01 1.010000000000000000e+02
2.665199999999999037e+01 8.043938946723937988e+01 3.000000000000000000e+01 7.100000000000000000e+01
2.748999999999999844e+01 8.043938946723937988e+01 3.100000000000000000e+01 9.800000000000000000e+01
2.802300000000000324e+01 8.043938946723937988e+01 3.200000000000000000e+01 7.500000000000000000e+01
2.901400000000001000e+01 8.043938946723937988e+01 3.300000000000000000e+01 1.160000000000000000e+02
2.999600000000000932e+01 8.043938946723937988e+01 3.400000000000000000e+01 9.900000000000000000e+01
3.137600000000000477e+01 8.043938946723937988e+01 3.500000000000000000e+01 9.200000000000000000e+01
3.212100000000000222e+01 8.043938946723937988e+01 3.600000000000000000e+01 8.600000000000000000e+01
3.346999999999999176e+01 8.043938946723937988e+01 3.700000000000000000e+01 1.310000000000000000e+02
3.458899999999997021e+01 8.043938946723937988e+01 3.800000000000000000e+01 8.800000000000000000e+01
3.545999999999997243e+01 8.043938946723937988e+01 3.900000000000000000e+01 1.490000000000000000e+02
3.656399999999999295e+01 8.043938946723937988e+01 4.000000000000000000e+01 1.310000000000000000e+02
3.756700000000000017e+01 8.043938946723937988e+01 4.100000000000000000e+01 1.430000000000000000e+02
3.863999999999995794e+01 8.043938946723937988e+01 4.200000000000000000e+01 2.410000000000000000e+02
3.960599999999992349e+01 8.043938946723937988e+01 4.300000000000000000e+01 1.870000000000000000e+02
4.102199999999992741e+01 8.043938946723937988e+01 4.400000000000000000e+01 1.490000000000000000e+02
4.183599999999992747e+01 8.043938946723937988e+01 4.500000000000000000e+01 2.540000000000000000e+02
4.320999999999988006e+01 8.043938946723937988e+01 4.600000000000000000e+01 1.570000000000000000e+02
4.412599999999986267e+01 8.043938946723937988e+01 4.700000000000000000e+01 2.650000000000000000e+02
4.550699999999981316e+01 8.043938946723937988e+01 4.800000000000000000e+01 1.470000000000000000e+02
4.653599999999975978e+01 8.043938946723937988e+01 4.900000000000000000e+01 2.160000000000000000e+02
4.765099999999976887e+01 8.043938946723937988e+01 5.000000000000000000e+01 2.150000000000000000e+02
4.874099999999982202e+01 8.043938946723937988e+01 5.100000000000000000e+01 7.400000000000000000e+01
4.961599999999986466e+01 8.043938946723937988e+01 5.200000000000000000e+01 1.300000000000000000e+02
5.166599999999980497e+01 8.043938946723937988e+01 5.300000000000000000e+01 1.290000000000000000e+02
5.270399999999986562e+01 8.043938946723937988e+01 5.400000000000000000e+01 1.400000000000000000e+02
5.365699999999986858e+01 8.043938946723937988e+01 5.500000000000000000e+01 1.310000000000000000e+02
5.463399999999995060e+01 8.043938946723937988e+01 5.600000000000000000e+01 1.080000000000000000e+02
5.543399999999993355e+01 8.043938946723937988e+01 5.700000000000000000e+01 1.070000000000000000e+02
5.671699999999999164e+01 8.043938946723937988e+01 5.800000000000000000e+01 1.080000000000000000e+02
5.772900000000002052e+01 8.043938946723937988e+01 5.900000000000000000e+01 1.190000000000000000e+02
5.881500000000003325e+01 8.043938946723937988e+01 6.000000000000000000e+01 1.010000000000000000e+02
6.172500000000028564e+01 8.043938946723937988e+01 6.100000000000000000e+01 2.170000000000000000e+02
6.287000000000037403e+01 8.043938946723937988e+01 6.200000000000000000e+01 2.330000000000000000e+02
6.385600000000041376e+01 8.043938946723937988e+01 6.300000000000000000e+01 2.550000000000000000e+02
6.524800000000045941e+01 8.043938946723937988e+01 6.400000000000000000e+01 1.270000000000000000e+02
6.606200000000049499e+01 8.043938946723937988e+01 6.500000000000000000e+01 2.890000000000000000e+02
6.760700000000052512e+01 8.043938946723937988e+01 6.600000000000000000e+01 2.060000000000000000e+02
6.806900000000055684e+01 8.043938946723937988e+01 6.700000000000000000e+01 3.260000000000000000e+02
6.994700000000061380e+01 8.043938946723937988e+01 6.800000000000000000e+01 3.380000000000000000e+02
7.132000000000064688e+01 8.043938946723937988e+01 6.900000000000000000e+01 1.800000000000000000e+02
7.430700000000076955e+01 8.043938946723937988e+01 7.000000000000000000e+01 2.470000000000000000e+02
7.726300000000088630e+01 8.043938946723937988e+01 7.100000000000000000e+01 2.520000000000000000e+02
8.043200000000101113e+01 8.043938946723937988e+01 7.200000000000000000e+01 2.480000000000000000e+02
0.000000000000000000e+00 8.043938946723937988e+01 0.000000000000000000e+00 0.000000000000000000e+00
0.000000000000000000e+00 8.043938946723937988e+01 0.000000000000000000e+00 0.000000000000000000e+00
2.935999999999999499e+00 7.606411933898925781e+01 0.000000000000000000e+00 0.000000000000000000e+00
4.858999999999999986e+00 7.606411933898925781e+01 1.000000000000000000e+00 1.000000000000000000e+00
5.403000000000000469e+00 7.606411933898925781e+01 2.000000000000000000e+00 9.000000000000000000e+00
6.276000000000000689e+00 7.606411933898925781e+01 3.000000000000000000e+00 2.200000000000000000e+01
7.129999999999999893e+00 7.606411933898925781e+01 4.000000000000000000e+00 1.800000000000000000e+01
7.964999999999999858e+00 7.606411933898925781e+01 5.000000000000000000e+00 3.100000000000000000e+01
8.937000000000001165e+00 7.606411933898925781e+01 6.000000000000000000e+00 4.000000000000000000e+01
9.086000000000000298e+00 7.606411933898925781e+01 7.000000000000000000e+00 2.900000000000000000e+01
1.033200000000000074e+01 7.606411933898925781e+01 8.000000000000000000e+00 5.400000000000000000e+01
1.033200000000000074e+01 7.606411933898925781e+01 9.000000000000000000e+00 3.300000000000000000e+01
1.091999999999999993e+01 7.606411933898925781e+01 1.000000000000000000e+01 5.400000000000000000e+01
1.162700000000000067e+01 7.606411933898925781e+01 1.100000000000000000e+01 6.000000000000000000e+01
1.259200000000000053e+01 7.606411933898925781e+01 1.200000000000000000e+01 5.400000000000000000e+01
1.295199999999999818e+01 7.606411933898925781e+01 1.300000000000000000e+01 5.000000000000000000e+01
1.365099999999999980e+01 7.606411933898925781e+01 1.400000000000000000e+01 5.100000000000000000e+01
1.453899999999999970e+01 7.606411933898925781e+01 1.500000000000000000e+01 6.500000000000000000e+01
1.504000000000000092e+01 7.606411933898925781e+01 1.600000000000000000e+01 1.210000000000000000e+02
1.565399999999999991e+01 7.606411933898925781e+01 1.700000000000000000e+01 4.300000000000000000e+01
1.608999999999999986e+01 7.606411933898925781e+01 1.800000000000000000e+01 8.000000000000000000e+01
1.667799999999999727e+01 7.606411933898925781e+01 1.900000000000000000e+01 1.460000000000000000e+02
1.725499999999999545e+01 7.606411933898925781e+01 2.000000000000000000e+01 8.600000000000000000e+01
1.810699999999999577e+01 7.606411933898925781e+01 2.100000000000000000e+01 5.700000000000000000e+01
1.865499999999999758e+01 7.606411933898925781e+01 2.200000000000000000e+01 1.140000000000000000e+02
1.914699999999999491e+01 7.606411933898925781e+01 2.300000000000000000e+01 9.500000000000000000e+01
1.976699999999999235e+01 7.606411933898925781e+01 2.400000000000000000e+01 1.650000000000000000e+02
2.074599999999999156e+01 7.606411933898925781e+01 2.500000000000000000e+01 2.000000000000000000e+02
2.167899999999999494e+01 7.606411933898925781e+01 2.600000000000000000e+01 2.200000000000000000e+02
2.267599999999999483e+01 7.606411933898925781e+01 2.700000000000000000e+01 1.190000000000000000e+02
2.326699999999998880e+01 7.606411933898925781e+01 2.800000000000000000e+01 2.130000000000000000e+02
2.418099999999997607e+01 7.606411933898925781e+01 2.900000000000000000e+01 8.300000000000000000e+01
2.518299999999999272e+01 7.606411933898925781e+01 3.000000000000000000e+01 1.290000000000000000e+02
2.598300000000000054e+01 7.606411933898925781e+01 3.100000000000000000e+01 1.070000000000000000e+02
2.670800000000000196e+01 7.606411933898925781e+01 3.200000000000000000e+01 6.900000000000000000e+01
2.782100000000000506e+01 7.606411933898925781e+01 3.300000000000000000e+01 1.660000000000000000e+02
2.859000000000000696e+01 7.606411933898925781e+01 3.400000000000000000e+01 7.000000000000000000e+01
2.980100000000000904e+01 7.606411933898925781e+01 3.500000000000000000e+01 8.600000000000000000e+01
3.057400000000000517e+01 7.606411933898925781e+01 3.600000000000000000e+01 9.500000000000000000e+01
3.204500000000001592e+01 7.606411933898925781e+01 3.700000000000000000e+01 1.160000000000000000e+02
3.296600000000000819e+01 7.606411933898925781e+01 3.800000000000000000e+01 8.900000000000000000e+01
3.362100000000001643e+01 7.606411933898925781e+01 3.900000000000000000e+01 1.060000000000000000e+02
3.467100000000002069e+01 7.606411933898925781e+01 4.000000000000000000e+01 1.900000000000000000e+02
3.584700000000002262e+01 7.606411933898925781e+01 4.100000000000000000e+01 1.160000000000000000e+02
3.655199999999999960e+01 7.606411933898925781e+01 4.200000000000000000e+01 1.030000000000000000e+02
3.749299999999999500e+01 7.606411933898925781e+01 4.300000000000000000e+01 1.200000000000000000e+02
3.827800000000000580e+01 7.606411933898925781e+01 4.400000000000000000e+01 1.510000000000000000e+02
3.972999999999996135e+01 7.606411933898925781e+01 4.500000000000000000e+01 1.520000000000000000e+02
4.067499999999990479e+01 7.606411933898925781e+01 4.600000000000000000e+01 1.960000000000000000e+02
4.154399999999991877e+01 7.606411933898925781e+01 4.700000000000000000e+01 1.140000000000000000e+02
4.301999999999986102e+01 7.606411933898925781e+01 4.800000000000000000e+01 9.200000000000000000e+01
4.383299999999981367e+01 7.606411933898925781e+01 4.900000000000000000e+01 1.340000000000000000e+02
4.476699999999981117e+01 7.606411933898925781e+01 5.000000000000000000e+01 9.100000000000000000e+01
4.587699999999988165e+01 7.606411933898925781e+01 5.100000000000000000e+01 3.440000000000000000e+02
4.674399999999992161e+01 7.606411933898925781e+01 5.200000000000000000e+01 9.100000000000000000e+01
4.766999999999993776e+01 7.606411933898925781e+01 5.300000000000000000e+01 2.510000000000000000e+02
4.876699999999999591e+01 7.606411933898925781e+01 5.400000000000000000e+01 1.010000000000000000e+02
4.955799999999996430e+01 7.606411933898925781e+01 5.500000000000000000e+01 1.760000000000000000e+02
5.100800000000004530e+01 7.606411933898925781e+01 5.600000000000000000e+01 1.730000000000000000e+02
5.248600000000002552e+01 7.606411933898925781e+01 5.700000000000000000e+01 9.200000000000000000e+01
5.528700000000017667e+01 7.606411933898925781e+01 5.800000000000000000e+01 3.430000000000000000e+02
5.616200000000017667e+01 7.606411933898925781e+01 5.900000000000000000e+01 2.770000000000000000e+02
5.734300000000022379e+01 7.606411933898925781e+01 6.000000000000000000e+01 2.760000000000000000e+02
5.862400000000032207e+01 7.606411933898925781e+01 6.100000000000000000e+01 1.920000000000000000e+02
5.949200000000036681e+01 7.606411933898925781e+01 6.200000000000000000e+01 2.310000000000000000e+02
6.334200000000052455e+01 7.606411933898925781e+01 6.300000000000000000e+01 4.930000000000000000e+02
6.379700000000056548e+01 7.606411933898925781e+01 6.400000000000000000e+01 4.910000000000000000e+02
6.512000000000058719e+01 7.606411933898925781e+01 6.500000000000000000e+01 5.140000000000000000e+02
6.632800000000061402e+01 7.606411933898925781e+01 6.600000000000000000e+01 5.260000000000000000e+02
6.744800000000064699e+01 7.606411933898925781e+01 6.700000000000000000e+01 3.810000000000000000e+02
6.930000000000069349e+01 7.606411933898925781e+01 6.800000000000000000e+01 2.910000000000000000e+02
7.064400000000075863e+01 7.606411933898925781e+01 6.900000000000000000e+01 1.840000000000000000e+02
7.213100000000079604e+01 7.606411933898925781e+01 7.000000000000000000e+01 1.400000000000000000e+02
7.527600000000093416e+01 7.606411933898925781e+01 7.100000000000000000e+01 2.980000000000000000e+02
7.600500000000096179e+01 7.606411933898925781e+01 7.200000000000000000e+01 2.070000000000000000e+02
0.000000000000000000e+00 7.606411933898925781e+01 0.000000000000000000e+00 0.000000000000000000e+00
0.000000000000000000e+00 7.606411933898925781e+01 0.000000000000000000e+00 0.000000000000000000e+00
3.652999999999999581e+00 6.998259305953979492e+01 0.000000000000000000e+00 0.000000000000000000e+00
5.479000000000000981e+00 6.998259305953979492e+01 1.000000000000000000e+00 2.000000000000000000e+00
5.840000000000001634e+00 6.998259305953979492e+01 2.000000000000000000e+00 1.000000000000000000e+01
6.891000000000000902e+00 6.998259305953979492e+01 3.000000000000000000e+00 6.000000000000000000e+00
7.914000000000000590e+00 6.998259305953979492e+01 4.000000000000000000e+00 1.100000000000000000e+01
8.413999999999999702e+00 6.998259305953979492e+01 5.000000000000000000e+00 1.500000000000000000e+01
9.222999999999998977e+00 6.998259305953979492e+01 6.000000000000000000e+00 2.500000000000000000e+01
1.016899999999999871e+01 6.998259305953979492e+01 7.000000000000000000e+00 1.800000000000000000e+01
1.093999999999999773e+01 6.998259305953979492e+01 8.000000000000000000e+00 2.200000000000000000e+01
1.109199999999999697e+01 6.998259305953979492e+01 9.000000000000000000e+00 2.300000000000000000e+01
1.196899999999999764e+01 6.998259305953979492e+01 1.000000000000000000e+01 2.800000000000000000e+01
1.239699999999999847e+01 6.998259305953979492e+01 1.100000000000000000e+01 4.100000000000000000e+01
1.308699999999999974e+01 6.998259305953979492e+01 1.200000000000000000e+01 5.000000000000000000e+01
1.362600000000000122e+01 6.998259305953979492e+01 1.300000000000000000e+01 4.700000000000000000e+01
1.441100000000000136e+01 6.998259305953979492e+01 1.400000000000000000e+01 6.000000000000000000e+01
1.556600000000000250e+01 6.998259305953979492e+01 1.500000000000000000e+01 5.400000000000000000e+01
1.582400000000000162e+01 6.998259305953979492e+01 1.600000000000000000e+01 8.800000000000000000e+01
1.643299999999999983e+01 6.998259305953979492e+01 1.700000000000000000e+01 9.400000000000000000e+01
1.702200000000000202e+01 6.998259305953979492e+01 1.800000000000000000e+01 8.600000000000000000e+01
1.734300000000000352e+01 6.998259305953979492e+01 1.900000000000000000e+01 1.250000000000000000e+02
1.845900000000000674e+01 6.998259305953979492e+01 2.000000000000000000e+01 7.700000000000000000e+01
1.909800000000000963e+01 6.998259305953979492e+01 2.100000000000000000e+01 1.190000000000000000e+02
1.950900000000001100e+01 6.998259305953979492e+01 2.200000000000000000e+01 7.600000000000000000e+01
2.032300000000001461e+01 6.998259305953979492e+01 2.300000000000000000e+01 1.200000000000000000e+02
2.072400000000001796e+01 6.998259305953979492e+01 2.400000000000000000e+01 9.500000000000000000e+01
2.179400000000001114e+01 6.998259305953979492e+01 2.500000000000000000e+01 1.710000000000000000e+02
2.286300000000001020e+01 6.998259305953979492e+01 2.600000000000000000e+01 1.460000000000000000e+02
2.339300000000000779e+01 6.998259305953979492e+01 2.700000000000000000e+01 1.490000000000000000e+02
2.374700000000000344e+01 6.998259305953979492e+01 2.800000000000000000e+01 1.260000000000000000e+02
2.501799999999998292e+01 6.998259305953979492e+01 2.900000000000000000e+01 1.400000000000000000e+02
2.575699999999999790e+01 6.998259305953979492e+01 3.000000000000000000e+01 1.040000000000000000e+02
2.683500000000000796e+01 6.998259305953979492e+01 3.100000000000000000e+01 1.540000000000000000e+02
2.776400000000001711e+01 6.998259305953979492e+01 3.200000000000000000e+01 2.810000000000000000e+02
2.846700000000002007e+01 6.998259305953979492e+01 3.300000000000000000e+01 1.670000000000000000e+02
2.958900000000001285e+01 6.998259305953979492e+01 3.400000000000000000e+01 1.660000000000000000e+02
3.047599999999999909e+01 6.998259305953979492e+01 3.500000000000000000e+01 1.240000000000000000e+02
3.143699999999999761e+01 6.998259305953979492e+01 3.600000000000000000e+01 3.850000000000000000e+02
3.200999999999999801e+01 6.998259305953979492e+01 3.700000000000000000e+01 1.960000000000000000e+02
3.250699999999998369e+01 6.998259305953979492e+01 3.800000000000000000e+01 2.870000000000000000e+02
3.314999999999997016e+01 6.998259305953979492e+01 3.900000000000000000e+01 1.600000000000000000e+02
3.376399999999999579e+01 6.998259305953979492e+01 4.000000000000000000e+01 3.210000000000000000e+02
3.484699999999999420e+01 6.998259305953979492e+01 4.100000000000000000e+01 4.000000000000000000e+02
3.522399999999998244e+01 6.998259305953979492e+01 4.200000000000000000e+01 1.890000000000000000e+02
3.571999999999995623e+01 6.998259305953979492e+01 4.300000000000000000e+01 2.680000000000000000e+02
3.695299999999995322e+01 6.998259305953979492e+01 4.400000000000000000e+01 4.850000000000000000e+02
3.773499999999993548e+01 6.998259305953979492e+01 4.500000000000000000e+01 2.090000000000000000e+02
3.848499999999989996e+01 6.998259305953979492e+01 4.600000000000000000e+01 2.270000000000000000e+02
3.904799999999991655e+01 6.998259305953979492e+01 4.700000000000000000e+01 2.290000000000000000e+02
4.027399999999985880e+01 6.998259305953979492e+01 4.800000000000000000e+01 3.150000000000000000e+02
4.089199999999983248e+01 6.998259305953979492e+01 4.900000000000000000e+01 3.530000000000000000e+02
4.233299999999981367e+01 6.998259305953979492e+01 5.000000000000000000e+01 2.820000000000000000e+02
4.308599999999987773e+01 6.998259305953979492e+01 5.100000000000000000e+01 2.510000000000000000e+02
4.425999999999991275e+01 6.998259305953979492e+01 5.200000000000000000e+01 2.440000000000000000e+02
4.505899999999989802e+01 6.998259305953979492e+01 5.300000000000000000e+01 1.830000000000000000e+02
4.773000000000004661e+01 6.998259305953979492e+01 5.400000000000000000e+01 1.790000000000000000e+02
4.851300000000002655e+01 6.998259305953979492e+01 5.500000000000000000e+01 4.260000000000000000e+02
4.941800000000011295e+01 6.998259305953979492e+01 5.600000000000000000e+01 1.780000000000000000e+02
5.174800000000002598e+01 6.998259305953979492e+01 5.700000000000000000e+01 6.160000000000000000e+02
5.239200000000008117e+01 6.998259305953979492e+01 5.800000000000000000e+01 3.160000000000000000e+02
5.290900000000010550e+01 6.998259305953979492e+01 5.900000000000000000e+01 4.190000000000000000e+02
5.368400000000011829e+01 6.998259305953979492e+01 6.000000000000000000e+01 3.040000000000000000e+02
5.484300000000022379e+01 6.998259305953979492e+01 6.100000000000000000e+01 4.630000000000000000e+02
5.581700000000027728e+01 6.998259305953979492e+01 6.200000000000000000e+01 3.310000000000000000e+02
5.657500000000032259e+01 6.998259305953979492e+01 6.300000000000000000e+01 2.940000000000000000e+02
5.759700000000035658e+01 6.998259305953979492e+01 6.400000000000000000e+01 2.500000000000000000e+02
5.824500000000038824e+01 6.998259305953979492e+01 6.500000000000000000e+01 5.110000000000000000e+02
5.994000000000045247e+01 6.998259305953979492e+01 6.600000000000000000e+01 5.140000000000000000e+02
6.093300000000048300e+01 6.998259305953979492e+01 6.700000000000000000e+01 2.800000000000000000e+02
6.191900000000051563e+01 6.998259305953979492e+01 6.800000000000000000e+01 3.520000000000000000e+02
6.341500000000057469e+01 6.998259305953979492e+01 6.900000000000000000e+01 8.770000000000000000e+02
6.474300000000063449e+01 6.998259305953979492e+01 7.000000000000000000e+01 2.590000000000000000e+02
6.555800000000066063e+01 6.998259305953979492e+01 7.100000000000000000e+01 2.300000000000000000e+02
6.992200000000082127e+01 6.998259305953979492e+01 7.200000000000000000e+01 3.060000000000000000e+02
6.999300000000081923e+01 6.998259305953979492e+01 0.000000000000000000e+00 0.000000000000000000e+00
0.000000000000000000e+00 6.998259305953979492e+01 0.000000000000000000e+00 0.000000000000000000e+00
4.472000000000000419e+00 7.621510958671569824e+01 0.000000000000000000e+00 0.000000000000000000e+00
5.911000000000000476e+00 7.621510958671569824e+01 1.000000000000000000e+00 1.200000000000000000e+01
6.907999999999999474e+00 7.621510958671569824e+01 2.000000000000000000e+00 1.500000000000000000e+01
8.458999999999997854e+00 7.621510958671569824e+01 3.000000000000000000e+00 1.500000000000000000e+01
9.598999999999998423e+00 7.621510958671569824e+01 4.000000000000000000e+00 2.900000000000000000e+01
9.969999999999998863e+00 7.621510958671569824e+01 5.000000000000000000e+00 2.100000000000000000e+01
1.033199999999999896e+01 7.621510958671569824e+01 6.000000000000000000e+00 2.300000000000000000e+01
1.068499999999999872e+01 7.621510958671569824e+01 7.000000000000000000e+00 2.300000000000000000e+01
1.066799999999999926e+01 7.621510958671569824e+01 8.000000000000000000e+00 3.600000000000000000e+01
1.152699999999999747e+01 7.621510958671569824e+01 9.000000000000000000e+00 4.300000000000000000e+01
1.183899999999999686e+01 7.621510958671569824e+01 1.000000000000000000e+01 4.200000000000000000e+01
1.248799999999999777e+01 7.621510958671569824e+01 1.100000000000000000e+01 5.400000000000000000e+01
1.325099999999999589e+01 7.621510958671569824e+01 1.200000000000000000e+01 5.100000000000000000e+01
1.428899999999999615e+01 7.621510958671569824e+01 1.300000000000000000e+01 3.700000000000000000e+01
1.466399999999999793e+01 7.621510958671569824e+01 1.400000000000000000e+01 8.700000000000000000e+01
1.543099999999999739e+01 7.621510958671569824e+01 1.500000000000000000e+01 6.100000000000000000e+01
1.570599999999999774e+01 7.621510958671569824e+01 1.600000000000000000e+01 1.010000000000000000e+02
1.662599999999999767e+01 7.621510958671569824e+01 1.700000000000000000e+01 5.300000000000000000e+01
1.751899999999999480e+01 7.621510958671569824e+01 1.800000000000000000e+01 1.320000000000000000e+02
1.814099999999999469e+01 7.621510958671569824e+01 1.900000000000000000e+01 1.240000000000000000e+02
1.939499999999999957e+01 7.621510958671569824e+01 2.000000000000000000e+01 1.640000000000000000e+02
1.992899999999999849e+01 7.621510958671569824e+01 2.100000000000000000e+01 1.120000000000000000e+02
2.068999999999998707e+01 7.621510958671569824e+01 2.200000000000000000e+01 1.280000000000000000e+02
2.137599999999999056e+01 7.621510958671569824e+01 2.300000000000000000e+01 8.800000000000000000e+01
2.211299999999999244e+01 7.621510958671569824e+01 2.400000000000000000e+01 9.600000000000000000e+01
2.264999999999999147e+01 7.621510958671569824e+01 2.500000000000000000e+01 8.400000000000000000e+01
2.332099999999999085e+01 7.621510958671569824e+01 2.600000000000000000e+01 1.550000000000000000e+02
2.396599999999998687e+01 7.621510958671569824e+01 2.700000000000000000e+01 7.800000000000000000e+01
2.481399999999999295e+01 7.621510958671569824e+01 2.800000000000000000e+01 9.600000000000000000e+01
2.552099999999999369e+01 7.621510958671569824e+01 2.900000000000000000e+01 8.400000000000000000e+01
2.653999999999999915e+01 7.621510958671569824e+01 3.000000000000000000e+01 1.240000000000000000e+02
2.678800000000000026e+01 7.621510958671569824e+01 3.100000000000000000e+01 1.080000000000000000e+02
2.757600000000000051e+01 7.621510958671569824e+01 3.200000000000000000e+01 9.800000000000000000e+01
2.818100000000000094e+01 7.621510958671569824e+01 3.300000000000000000e+01 9.400000000000000000e+01
2.883799999999999741e+01 7.621510958671569824e+01 3.400000000000000000e+01 1.050000000000000000e+02
2.960999999999999588e+01 7.621510958671569824e+01 3.500000000000000000e+01 1.310000000000000000e+02
2.986799999999999500e+01 7.621510958671569824e+01 3.600000000000000000e+01 1.650000000000000000e+02
3.072199999999999065e+01 7.621510958671569824e+01 3.700000000000000000e+01 2.880000000000000000e+02
3.196999999999999886e+01 7.621510958671569824e+01 3.800000000000000000e+01 1.430000000000000000e+02
3.238399999999998613e+01 7.621510958671569824e+01 3.900000000000000000e+01 1.430000000000000000e+02
3.305999999999996675e+01 7.621510958671569824e+01 4.000000000000000000e+01 5.800000000000000000e+02
3.369899999999998386e+01 7.621510958671569824e+01 4.100000000000000000e+01 2.160000000000000000e+02
3.444599999999999085e+01 7.621510958671569824e+01 4.200000000000000000e+01 2.290000000000000000e+02
3.513000000000000256e+01 7.621510958671569824e+01 4.300000000000000000e+01 1.550000000000000000e+02
3.554400000000000404e+01 7.621510958671569824e+01 4.400000000000000000e+01 2.860000000000000000e+02
3.660599999999996612e+01 7.621510958671569824e+01 4.500000000000000000e+01 3.030000000000000000e+02
3.711499999999995936e+01 7.621510958671569824e+01 4.600000000000000000e+01 2.160000000000000000e+02
3.765899999999995629e+01 7.621510958671569824e+01 4.700000000000000000e+01 2.680000000000000000e+02
3.881599999999991724e+01 7.621510958671569824e+01 4.800000000000000000e+01 2.060000000000000000e+02
3.944999999999988205e+01 7.621510958671569824e+01 4.900000000000000000e+01 2.290000000000000000e+02
4.097299999999991371e+01 7.621510958671569824e+01 5.000000000000000000e+01 3.400000000000000000e+02
4.194399999999986761e+01 7.621510958671569824e+01 5.100000000000000000e+01 4.040000000000000000e+02
4.270799999999994156e+01 7.621510958671569824e+01 5.200000000000000000e+01 3.690000000000000000e+02
4.352499999999995595e+01 7.621510958671569824e+01 5.300000000000000000e+01 1.750000000000000000e+02
4.433100000000001017e+01 7.621510958671569824e+01 5.400000000000000000e+01 3.120000000000000000e+02
4.532400000000005491e+01 7.621510958671569824e+01 5.500000000000000000e+01 2.040000000000000000e+02
4.647000000000006992e+01 7.621510958671569824e+01 5.600000000000000000e+01 4.350000000000000000e+02
4.728800000000011750e+01 7.621510958671569824e+01 5.700000000000000000e+01 1.460000000000000000e+02
4.839900000000011460e+01 7.621510958671569824e+01 5.800000000000000000e+01 2.170000000000000000e+02
5.057200000000024431e+01 7.621510958671569824e+01 5.900000000000000000e+01 4.320000000000000000e+02
5.216300000000025250e+01 7.621510958671569824e+01 6.000000000000000000e+01 1.870000000000000000e+02
5.377300000000035141e+01 7.621510958671569824e+01 6.100000000000000000e+01 1.280000000000000000e+02
5.502500000000046043e+01 7.621510958671569824e+01 6.200000000000000000e+01 2.630000000000000000e+02
5.616200000000048931e+01 7.621510958671569824e+01 6.300000000000000000e+01 1.530000000000000000e+02
5.705600000000053740e+01 7.621510958671569824e+01 6.400000000000000000e+01 1.250000000000000000e+02
5.831600000000057804e+01 7.621510958671569824e+01 6.500000000000000000e+01 1.300000000000000000e+02
5.930300000000062965e+01 7.621510958671569824e+01 6.600000000000000000e+01 9.900000000000000000e+01
6.041700000000066240e+01 7.621510958671569824e+01 6.700000000000000000e+01 1.450000000000000000e+02
6.324300000000076949e+01 7.621510958671569824e+01 6.800000000000000000e+01 1.560000000000000000e+02
6.799100000000095179e+01 7.621510958671569824e+01 6.900000000000000000e+01 4.440000000000000000e+02
7.340500000000116643e+01 7.621510958671569824e+01 7.000000000000000000e+01 4.200000000000000000e+02
7.443200000000119587e+01 7.621510958671569824e+01 7.100000000000000000e+01 6.600000000000000000e+02
7.617900000000126681e+01 7.621510958671569824e+01 7.200000000000000000e+01 1.550000000000000000e+02
7.612700000000127432e+01 7.621510958671569824e+01 0.000000000000000000e+00 0.000000000000000000e+00
0.000000000000000000e+00 7.621510958671569824e+01 0.000000000000000000e+00 0.000000000000000000e+00
3.362000000000000099e+00 6.818420505523681641e+01 0.000000000000000000e+00 3.000000000000000000e+00
4.477000000000000313e+00 6.818420505523681641e+01 1.000000000000000000e+00 8.000000000000000000e+00
6.143000000000000682e+00 6.818420505523681641e+01 2.000000000000000000e+00 8.000000000000000000e+00
6.498000000000001108e+00 6.818420505523681641e+01 3.000000000000000000e+00 1.500000000000000000e+01
7.198000000000000398e+00 6.818420505523681641e+01 4.000000000000000000e+00 2.100000000000000000e+01
7.511999999999999567e+00 6.818420505523681641e+01 5.000000000000000000e+00 2.700000000000000000e+01
8.523000000000001464e+00 6.818420505523681641e+01 6.000000000000000000e+00 3.700000000000000000e+01
8.846000000000001862e+00 6.818420505523681641e+01 7.000000000000000000e+00 2.300000000000000000e+01
9.004000000000001336e+00 6.818420505523681641e+01 8.000000000000000000e+00 3.900000000000000000e+01
9.762999999999999901e+00 6.818420505523681641e+01 9.000000000000000000e+00 5.300000000000000000e+01
1.020000000000000284e+01 6.818420505523681641e+01 1.000000000000000000e+01 4.100000000000000000e+01
1.100800000000000267e+01 6.818420505523681641e+01 1.100000000000000000e+01 2.900000000000000000e+01
1.135400000000000276e+01 6.818420505523681641e+01 1.200000000000000000e+01 6.300000000000000000e+01
1.164100000000000179e+01 6.818420505523681641e+01 1.300000000000000000e+01 7.100000000000000000e+01
1.216700000000000159e+01 6.818420505523681641e+01 1.400000000000000000e+01 4.600000000000000000e+01
1.318400000000000283e+01 6.818420505523681641e+01 1.500000000000000000e+01 1.000000000000000000e+02
1.368000000000000327e+01 6.818420505523681641e+01 1.600000000000000000e+01 7.000000000000000000e+01
1.368200000000000216e+01 6.818420505523681641e+01 1.700000000000000000e+01 4.900000000000000000e+01
1.462700000000000244e+01 6.818420505523681641e+01 1.800000000000000000e+01 8.800000000000000000e+01
1.544300000000000139e+01 6.818420505523681641e+01 1.900000000000000000e+01 1.650000000000000000e+02
1.618100000000000449e+01 6.818420505523681641e+01 2.000000000000000000e+01 1.030000000000000000e+02
1.740000000000000924e+01 6.818420505523681641e+01 2.100000000000000000e+01 1.550000000000000000e+02
1.773900000000001143e+01 6.818420505523681641e+01 2.200000000000000000e+01 1.900000000000000000e+02
1.834300000000001418e+01 6.818420505523681641e+01 2.300000000000000000e+01 2.100000000000000000e+02
1.893000000000001393e+01 6.818420505523681641e+01 2.400000000000000000e+01 1.420000000000000000e+02
1.906100000000001060e+01 6.818420505523681641e+01 2.500000000000000000e+01 1.570000000000000000e+02
2.021200000000000685e+01 6.818420505523681641e+01 2.600000000000000000e+01 1.850000000000000000e+02
2.099000000000000199e+01 6.818420505523681641e+01 2.700000000000000000e+01 1.000000000000000000e+02
2.140799999999999770e+01 6.818420505523681641e+01 2.800000000000000000e+01 2.320000000000000000e+02
2.197099999999998943e+01 6.818420505523681641e+01 2.900000000000000000e+01 1.960000000000000000e+02
2.243799999999999173e+01 6.818420505523681641e+01 3.000000000000000000e+01 2.060000000000000000e+02
2.318300000000000338e+01 6.818420505523681641e+01 3.100000000000000000e+01 2.760000000000000000e+02
2.393300000000001049e+01 6.818420505523681641e+01 3.200000000000000000e+01 1.280000000000000000e+02
2.443500000000000938e+01 6.818420505523681641e+01 3.300000000000000000e+01 1.990000000000000000e+02
2.505900000000000460e+01 6.818420505523681641e+01 3.400000000000000000e+01 4.100000000000000000e+02
2.593400000000000105e+01 6.818420505523681641e+01 3.500000000000000000e+01 2.370000000000000000e+02
2.692899999999999494e+01 6.818420505523681641e+01 3.600000000000000000e+01 1.330000000000000000e+02
2.733799999999999386e+01 6.818420505523681641e+01 3.700000000000000000e+01 2.260000000000000000e+02
2.781799999999999784e+01 6.818420505523681641e+01 3.800000000000000000e+01 2.530000000000000000e+02
2.868099999999999739e+01 6.818420505523681641e+01 3.900000000000000000e+01 2.280000000000000000e+02
2.933099999999998886e+01 6.818420505523681641e+01 4.000000000000000000e+01 1.910000000000000000e+02
3.037499999999998224e+01 6.818420505523681641e+01 4.100000000000000000e+01 3.260000000000000000e+02
3.141099999999997650e+01 6.818420505523681641e+01 4.200000000000000000e+01 1.920000000000000000e+02
3.249499999999997613e+01 6.818420505523681641e+01 4.300000000000000000e+01 1.980000000000000000e+02
3.431800000000000495e+01 6.818420505523681641e+01 4.400000000000000000e+01 3.960000000000000000e+02
3.546299999999996544e+01 6.818420505523681641e+01 4.500000000000000000e+01 3.380000000000000000e+02
3.607999999999991303e+01 6.818420505523681641e+01 4.600000000000000000e+01 2.430000000000000000e+02
3.693399999999989802e+01 6.818420505523681641e+01 4.700000000000000000e+01 5.180000000000000000e+02
3.842999999999980076e+01 6.818420505523681641e+01 4.800000000000000000e+01 3.280000000000000000e+02
3.906999999999978712e+01 6.818420505523681641e+01 4.900000000000000000e+01 3.290000000000000000e+02
4.008699999999976882e+01 6.818420505523681641e+01 5.000000000000000000e+01 3.370000000000000000e+02
4.104699999999986915e+01 6.818420505523681641e+01 5.100000000000000000e+01 1.950000000000000000e+02
4.202999999999988745e+01 6.818420505523681641e+01 5.200000000000000000e+01 4.070000000000000000e+02
4.297799999999993759e+01 6.818420505523681641e+01 5.300000000000000000e+01 1.510000000000000000e+02
4.393900000000000006e+01 6.818420505523681641e+01 5.400000000000000000e+01 1.620000000000000000e+02
4.729699999999996862e+01 6.818420505523681641e+01 5.500000000000000000e+01 2.050000000000000000e+02
4.820200000000001239e+01 6.818420505523681641e+01 5.600000000000000000e+01 5.060000000000000000e+02
4.907900000000001484e+01 6.818420505523681641e+01 5.700000000000000000e+01 2.140000000000000000e+02
5.008400000000005292e+01 6.818420505523681641e+01 5.800000000000000000e+01 2.510000000000000000e+02
5.095100000000009288e+01 6.818420505523681641e+01 5.900000000000000000e+01 1.650000000000000000e+02
5.214000000000010715e+01 6.818420505523681641e+01 6.000000000000000000e+01 1.920000000000000000e+02
5.327200000000019031e+01 6.818420505523681641e+01 6.100000000000000000e+01 2.260000000000000000e+02
5.515900000000026893e+01 6.818420505523681641e+01 6.200000000000000000e+01 3.350000000000000000e+02
5.586200000000030030e+01 6.818420505523681641e+01 6.300000000000000000e+01 2.720000000000000000e+02
5.703200000000034464e+01 6.818420505523681641e+01 6.400000000000000000e+01 3.420000000000000000e+02
5.792700000000037619e+01 6.818420505523681641e+01 6.500000000000000000e+01 3.310000000000000000e+02
5.884600000000040865e+01 6.818420505523681641e+01 6.600000000000000000e+01 2.520000000000000000e+02
5.980800000000044747e+01 6.818420505523681641e+01 6.700000000000000000e+01 3.250000000000000000e+02
6.056200000000048789e+01 6.818420505523681641e+01 6.800000000000000000e+01 1.760000000000000000e+02
6.167700000000052540e+01 6.818420505523681641e+01 6.900000000000000000e+01 2.190000000000000000e+02
6.354700000000060101e+01 6.818420505523681641e+01 7.000000000000000000e+01 1.240000000000000000e+02
6.497000000000066677e+01 6.818420505523681641e+01 7.100000000000000000e+01 1.490000000000000000e+02
6.798900000000078592e+01 6.818420505523681641e+01 7.200000000000000000e+01 1.700000000000000000e+01
0.000000000000000000e+00 6.818420505523681641e+01 0.000000000000000000e+00 0.000000000000000000e+00
0.000000000000000000e+00 6.818420505523681641e+01 0.000000000000000000e+00 0.000000000000000000e+00
