4.026999999999999247e+00 5.758934950828552246e+01 0.000000000000000000e+00 1.100000000000000000e+01
4.933999999999999275e+00 5.758934950828552246e+01 1.000000000000000000e+00 1.500000000000000000e+01
7.026000000000000689e+00 5.758934950828552246e+01 2.000000000000000000e+00 2.100000000000000000e+01
7.884000000000001229e+00 5.758934950828552246e+01 3.000000000000000000e+00 3.500000000000000000e+01
8.721000000000001862e+00 5.758934950828552246e+01 4.000000000000000000e+00 1.900000000000000000e+01
9.376000000000002998e+00 5.758934950828552246e+01 5.000000000000000000e+00 3.600000000000000000e+01
1.048400000000000176e+01 5.758934950828552246e+01 6.000000000000000000e+00 8.300000000000000000e+01
1.125400000000000311e+01 5.758934950828552246e+01 7.000000000000000000e+00 5.800000000000000000e+01
1.167500000000000426e+01 5.758934950828552246e+01 8.000000000000000000e+00 7.500000000000000000e+01
1.229100000000000215e+01 5.758934950828552246e+01 9.000000000000000000e+00 7.900000000000000000e+01
1.257500000000000284e+01 5.758934950828552246e+01 1.000000000000000000e+01 8.200000000000000000e+01
1.313400000000000389e+01 5.758934950828552246e+01 1.100000000000000000e+01 8.900000000000000000e+01
1.340600000000000414e+01 5.758934950828552246e+01 1.200000000000000000e+01 9.700000000000000000e+01
1.379900000000000482e+01 5.758934950828552246e+01 1.300000000000000000e+01 7.200000000000000000e+01
1.430500000000000504e+01 5.758934950828552246e+01 1.400000000000000000e+01 8.500000000000000000e+01
1.439500000000000490e+01 5.758934950828552246e+01 1.500000000000000000e+01 9.700000000000000000e+01
1.488300000000000445e+01 5.758934950828552246e+01 1.600000000000000000e+01 1.360000000000000000e+02
1.526500000000000412e+01 5.758934950828552246e+01 1.700000000000000000e+01 1.270000000000000000e+02
1.560500000000000398e+01 5.758934950828552246e+01 1.800000000000000000e+01 1.730000000000000000e+02
1.598400000000000531e+01 5.758934950828552246e+01 1.900000000000000000e+01 1.230000000000000000e+02
1.630000000000000426e+01 5.758934950828552246e+01 2.000000000000000000e+01 1.550000000000000000e+02
1.707900000000000418e+01 5.758934950828552246e+01 2.100000000000000000e+01 1.870000000000000000e+02
1.737700000000000244e+01 5.758934950828552246e+01 2.200000000000000000e+01 1.380000000000000000e+02
1.766499999999999915e+01 5.758934950828552246e+01 2.300000000000000000e+01 1.440000000000000000e+02
1.788299999999999201e+01 5.758934950828552246e+01 2.400000000000000000e+01 1.930000000000000000e+02
1.821699999999999164e+01 5.758934950828552246e+01 2.500000000000000000e+01 1.660000000000000000e+02
1.881799999999999429e+01 5.758934950828552246e+01 2.600000000000000000e+01 1.670000000000000000e+02
1.903199999999998582e+01 5.758934950828552246e+01 2.700000000000000000e+01 2.010000000000000000e+02
1.921099999999998786e+01 5.758934950828552246e+01 2.800000000000000000e+01 1.850000000000000000e+02
1.985099999999999554e+01 5.758934950828552246e+01 2.900000000000000000e+01 1.970000000000000000e+02
2.030999999999999872e+01 5.758934950828552246e+01 3.000000000000000000e+01 2.300000000000000000e+02
2.102500000000000568e+01 5.758934950828552246e+01 3.100000000000000000e+01 3.010000000000000000e+02
2.130400000000000560e+01 5.758934950828552246e+01 3.200000000000000000e+01 2.280000000000000000e+02
2.195100000000000051e+01 5.758934950828552246e+01 3.300000000000000000e+01 3.590000000000000000e+02
2.242099999999999582e+01 5.758934950828552246e+01 3.400000000000000000e+01 3.440000000000000000e+02
2.261899999999999267e+01 5.758934950828552246e+01 3.500000000000000000e+01 3.560000000000000000e+02
2.320500000000000185e+01 5.758934950828552246e+01 3.600000000000000000e+01 3.950000000000000000e+02
2.371200000000000330e+01 5.758934950828552246e+01 3.700000000000000000e+01 3.280000000000000000e+02
2.382100000000000506e+01 5.758934950828552246e+01 3.800000000000000000e+01 4.520000000000000000e+02
2.419499999999998963e+01 5.758934950828552246e+01 3.900000000000000000e+01 3.720000000000000000e+02
2.459799999999998832e+01 5.758934950828552246e+01 4.000000000000000000e+01 5.040000000000000000e+02
2.501599999999999113e+01 5.758934950828552246e+01 4.100000000000000000e+01 4.850000000000000000e+02
2.521399999999999864e+01 5.758934950828552246e+01 4.200000000000000000e+01 4.030000000000000000e+02
2.595700000000001495e+01 5.758934950828552246e+01 4.300000000000000000e+01 4.260000000000000000e+02
2.626100000000000989e+01 5.758934950828552246e+01 4.400000000000000000e+01 4.660000000000000000e+02
2.690800000000001191e+01 5.758934950828552246e+01 4.500000000000000000e+01 5.900000000000000000e+02
2.776600000000002666e+01 5.758934950828552246e+01 4.600000000000000000e+01 5.950000000000000000e+02
2.842500000000001492e+01 5.758934950828552246e+01 4.700000000000000000e+01 6.270000000000000000e+02
2.913700000000002177e+01 5.758934950828552246e+01 4.800000000000000000e+01 7.330000000000000000e+02
2.979000000000001691e+01 5.758934950828552246e+01 4.900000000000000000e+01 9.560000000000000000e+02
2.993500000000001293e+01 5.758934950828552246e+01 5.000000000000000000e+01 7.300000000000000000e+02
3.043100000000002225e+01 5.758934950828552246e+01 5.100000000000000000e+01 7.400000000000000000e+02
3.107300000000001106e+01 5.758934950828552246e+01 5.200000000000000000e+01 9.690000000000000000e+02
3.179500000000002302e+01 5.758934950828552246e+01 5.300000000000000000e+01 8.620000000000000000e+02
3.257900000000003615e+01 5.758934950828552246e+01 5.400000000000000000e+01 8.430000000000000000e+02
3.297100000000004627e+01 5.758934950828552246e+01 5.500000000000000000e+01 1.025000000000000000e+03
3.378100000000009118e+01 5.758934950828552246e+01 5.600000000000000000e+01 1.198000000000000000e+03
3.433000000000010488e+01 5.758934950828552246e+01 5.700000000000000000e+01 1.642000000000000000e+03
3.486100000000013921e+01 5.758934950828552246e+01 5.800000000000000000e+01 1.544000000000000000e+03
3.558300000000014762e+01 5.758934950828552246e+01 5.900000000000000000e+01 1.295000000000000000e+03
3.647800000000027865e+01 5.758934950828552246e+01 6.000000000000000000e+01 1.318000000000000000e+03
3.692600000000027904e+01 5.758934950828552246e+01 6.100000000000000000e+01 1.091000000000000000e+03
3.764100000000031798e+01 5.758934950828552246e+01 6.200000000000000000e+01 1.748000000000000000e+03
3.907500000000042206e+01 5.758934950828552246e+01 6.300000000000000000e+01 1.739000000000000000e+03
3.973400000000044940e+01 5.758934950828552246e+01 6.400000000000000000e+01 1.253000000000000000e+03
4.083500000000049113e+01 5.758934950828552246e+01 6.500000000000000000e+01 1.483000000000000000e+03
4.437000000000064404e+01 5.758934950828552246e+01 6.600000000000000000e+01 1.701000000000000000e+03
4.543700000000069394e+01 5.758934950828552246e+01 6.700000000000000000e+01 1.467000000000000000e+03
4.681100000000074601e+01 5.758934950828552246e+01 6.800000000000000000e+01 1.284000000000000000e+03
4.775200000000078404e+01 5.758934950828552246e+01 6.900000000000000000e+01 3.022000000000000000e+03
4.877300000000082036e+01 5.758934950828552246e+01 7.000000000000000000e+01 1.457000000000000000e+03
5.221800000000095565e+01 5.758934950828552246e+01 7.100000000000000000e+01 1.408000000000000000e+03
5.764400000000116364e+01 5.758934950828552246e+01 7.200000000000000000e+01 1.445000000000000000e+03
5.758934950828552246e+01 5.758934950828552246e+01 0.000000000000000000e+00 0.000000000000000000e+00
5.758934950828552246e+01 5.758934950828552246e+01 0.000000000000000000e+00 0.000000000000000000e+00
4.275999999999999801e+00 6.309651041030883789e+01 0.000000000000000000e+00 1.000000000000000000e+00
5.900000000000000355e+00 6.309651041030883789e+01 1.000000000000000000e+00 1.100000000000000000e+01
7.480000000000001315e+00 6.309651041030883789e+01 2.000000000000000000e+00 1.400000000000000000e+01
8.165000000000002700e+00 6.309651041030883789e+01 3.000000000000000000e+00 2.200000000000000000e+01
9.499000000000002331e+00 6.309651041030883789e+01 4.000000000000000000e+00 1.900000000000000000e+01
1.047600000000000442e+01 6.309651041030883789e+01 5.000000000000000000e+00 3.800000000000000000e+01
1.063700000000000401e+01 6.309651041030883789e+01 6.000000000000000000e+00 3.200000000000000000e+01
1.125600000000000378e+01 6.309651041030883789e+01 7.000000000000000000e+00 2.300000000000000000e+01
1.215399999999999991e+01 6.309651041030883789e+01 8.000000000000000000e+00 4.300000000000000000e+01
1.241199999999999903e+01 6.309651041030883789e+01 9.000000000000000000e+00 5.000000000000000000e+01
1.302100000000000080e+01 6.309651041030883789e+01 1.000000000000000000e+01 8.800000000000000000e+01
1.357699999999999996e+01 6.309651041030883789e+01 1.100000000000000000e+01 7.900000000000000000e+01
1.398100000000000165e+01 6.309651041030883789e+01 1.200000000000000000e+01 1.010000000000000000e+02
1.450500000000000256e+01 6.309651041030883789e+01 1.300000000000000000e+01 6.700000000000000000e+01
1.470899999999999963e+01 6.309651041030883789e+01 1.400000000000000000e+01 1.170000000000000000e+02
1.550400000000000134e+01 6.309651041030883789e+01 1.500000000000000000e+01 9.700000000000000000e+01
1.586300000000000132e+01 6.309651041030883789e+01 1.600000000000000000e+01 6.000000000000000000e+01
1.621099999999999852e+01 6.309651041030883789e+01 1.700000000000000000e+01 1.130000000000000000e+02
1.655099999999999483e+01 6.309651041030883789e+01 1.800000000000000000e+01 1.510000000000000000e+02
1.709699999999999775e+01 6.309651041030883789e+01 1.900000000000000000e+01 1.300000000000000000e+02
1.773300000000000409e+01 6.309651041030883789e+01 2.000000000000000000e+01 2.160000000000000000e+02
1.803600000000000136e+01 6.309651041030883789e+01 2.100000000000000000e+01 1.460000000000000000e+02
1.854000000000000270e+01 6.309651041030883789e+01 2.200000000000000000e+01 2.070000000000000000e+02
1.882799999999999940e+01 6.309651041030883789e+01 2.300000000000000000e+01 1.710000000000000000e+02
1.926200000000000401e+01 6.309651041030883789e+01 2.400000000000000000e+01 1.800000000000000000e+02
1.991499999999999915e+01 6.309651041030883789e+01 2.500000000000000000e+01 1.930000000000000000e+02
2.043399999999999395e+01 6.309651041030883789e+01 2.600000000000000000e+01 2.050000000000000000e+02
2.093299999999998917e+01 6.309651041030883789e+01 2.700000000000000000e+01 2.180000000000000000e+02
2.156499999999998352e+01 6.309651041030883789e+01 2.800000000000000000e+01 2.170000000000000000e+02
2.226499999999999702e+01 6.309651041030883789e+01 2.900000000000000000e+01 3.200000000000000000e+02
2.272000000000000242e+01 6.309651041030883789e+01 3.000000000000000000e+01 2.780000000000000000e+02
2.322200000000000841e+01 6.309651041030883789e+01 3.100000000000000000e+01 2.760000000000000000e+02
2.359800000000000608e+01 6.309651041030883789e+01 3.200000000000000000e+01 3.020000000000000000e+02
2.401100000000000634e+01 6.309651041030883789e+01 3.300000000000000000e+01 4.510000000000000000e+02
2.406300000000000594e+01 6.309651041030883789e+01 3.400000000000000000e+01 4.040000000000000000e+02
2.496900000000000119e+01 6.309651041030883789e+01 3.500000000000000000e+01 2.850000000000000000e+02
2.537500000000000000e+01 6.309651041030883789e+01 3.600000000000000000e+01 2.780000000000000000e+02
2.594100000000000605e+01 6.309651041030883789e+01 3.700000000000000000e+01 4.920000000000000000e+02
2.632200000000000628e+01 6.309651041030883789e+01 3.800000000000000000e+01 3.960000000000000000e+02
2.688499999999999801e+01 6.309651041030883789e+01 3.900000000000000000e+01 4.350000000000000000e+02
2.713999999999998991e+01 6.309651041030883789e+01 4.000000000000000000e+01 5.920000000000000000e+02
2.773899999999999011e+01 6.309651041030883789e+01 4.100000000000000000e+01 4.660000000000000000e+02
2.837299999999999756e+01 6.309651041030883789e+01 4.200000000000000000e+01 6.750000000000000000e+02
2.879900000000000304e+01 6.309651041030883789e+01 4.300000000000000000e+01 6.270000000000000000e+02
2.876600000000000179e+01 6.309651041030883789e+01 4.400000000000000000e+01 4.970000000000000000e+02
3.027600000000001046e+01 6.309651041030883789e+01 4.500000000000000000e+01 6.970000000000000000e+02
3.069700000000002760e+01 6.309651041030883789e+01 4.600000000000000000e+01 7.590000000000000000e+02
3.152500000000001990e+01 6.309651041030883789e+01 4.700000000000000000e+01 8.650000000000000000e+02
3.210300000000002285e+01 6.309651041030883789e+01 4.800000000000000000e+01 8.500000000000000000e+02
3.240000000000001990e+01 6.309651041030883789e+01 4.900000000000000000e+01 8.580000000000000000e+02
3.308900000000006258e+01 6.309651041030883789e+01 5.000000000000000000e+01 8.990000000000000000e+02
3.335200000000006071e+01 6.309651041030883789e+01 5.100000000000000000e+01 1.087000000000000000e+03
3.388800000000009049e+01 6.309651041030883789e+01 5.200000000000000000e+01 9.400000000000000000e+02
3.507800000000015217e+01 6.309651041030883789e+01 5.300000000000000000e+01 1.180000000000000000e+03
3.621800000000016695e+01 6.309651041030883789e+01 5.400000000000000000e+01 9.640000000000000000e+02
3.623100000000018639e+01 6.309651041030883789e+01 5.500000000000000000e+01 9.220000000000000000e+02
3.757600000000017104e+01 6.309651041030883789e+01 5.600000000000000000e+01 1.615000000000000000e+03
3.825300000000020617e+01 6.309651041030883789e+01 5.700000000000000000e+01 1.478000000000000000e+03
3.892400000000024107e+01 6.309651041030883789e+01 5.800000000000000000e+01 1.516000000000000000e+03
3.951600000000022561e+01 6.309651041030883789e+01 5.900000000000000000e+01 1.517000000000000000e+03
4.007300000000028461e+01 6.309651041030883789e+01 6.000000000000000000e+01 1.377000000000000000e+03
4.083500000000031349e+01 6.309651041030883789e+01 6.100000000000000000e+01 1.792000000000000000e+03
4.155600000000034555e+01 6.309651041030883789e+01 6.200000000000000000e+01 1.762000000000000000e+03
4.292800000000039518e+01 6.309651041030883789e+01 6.300000000000000000e+01 1.866000000000000000e+03
4.452700000000047709e+01 6.309651041030883789e+01 6.400000000000000000e+01 2.376000000000000000e+03
4.527600000000053626e+01 6.309651041030883789e+01 6.500000000000000000e+01 1.389000000000000000e+03
4.751300000000061630e+01 6.309651041030883789e+01 6.600000000000000000e+01 1.223000000000000000e+03
4.961600000000071020e+01 6.309651041030883789e+01 6.700000000000000000e+01 2.703000000000000000e+03
5.074800000000075784e+01 6.309651041030883789e+01 6.800000000000000000e+01 1.957000000000000000e+03
5.487000000000092115e+01 6.309651041030883789e+01 6.900000000000000000e+01 1.630000000000000000e+03
5.585700000000096566e+01 6.309651041030883789e+01 7.000000000000000000e+01 2.216000000000000000e+03
5.711700000000101340e+01 6.309651041030883789e+01 7.100000000000000000e+01 9.460000000000000000e+02
6.313900000000123924e+01 6.309651041030883789e+01 7.200000000000000000e+01 1.115000000000000000e+03
6.309651041030883789e+01 6.309651041030883789e+01 0.000000000000000000e+00 0.000000000000000000e+00
6.309651041030883789e+01 6.309651041030883789e+01 0.000000000000000000e+00 0.000000000000000000e+00
5.270000000000001350e+00 6.136238121986389160e+01 0.000000000000000000e+00 1.500000000000000000e+01
7.058000000000000718e+00 6.136238121986389160e+01 1.000000000000000000e+00 6.000000000000000000e+00
8.293000000000001037e+00 6.136238121986389160e+01 2.000000000000000000e+00 3.100000000000000000e+01
9.142000000000001236e+00 6.136238121986389160e+01 3.000000000000000000e+00 4.900000000000000000e+01
1.031499999999999950e+01 6.136238121986389160e+01 4.000000000000000000e+00 4.800000000000000000e+01
1.112599999999999945e+01 6.136238121986389160e+01 5.000000000000000000e+00 5.700000000000000000e+01
1.128699999999999903e+01 6.136238121986389160e+01 6.000000000000000000e+00 4.700000000000000000e+01
1.205699999999999861e+01 6.136238121986389160e+01 7.000000000000000000e+00 5.600000000000000000e+01
1.266000000000000014e+01 6.136238121986389160e+01 8.000000000000000000e+00 8.400000000000000000e+01
1.309999999999999964e+01 6.136238121986389160e+01 9.000000000000000000e+00 1.060000000000000000e+02
1.352699999999999925e+01 6.136238121986389160e+01 1.000000000000000000e+01 9.000000000000000000e+01
1.394299999999999962e+01 6.136238121986389160e+01 1.100000000000000000e+01 8.500000000000000000e+01
1.434600000000000009e+01 6.136238121986389160e+01 1.200000000000000000e+01 8.000000000000000000e+01
1.460899999999999999e+01 6.136238121986389160e+01 1.300000000000000000e+01 7.000000000000000000e+01
1.499300000000000210e+01 6.136238121986389160e+01 1.400000000000000000e+01 1.160000000000000000e+02
1.504199999999999804e+01 6.136238121986389160e+01 1.500000000000000000e+01 1.220000000000000000e+02
1.560500000000000043e+01 6.136238121986389160e+01 1.600000000000000000e+01 9.300000000000000000e+01
1.607000000000000028e+01 6.136238121986389160e+01 1.700000000000000000e+01 1.360000000000000000e+02
1.652199999999999491e+01 6.136238121986389160e+01 1.800000000000000000e+01 1.110000000000000000e+02
1.695899999999999608e+01 6.136238121986389160e+01 1.900000000000000000e+01 1.340000000000000000e+02
1.727799999999999869e+01 6.136238121986389160e+01 2.000000000000000000e+01 1.390000000000000000e+02
1.748600000000000065e+01 6.136238121986389160e+01 2.100000000000000000e+01 1.290000000000000000e+02
1.807999999999999829e+01 6.136238121986389160e+01 2.200000000000000000e+01 1.470000000000000000e+02
1.837099999999999866e+01 6.136238121986389160e+01 2.300000000000000000e+01 1.490000000000000000e+02
1.872999999999999687e+01 6.136238121986389160e+01 2.400000000000000000e+01 1.670000000000000000e+02
1.909499999999999531e+01 6.136238121986389160e+01 2.500000000000000000e+01 2.250000000000000000e+02
1.959599999999999298e+01 6.136238121986389160e+01 2.600000000000000000e+01 2.360000000000000000e+02
1.960599999999999454e+01 6.136238121986389160e+01 2.700000000000000000e+01 2.720000000000000000e+02
2.045199999999998397e+01 6.136238121986389160e+01 2.800000000000000000e+01 1.810000000000000000e+02
2.077699999999998681e+01 6.136238121986389160e+01 2.900000000000000000e+01 2.470000000000000000e+02
2.130199999999999960e+01 6.136238121986389160e+01 3.000000000000000000e+01 2.830000000000000000e+02
2.200700000000000855e+01 6.136238121986389160e+01 3.100000000000000000e+01 2.330000000000000000e+02
2.242500000000000426e+01 6.136238121986389160e+01 3.200000000000000000e+01 3.640000000000000000e+02
2.282300000000000395e+01 6.136238121986389160e+01 3.300000000000000000e+01 3.370000000000000000e+02
2.295300000000000296e+01 6.136238121986389160e+01 3.400000000000000000e+01 3.240000000000000000e+02
2.338100000000000023e+01 6.136238121986389160e+01 3.500000000000000000e+01 3.640000000000000000e+02
2.373400000000000176e+01 6.136238121986389160e+01 3.600000000000000000e+01 3.770000000000000000e+02
2.439600000000000790e+01 6.136238121986389160e+01 3.700000000000000000e+01 4.010000000000000000e+02
2.451100000000001344e+01 6.136238121986389160e+01 3.800000000000000000e+01 4.620000000000000000e+02
2.539000000000000412e+01 6.136238121986389160e+01 3.900000000000000000e+01 5.500000000000000000e+02
2.533800000000000452e+01 6.136238121986389160e+01 4.000000000000000000e+01 4.130000000000000000e+02
2.604800000000000537e+01 6.136238121986389160e+01 4.100000000000000000e+01 3.620000000000000000e+02
2.671700000000001651e+01 6.136238121986389160e+01 4.200000000000000000e+01 4.520000000000000000e+02
2.730900000000002947e+01 6.136238121986389160e+01 4.300000000000000000e+01 4.470000000000000000e+02
2.783300000000002683e+01 6.136238121986389160e+01 4.400000000000000000e+01 7.220000000000000000e+02
2.790700000000002845e+01 6.136238121986389160e+01 4.500000000000000000e+01 5.210000000000000000e+02
2.849100000000003519e+01 6.136238121986389160e+01 4.600000000000000000e+01 5.340000000000000000e+02
2.929600000000002780e+01 6.136238121986389160e+01 4.700000000000000000e+01 6.410000000000000000e+02
2.988500000000004064e+01 6.136238121986389160e+01 4.800000000000000000e+01 6.460000000000000000e+02
3.059000000000003183e+01 6.136238121986389160e+01 4.900000000000000000e+01 7.940000000000000000e+02
3.064400000000003033e+01 6.136238121986389160e+01 5.000000000000000000e+01 8.710000000000000000e+02
3.185200000000004650e+01 6.136238121986389160e+01 5.100000000000000000e+01 8.190000000000000000e+02
3.281900000000006656e+01 6.136238121986389160e+01 5.200000000000000000e+01 1.073000000000000000e+03
3.328400000000009129e+01 6.136238121986389160e+01 5.300000000000000000e+01 1.105000000000000000e+03
3.362600000000006872e+01 6.136238121986389160e+01 5.400000000000000000e+01 1.255000000000000000e+03
3.436900000000011346e+01 6.136238121986389160e+01 5.500000000000000000e+01 1.364000000000000000e+03
3.544600000000010454e+01 6.136238121986389160e+01 5.600000000000000000e+01 1.520000000000000000e+03
3.647300000000014819e+01 6.136238121986389160e+01 5.700000000000000000e+01 1.062000000000000000e+03
3.688500000000016854e+01 6.136238121986389160e+01 5.800000000000000000e+01 1.408000000000000000e+03
3.760700000000015564e+01 6.136238121986389160e+01 5.900000000000000000e+01 1.396000000000000000e+03
3.829100000000023130e+01 6.136238121986389160e+01 6.000000000000000000e+01 1.872000000000000000e+03
3.903900000000026438e+01 6.136238121986389160e+01 6.100000000000000000e+01 1.940000000000000000e+03
4.067700000000032645e+01 6.136238121986389160e+01 6.200000000000000000e+01 1.837000000000000000e+03
4.126200000000035573e+01 6.136238121986389160e+01 6.300000000000000000e+01 1.386000000000000000e+03
4.276000000000042434e+01 6.136238121986389160e+01 6.400000000000000000e+01 2.245000000000000000e+03
4.370200000000044582e+01 6.136238121986389160e+01 6.500000000000000000e+01 1.260000000000000000e+03
4.452000000000048630e+01 6.136238121986389160e+01 6.600000000000000000e+01 2.273000000000000000e+03
4.673400000000057020e+01 6.136238121986389160e+01 6.700000000000000000e+01 1.613000000000000000e+03
4.777700000000061920e+01 6.136238121986389160e+01 6.800000000000000000e+01 1.714000000000000000e+03
4.946800000000065722e+01 6.136238121986389160e+01 6.900000000000000000e+01 2.040000000000000000e+03
5.062200000000072464e+01 6.136238121986389160e+01 7.000000000000000000e+01 1.065000000000000000e+03
5.475000000000088107e+01 6.136238121986389160e+01 7.100000000000000000e+01 1.329000000000000000e+03
6.135700000000112908e+01 6.136238121986389160e+01 7.200000000000000000e+01 1.711000000000000000e+03
6.136238121986389160e+01 6.136238121986389160e+01 0.000000000000000000e+00 0.000000000000000000e+00
6.136238121986389160e+01 6.136238121986389160e+01 0.000000000000000000e+00 0.000000000000000000e+00
5.173999999999998600e+00 5.781438970565795898e+01 0.000000000000000000e+00 3.300000000000000000e+01
6.264999999999997904e+00 5.781438970565795898e+01 1.000000000000000000e+00 3.600000000000000000e+01
6.966999999999997861e+00 5.781438970565795898e+01 2.000000000000000000e+00 3.800000000000000000e+01
7.826999999999998181e+00 5.781438970565795898e+01 3.000000000000000000e+00 4.500000000000000000e+01
8.497999999999997556e+00 5.781438970565795898e+01 4.000000000000000000e+00 6.000000000000000000e+01
8.664999999999997371e+00 5.781438970565795898e+01 5.000000000000000000e+00 4.200000000000000000e+01
9.456999999999997186e+00 5.781438970565795898e+01 6.000000000000000000e+00 4.300000000000000000e+01
1.022899999999999743e+01 5.781438970565795898e+01 7.000000000000000000e+00 3.900000000000000000e+01
1.072099999999999653e+01 5.781438970565795898e+01 8.000000000000000000e+00 7.700000000000000000e+01
1.130699999999999683e+01 5.781438970565795898e+01 9.000000000000000000e+00 7.100000000000000000e+01
1.173599999999999710e+01 5.781438970565795898e+01 1.000000000000000000e+01 8.200000000000000000e+01
1.215499999999999581e+01 5.781438970565795898e+01 1.100000000000000000e+01 6.400000000000000000e+01
1.269499999999999673e+01 5.781438970565795898e+01 1.200000000000000000e+01 9.900000000000000000e+01
1.308999999999999808e+01 5.781438970565795898e+01 1.300000000000000000e+01 1.510000000000000000e+02
1.397699999999999854e+01 5.781438970565795898e+01 1.400000000000000000e+01 7.900000000000000000e+01
1.429999999999999893e+01 5.781438970565795898e+01 1.500000000000000000e+01 1.260000000000000000e+02
1.445799999999999663e+01 5.781438970565795898e+01 1.600000000000000000e+01 8.000000000000000000e+01
1.517499999999999538e+01 5.781438970565795898e+01 1.700000000000000000e+01 1.300000000000000000e+02
1.585399999999999388e+01 5.781438970565795898e+01 1.800000000000000000e+01 1.600000000000000000e+02
1.629199999999999804e+01 5.781438970565795898e+01 1.900000000000000000e+01 1.500000000000000000e+02
1.640099999999999980e+01 5.781438970565795898e+01 2.000000000000000000e+01 1.960000000000000000e+02
1.701600000000000534e+01 5.781438970565795898e+01 2.100000000000000000e+01 1.620000000000000000e+02
1.761100000000000421e+01 5.781438970565795898e+01 2.200000000000000000e+01 1.510000000000000000e+02
1.809200000000000230e+01 5.781438970565795898e+01 2.300000000000000000e+01 1.890000000000000000e+02
1.847199999999999775e+01 5.781438970565795898e+01 2.400000000000000000e+01 1.710000000000000000e+02
1.873899999999999721e+01 5.781438970565795898e+01 2.500000000000000000e+01 1.930000000000000000e+02
1.894599999999999440e+01 5.781438970565795898e+01 2.600000000000000000e+01 2.580000000000000000e+02
1.949699999999998923e+01 5.781438970565795898e+01 2.700000000000000000e+01 1.810000000000000000e+02
1.967199999999998639e+01 5.781438970565795898e+01 2.800000000000000000e+01 2.360000000000000000e+02
2.001599999999998758e+01 5.781438970565795898e+01 2.900000000000000000e+01 2.310000000000000000e+02
2.050999999999999801e+01 5.781438970565795898e+01 3.000000000000000000e+01 2.050000000000000000e+02
2.099100000000000321e+01 5.781438970565795898e+01 3.100000000000000000e+01 2.270000000000000000e+02
2.129100000000000392e+01 5.781438970565795898e+01 3.200000000000000000e+01 2.710000000000000000e+02
2.195200000000000173e+01 5.781438970565795898e+01 3.300000000000000000e+01 3.100000000000000000e+02
2.252399999999999736e+01 5.781438970565795898e+01 3.400000000000000000e+01 2.980000000000000000e+02
2.324499999999999389e+01 5.781438970565795898e+01 3.500000000000000000e+01 3.290000000000000000e+02
2.372699999999999676e+01 5.781438970565795898e+01 3.600000000000000000e+01 3.740000000000000000e+02
2.426000000000000512e+01 5.781438970565795898e+01 3.700000000000000000e+01 4.060000000000000000e+02
2.469500000000000384e+01 5.781438970565795898e+01 3.800000000000000000e+01 3.870000000000000000e+02
2.486800000000000210e+01 5.781438970565795898e+01 3.900000000000000000e+01 4.890000000000000000e+02
2.519899999999999096e+01 5.781438970565795898e+01 4.000000000000000000e+01 3.830000000000000000e+02
2.576199999999999335e+01 5.781438970565795898e+01 4.100000000000000000e+01 3.810000000000000000e+02
2.624200000000000088e+01 5.781438970565795898e+01 4.200000000000000000e+01 5.300000000000000000e+02
2.700600000000001444e+01 5.781438970565795898e+01 4.300000000000000000e+01 5.000000000000000000e+02
2.715700000000001424e+01 5.781438970565795898e+01 4.400000000000000000e+01 4.860000000000000000e+02
2.791000000000001791e+01 5.781438970565795898e+01 4.500000000000000000e+01 6.740000000000000000e+02
2.848900000000002564e+01 5.781438970565795898e+01 4.600000000000000000e+01 5.700000000000000000e+02
2.909800000000001674e+01 5.781438970565795898e+01 4.700000000000000000e+01 8.180000000000000000e+02
2.966500000000002402e+01 5.781438970565795898e+01 4.800000000000000000e+01 7.930000000000000000e+02
3.033000000000001606e+01 5.781438970565795898e+01 4.900000000000000000e+01 8.150000000000000000e+02
3.058800000000001518e+01 5.781438970565795898e+01 5.000000000000000000e+01 8.520000000000000000e+02
3.151600000000002311e+01 5.781438970565795898e+01 5.100000000000000000e+01 8.950000000000000000e+02
3.222300000000003450e+01 5.781438970565795898e+01 5.200000000000000000e+01 9.630000000000000000e+02
3.285000000000006537e+01 5.781438970565795898e+01 5.300000000000000000e+01 8.290000000000000000e+02
3.357700000000008345e+01 5.781438970565795898e+01 5.400000000000000000e+01 1.107000000000000000e+03
3.432900000000011431e+01 5.781438970565795898e+01 5.500000000000000000e+01 1.177000000000000000e+03
3.488700000000013546e+01 5.781438970565795898e+01 5.600000000000000000e+01 1.041000000000000000e+03
3.535100000000016252e+01 5.781438970565795898e+01 5.700000000000000000e+01 1.463000000000000000e+03
3.612700000000020850e+01 5.781438970565795898e+01 5.800000000000000000e+01 1.268000000000000000e+03
3.723900000000021748e+01 5.781438970565795898e+01 5.900000000000000000e+01 1.453000000000000000e+03
3.721300000000022123e+01 5.781438970565795898e+01 6.000000000000000000e+01 1.028000000000000000e+03
3.803800000000025250e+01 5.781438970565795898e+01 6.100000000000000000e+01 1.271000000000000000e+03
3.891900000000029536e+01 5.781438970565795898e+01 6.200000000000000000e+01 1.413000000000000000e+03
4.032700000000036766e+01 5.781438970565795898e+01 6.300000000000000000e+01 9.280000000000000000e+02
4.097600000000039699e+01 5.781438970565795898e+01 6.400000000000000000e+01 1.544000000000000000e+03
4.316700000000046344e+01 5.781438970565795898e+01 6.500000000000000000e+01 2.342000000000000000e+03
4.411200000000049926e+01 5.781438970565795898e+01 6.600000000000000000e+01 2.284000000000000000e+03
4.591500000000058179e+01 5.781438970565795898e+01 6.700000000000000000e+01 1.680000000000000000e+03
4.894000000000067274e+01 5.781438970565795898e+01 6.800000000000000000e+01 1.609000000000000000e+03
4.998000000000072163e+01 5.781438970565795898e+01 6.900000000000000000e+01 1.970000000000000000e+03
5.080100000000075511e+01 5.781438970565795898e+01 7.000000000000000000e+01 1.705000000000000000e+03
5.346200000000086305e+01 5.781438970565795898e+01 7.100000000000000000e+01 1.370000000000000000e+03
5.758900000000100761e+01 5.781438970565795898e+01 7.200000000000000000e+01 1.713000000000000000e+03
5.781438970565795898e+01 5.781438970565795898e+01 0.000000000000000000e+00 0.000000000000000000e+00
5.781438970565795898e+01 5.781438970565795898e+01 0.000000000000000000e+00 0.000000000000000000e+00
3.995999999999999108e+00 6.257163739204406738e+01 0.000000000000000000e+00 0.000000000000000000e+00
6.334999999999999964e+00 6.257163739204406738e+01 1.000000000000000000e+00 1.900000000000000000e+01
6.863000000000000433e+00 6.257163739204406738e+01 2.000000000000000000e+00 3.200000000000000000e+01
8.611999999999998323e+00 6.257163739204406738e+01 3.000000000000000000e+00 5.600000000000000000e+01
9.276999999999997470e+00 6.257163739204406738e+01 4.000000000000000000e+00 3.800000000000000000e+01
1.025199999999999889e+01 6.257163739204406738e+01 5.000000000000000000e+00 6.600000000000000000e+01
1.088599999999999923e+01 6.257163739204406738e+01 6.000000000000000000e+00 6.500000000000000000e+01
1.181000000000000050e+01 6.257163739204406738e+01 7.000000000000000000e+00 4.800000000000000000e+01
1.181000000000000050e+01 6.257163739204406738e+01 8.000000000000000000e+00 5.900000000000000000e+01
1.239700000000000024e+01 6.257163739204406738e+01 9.000000000000000000e+00 8.300000000000000000e+01
1.268100000000000094e+01 6.257163739204406738e+01 1.000000000000000000e+01 1.160000000000000000e+02
1.323200000000000109e+01 6.257163739204406738e+01 1.100000000000000000e+01 1.560000000000000000e+02
1.350000000000000000e+01 6.257163739204406738e+01 1.200000000000000000e+01 7.600000000000000000e+01
1.401999999999999957e+01 6.257163739204406738e+01 1.300000000000000000e+01 1.220000000000000000e+02
1.439799999999999969e+01 6.257163739204406738e+01 1.400000000000000000e+01 1.050000000000000000e+02
1.476799999999999891e+01 6.257163739204406738e+01 1.500000000000000000e+01 1.540000000000000000e+02
1.512500000000000000e+01 6.257163739204406738e+01 1.600000000000000000e+01 9.700000000000000000e+01
1.535899999999999999e+01 6.257163739204406738e+01 1.700000000000000000e+01 1.430000000000000000e+02
1.580800000000000161e+01 6.257163739204406738e+01 1.800000000000000000e+01 9.900000000000000000e+01
1.646200000000000330e+01 6.257163739204406738e+01 1.900000000000000000e+01 2.030000000000000000e+02
1.683500000000000085e+01 6.257163739204406738e+01 2.000000000000000000e+01 1.240000000000000000e+02
1.697900000000000631e+01 6.257163739204406738e+01 2.100000000000000000e+01 1.610000000000000000e+02
1.749000000000000199e+01 6.257163739204406738e+01 2.200000000000000000e+01 1.620000000000000000e+02
1.825299999999999656e+01 6.257163739204406738e+01 2.300000000000000000e+01 2.180000000000000000e+02
1.845299999999999230e+01 6.257163739204406738e+01 2.400000000000000000e+01 2.290000000000000000e+02
1.941799999999999216e+01 6.257163739204406738e+01 2.500000000000000000e+01 1.960000000000000000e+02
2.003199999999998937e+01 6.257163739204406738e+01 2.600000000000000000e+01 1.750000000000000000e+02
2.035799999999998988e+01 6.257163739204406738e+01 2.700000000000000000e+01 2.380000000000000000e+02
2.060999999999998877e+01 6.257163739204406738e+01 2.800000000000000000e+01 3.020000000000000000e+02
2.107199999999999562e+01 6.257163739204406738e+01 2.900000000000000000e+01 3.390000000000000000e+02
2.144399999999999906e+01 6.257163739204406738e+01 3.000000000000000000e+01 2.940000000000000000e+02
2.187500000000000355e+01 6.257163739204406738e+01 3.100000000000000000e+01 2.900000000000000000e+02
2.222300000000000253e+01 6.257163739204406738e+01 3.200000000000000000e+01 2.380000000000000000e+02
2.268500000000000227e+01 6.257163739204406738e+01 3.300000000000000000e+01 3.060000000000000000e+02
2.306699999999999662e+01 6.257163739204406738e+01 3.400000000000000000e+01 3.390000000000000000e+02
2.294099999999999184e+01 6.257163739204406738e+01 3.500000000000000000e+01 3.920000000000000000e+02
2.365699999999999292e+01 6.257163739204406738e+01 3.600000000000000000e+01 3.680000000000000000e+02
2.403499999999998948e+01 6.257163739204406738e+01 3.700000000000000000e+01 2.680000000000000000e+02
2.478899999999999437e+01 6.257163739204406738e+01 3.800000000000000000e+01 3.580000000000000000e+02
2.497699999999998610e+01 6.257163739204406738e+01 3.900000000000000000e+01 4.520000000000000000e+02
2.564399999999997348e+01 6.257163739204406738e+01 4.000000000000000000e+01 4.680000000000000000e+02
2.646999999999996689e+01 6.257163739204406738e+01 4.100000000000000000e+01 4.870000000000000000e+02
2.725299999999997169e+01 6.257163739204406738e+01 4.200000000000000000e+01 5.020000000000000000e+02
2.776399999999999579e+01 6.257163739204406738e+01 4.300000000000000000e+01 5.650000000000000000e+02
2.837099999999999156e+01 6.257163739204406738e+01 4.400000000000000000e+01 6.290000000000000000e+02
2.889099999999999469e+01 6.257163739204406738e+01 4.500000000000000000e+01 5.820000000000000000e+02
2.977700000000000813e+01 6.257163739204406738e+01 4.600000000000000000e+01 5.310000000000000000e+02
3.015600000000000236e+01 6.257163739204406738e+01 4.700000000000000000e+01 7.780000000000000000e+02
3.072600000000000975e+01 6.257163739204406738e+01 4.800000000000000000e+01 7.980000000000000000e+02
3.133000000000000895e+01 6.257163739204406738e+01 4.900000000000000000e+01 8.370000000000000000e+02
3.196900000000000830e+01 6.257163739204406738e+01 5.000000000000000000e+01 8.020000000000000000e+02
3.268000000000002103e+01 6.257163739204406738e+01 5.100000000000000000e+01 9.900000000000000000e+02
3.338700000000005019e+01 6.257163739204406738e+01 5.200000000000000000e+01 1.059000000000000000e+03
3.408000000000007645e+01 6.257163739204406738e+01 5.300000000000000000e+01 7.970000000000000000e+02
3.461900000000009214e+01 6.257163739204406738e+01 5.400000000000000000e+01 1.221000000000000000e+03
3.571800000000015274e+01 6.257163739204406738e+01 5.500000000000000000e+01 7.790000000000000000e+02
3.613300000000015899e+01 6.257163739204406738e+01 5.600000000000000000e+01 1.269000000000000000e+03
3.699900000000018707e+01 6.257163739204406738e+01 5.700000000000000000e+01 1.624000000000000000e+03
3.748400000000022914e+01 6.257163739204406738e+01 5.800000000000000000e+01 1.779000000000000000e+03
3.807300000000022777e+01 6.257163739204406738e+01 5.900000000000000000e+01 1.321000000000000000e+03
3.906400000000032691e+01 6.257163739204406738e+01 6.000000000000000000e+01 1.670000000000000000e+03
4.001700000000035828e+01 6.257163739204406738e+01 6.100000000000000000e+01 1.658000000000000000e+03
4.072600000000038989e+01 6.257163739204406738e+01 6.200000000000000000e+01 1.953000000000000000e+03
4.192200000000044469e+01 6.257163739204406738e+01 6.300000000000000000e+01 1.602000000000000000e+03
4.553400000000057446e+01 6.257163739204406738e+01 6.400000000000000000e+01 1.875000000000000000e+03
4.582200000000059248e+01 6.257163739204406738e+01 6.500000000000000000e+01 1.743000000000000000e+03
4.742900000000066996e+01 6.257163739204406738e+01 6.600000000000000000e+01 2.414000000000000000e+03
4.964600000000076108e+01 6.257163739204406738e+01 6.700000000000000000e+01 3.269000000000000000e+03
5.055700000000079086e+01 6.257163739204406738e+01 6.800000000000000000e+01 2.048000000000000000e+03
5.189200000000085566e+01 6.257163739204406738e+01 6.900000000000000000e+01 9.250000000000000000e+02
5.460200000000098441e+01 6.257163739204406738e+01 7.000000000000000000e+01 1.883000000000000000e+03
5.681300000000106110e+01 6.257163739204406738e+01 7.100000000000000000e+01 1.578000000000000000e+03
6.257500000000127471e+01 6.257163739204406738e+01 7.200000000000000000e+01 1.249000000000000000e+03
6.257163739204406738e+01 6.257163739204406738e+01 0.000000000000000000e+00 0.000000000000000000e+00
6.257163739204406738e+01 6.257163739204406738e+01 0.000000000000000000e+00 0.000000000000000000e+00
4.202999999999999403e+00 6.031856703758239746e+01 0.000000000000000000e+00 0.000000000000000000e+00
5.679999999999997939e+00 6.031856703758239746e+01 1.000000000000000000e+00 6.000000000000000000e+00
7.269999999999996909e+00 6.031856703758239746e+01 2.000000000000000000e+00 2.000000000000000000e+01
7.961999999999996191e+00 6.031856703758239746e+01 3.000000000000000000e+00 4.500000000000000000e+01
8.627999999999994785e+00 6.031856703758239746e+01 4.000000000000000000e+00 4.500000000000000000e+01
8.962999999999993861e+00 6.031856703758239746e+01 5.000000000000000000e+00 4.500000000000000000e+01
1.030399999999999316e+01 6.031856703758239746e+01 6.000000000000000000e+00 4.300000000000000000e+01
1.091999999999999282e+01 6.031856703758239746e+01 7.000000000000000000e+00 4.800000000000000000e+01
1.137199999999999100e+01 6.031856703758239746e+01 8.000000000000000000e+00 7.900000000000000000e+01
1.162799999999999123e+01 6.031856703758239746e+01 9.000000000000000000e+00 4.600000000000000000e+01
1.223699999999999122e+01 6.031856703758239746e+01 1.000000000000000000e+01 7.800000000000000000e+01
1.263599999999999213e+01 6.031856703758239746e+01 1.100000000000000000e+01 8.100000000000000000e+01
1.332599999999999341e+01 6.031856703758239746e+01 1.200000000000000000e+01 9.400000000000000000e+01
1.384799999999999365e+01 6.031856703758239746e+01 1.300000000000000000e+01 5.400000000000000000e+01
1.384299999999999287e+01 6.031856703758239746e+01 1.400000000000000000e+01 1.290000000000000000e+02
1.434599999999999298e+01 6.031856703758239746e+01 1.500000000000000000e+01 1.020000000000000000e+02
1.494099999999999362e+01 6.031856703758239746e+01 1.600000000000000000e+01 1.310000000000000000e+02
1.563299999999999557e+01 6.031856703758239746e+01 1.700000000000000000e+01 1.140000000000000000e+02
1.630399999999999494e+01 6.031856703758239746e+01 1.800000000000000000e+01 1.830000000000000000e+02
1.641699999999999449e+01 6.031856703758239746e+01 1.900000000000000000e+01 1.440000000000000000e+02
1.715700000000000003e+01 6.031856703758239746e+01 2.000000000000000000e+01 1.770000000000000000e+02
1.787300000000000111e+01 6.031856703758239746e+01 2.100000000000000000e+01 2.120000000000000000e+02
1.834600000000000009e+01 6.031856703758239746e+01 2.200000000000000000e+01 1.520000000000000000e+02
1.852000000000000313e+01 6.031856703758239746e+01 2.300000000000000000e+01 1.790000000000000000e+02
1.944799999999999685e+01 6.031856703758239746e+01 2.400000000000000000e+01 2.160000000000000000e+02
1.953999999999999559e+01 6.031856703758239746e+01 2.500000000000000000e+01 2.370000000000000000e+02
2.005399999999999494e+01 6.031856703758239746e+01 2.600000000000000000e+01 2.330000000000000000e+02
2.013699999999999335e+01 6.031856703758239746e+01 2.700000000000000000e+01 2.960000000000000000e+02
2.165899999999998116e+01 6.031856703758239746e+01 2.800000000000000000e+01 2.790000000000000000e+02
2.219899999999999096e+01 6.031856703758239746e+01 2.900000000000000000e+01 2.440000000000000000e+02
2.249599999999999511e+01 6.031856703758239746e+01 3.000000000000000000e+01 2.420000000000000000e+02
2.313500000000000156e+01 6.031856703758239746e+01 3.100000000000000000e+01 2.330000000000000000e+02
2.354500000000000881e+01 6.031856703758239746e+01 3.200000000000000000e+01 3.430000000000000000e+02
2.385700000000000998e+01 6.031856703758239746e+01 3.300000000000000000e+01 2.420000000000000000e+02
2.438500000000000512e+01 6.031856703758239746e+01 3.400000000000000000e+01 3.640000000000000000e+02
2.453400000000000247e+01 6.031856703758239746e+01 3.500000000000000000e+01 3.220000000000000000e+02
2.509800000000000253e+01 6.031856703758239746e+01 3.600000000000000000e+01 2.940000000000000000e+02
2.532300000000000395e+01 6.031856703758239746e+01 3.700000000000000000e+01 4.160000000000000000e+02
2.580400000000000560e+01 6.031856703758239746e+01 3.800000000000000000e+01 2.680000000000000000e+02
2.611100000000000065e+01 6.031856703758239746e+01 3.900000000000000000e+01 4.040000000000000000e+02
2.640399999999999281e+01 6.031856703758239746e+01 4.000000000000000000e+01 4.210000000000000000e+02
2.675599999999999312e+01 6.031856703758239746e+01 4.100000000000000000e+01 3.450000000000000000e+02
2.722500000000000142e+01 6.031856703758239746e+01 4.200000000000000000e+01 4.530000000000000000e+02
2.758200000000001140e+01 6.031856703758239746e+01 4.300000000000000000e+01 3.760000000000000000e+02
2.805000000000000426e+01 6.031856703758239746e+01 4.400000000000000000e+01 4.940000000000000000e+02
2.881200000000001182e+01 6.031856703758239746e+01 4.500000000000000000e+01 5.920000000000000000e+02
2.914400000000001612e+01 6.031856703758239746e+01 4.600000000000000000e+01 4.440000000000000000e+02
2.981700000000001438e+01 6.031856703758239746e+01 4.700000000000000000e+01 5.650000000000000000e+02
3.028900000000002279e+01 6.031856703758239746e+01 4.800000000000000000e+01 5.940000000000000000e+02
3.052700000000002234e+01 6.031856703758239746e+01 4.900000000000000000e+01 6.260000000000000000e+02
3.081200000000000827e+01 6.031856703758239746e+01 5.000000000000000000e+01 1.017000000000000000e+03
3.142600000000001970e+01 6.031856703758239746e+01 5.100000000000000000e+01 6.940000000000000000e+02
3.243700000000001893e+01 6.031856703758239746e+01 5.200000000000000000e+01 8.520000000000000000e+02
3.306500000000004036e+01 6.031856703758239746e+01 5.300000000000000000e+01 8.510000000000000000e+02
3.301400000000003132e+01 6.031856703758239746e+01 5.400000000000000000e+01 7.140000000000000000e+02
3.394000000000007589e+01 6.031856703758239746e+01 5.500000000000000000e+01 9.950000000000000000e+02
3.474700000000008515e+01 6.031856703758239746e+01 5.600000000000000000e+01 1.137000000000000000e+03
3.564200000000013802e+01 6.031856703758239746e+01 5.700000000000000000e+01 1.104000000000000000e+03
3.643700000000018946e+01 6.031856703758239746e+01 5.800000000000000000e+01 1.126000000000000000e+03
3.719300000000020390e+01 6.031856703758239746e+01 5.900000000000000000e+01 1.119000000000000000e+03
3.781300000000027950e+01 6.031856703758239746e+01 6.000000000000000000e+01 1.305000000000000000e+03
3.837700000000029377e+01 6.031856703758239746e+01 6.100000000000000000e+01 1.574000000000000000e+03
3.942800000000036675e+01 6.031856703758239746e+01 6.200000000000000000e+01 1.653000000000000000e+03
4.135200000000043730e+01 6.031856703758239746e+01 6.300000000000000000e+01 1.034000000000000000e+03
4.364600000000054081e+01 6.031856703758239746e+01 6.400000000000000000e+01 2.325000000000000000e+03
4.513200000000059475e+01 6.031856703758239746e+01 6.500000000000000000e+01 2.041000000000000000e+03
4.769600000000070850e+01 6.031856703758239746e+01 6.600000000000000000e+01 1.840000000000000000e+03
4.922700000000076415e+01 6.031856703758239746e+01 6.700000000000000000e+01 2.227000000000000000e+03
5.026300000000080814e+01 6.031856703758239746e+01 6.800000000000000000e+01 3.077000000000000000e+03
5.222800000000088261e+01 6.031856703758239746e+01 6.900000000000000000e+01 1.912000000000000000e+03
5.314100000000092905e+01 6.031856703758239746e+01 7.000000000000000000e+01 1.710000000000000000e+03
5.508900000000100761e+01 6.031856703758239746e+01 7.100000000000000000e+01 1.439000000000000000e+03
6.014200000000118962e+01 6.031856703758239746e+01 7.200000000000000000e+01 1.299000000000000000e+03
6.031856703758239746e+01 6.031856703758239746e+01 0.000000000000000000e+00 0.000000000000000000e+00
6.031856703758239746e+01 6.031856703758239746e+01 0.000000000000000000e+00 0.000000000000000000e+00
3.286000000000000032e+00 5.746807980537414551e+01 0.000000000000000000e+00 0.000000000000000000e+00
5.452000000000000846e+00 5.746807980537414551e+01 1.000000000000000000e+00 1.200000000000000000e+01
7.027000000000001911e+00 5.746807980537414551e+01 2.000000000000000000e+00 3.600000000000000000e+01
7.715000000000002522e+00 5.746807980537414551e+01 3.000000000000000000e+00 3.400000000000000000e+01
8.547000000000002373e+00 5.746807980537414551e+01 4.000000000000000000e+00 3.100000000000000000e+01
9.038000000000002032e+00 5.746807980537414551e+01 5.000000000000000000e+00 3.600000000000000000e+01
9.676000000000001933e+00 5.746807980537414551e+01 6.000000000000000000e+00 6.000000000000000000e+01
1.044599999999999973e+01 5.746807980537414551e+01 7.000000000000000000e+00 4.600000000000000000e+01
1.119799999999999862e+01 5.746807980537414551e+01 8.000000000000000000e+00 7.100000000000000000e+01
1.119799999999999862e+01 5.746807980537414551e+01 9.000000000000000000e+00 4.400000000000000000e+01
1.181099999999999817e+01 5.746807980537414551e+01 1.000000000000000000e+01 1.350000000000000000e+02
1.207599999999999874e+01 5.746807980537414551e+01 1.100000000000000000e+01 7.900000000000000000e+01
1.231899999999999906e+01 5.746807980537414551e+01 1.200000000000000000e+01 9.200000000000000000e+01
1.284800000000000253e+01 5.746807980537414551e+01 1.300000000000000000e+01 5.500000000000000000e+01
1.340800000000000125e+01 5.746807980537414551e+01 1.400000000000000000e+01 1.430000000000000000e+02
1.350100000000000122e+01 5.746807980537414551e+01 1.500000000000000000e+01 4.800000000000000000e+01
1.425999999999999979e+01 5.746807980537414551e+01 1.600000000000000000e+01 1.350000000000000000e+02
1.488100000000000023e+01 5.746807980537414551e+01 1.700000000000000000e+01 1.430000000000000000e+02
1.498800000000000132e+01 5.746807980537414551e+01 1.800000000000000000e+01 7.500000000000000000e+01
1.565400000000000169e+01 5.746807980537414551e+01 1.900000000000000000e+01 1.360000000000000000e+02
1.618200000000000216e+01 5.746807980537414551e+01 2.000000000000000000e+01 9.700000000000000000e+01
1.669400000000000261e+01 5.746807980537414551e+01 2.100000000000000000e+01 2.350000000000000000e+02
1.697000000000000242e+01 5.746807980537414551e+01 2.200000000000000000e+01 1.220000000000000000e+02
1.766699999999999804e+01 5.746807980537414551e+01 2.300000000000000000e+01 2.120000000000000000e+02
1.785499999999999687e+01 5.746807980537414551e+01 2.400000000000000000e+01 2.320000000000000000e+02
1.821599999999999397e+01 5.746807980537414551e+01 2.500000000000000000e+01 2.380000000000000000e+02
1.856499999999999062e+01 5.746807980537414551e+01 2.600000000000000000e+01 2.240000000000000000e+02
1.898199999999998866e+01 5.746807980537414551e+01 2.700000000000000000e+01 2.550000000000000000e+02
1.941599999999998261e+01 5.746807980537414551e+01 2.800000000000000000e+01 2.530000000000000000e+02
1.993499999999998451e+01 5.746807980537414551e+01 2.900000000000000000e+01 2.620000000000000000e+02
2.037899999999999068e+01 5.746807980537414551e+01 3.000000000000000000e+01 2.890000000000000000e+02
2.096099999999999497e+01 5.746807980537414551e+01 3.100000000000000000e+01 3.030000000000000000e+02
2.144399999999999551e+01 5.746807980537414551e+01 3.200000000000000000e+01 3.670000000000000000e+02
2.190999999999999304e+01 5.746807980537414551e+01 3.300000000000000000e+01 2.730000000000000000e+02
2.209299999999998931e+01 5.746807980537414551e+01 3.400000000000000000e+01 3.180000000000000000e+02
2.265899999999998826e+01 5.746807980537414551e+01 3.500000000000000000e+01 3.200000000000000000e+02
2.302899999999998570e+01 5.746807980537414551e+01 3.600000000000000000e+01 3.490000000000000000e+02
2.387399999999999523e+01 5.746807980537414551e+01 3.700000000000000000e+01 3.320000000000000000e+02
2.435199999999999676e+01 5.746807980537414551e+01 3.800000000000000000e+01 4.290000000000000000e+02
2.472299999999999187e+01 5.746807980537414551e+01 3.900000000000000000e+01 4.330000000000000000e+02
2.505799999999998562e+01 5.746807980537414551e+01 4.000000000000000000e+01 4.420000000000000000e+02
2.548099999999998744e+01 5.746807980537414551e+01 4.100000000000000000e+01 5.250000000000000000e+02
2.647000000000000242e+01 5.746807980537414551e+01 4.200000000000000000e+01 5.710000000000000000e+02
2.718700000000001893e+01 5.746807980537414551e+01 4.300000000000000000e+01 6.690000000000000000e+02
2.792500000000002203e+01 5.746807980537414551e+01 4.400000000000000000e+01 6.940000000000000000e+02
2.789000000000002188e+01 5.746807980537414551e+01 4.500000000000000000e+01 6.130000000000000000e+02
2.854400000000003601e+01 5.746807980537414551e+01 4.600000000000000000e+01 6.830000000000000000e+02
2.911200000000003385e+01 5.746807980537414551e+01 4.700000000000000000e+01 8.910000000000000000e+02
2.966900000000003601e+01 5.746807980537414551e+01 4.800000000000000000e+01 7.810000000000000000e+02
3.020900000000003516e+01 5.746807980537414551e+01 4.900000000000000000e+01 8.280000000000000000e+02
3.103100000000002012e+01 5.746807980537414551e+01 5.000000000000000000e+01 9.570000000000000000e+02
3.114400000000001967e+01 5.746807980537414551e+01 5.100000000000000000e+01 7.490000000000000000e+02
3.187799999999999301e+01 5.746807980537414551e+01 5.200000000000000000e+01 9.410000000000000000e+02
3.259100000000003661e+01 5.746807980537414551e+01 5.300000000000000000e+01 1.178000000000000000e+03
3.347900000000004184e+01 5.746807980537414551e+01 5.400000000000000000e+01 1.104000000000000000e+03
3.386400000000006116e+01 5.746807980537414551e+01 5.500000000000000000e+01 1.191000000000000000e+03
3.462700000000005929e+01 5.746807980537414551e+01 5.600000000000000000e+01 1.255000000000000000e+03
3.578100000000011249e+01 5.746807980537414551e+01 5.700000000000000000e+01 1.449000000000000000e+03
3.663600000000013779e+01 5.746807980537414551e+01 5.800000000000000000e+01 1.054000000000000000e+03
3.724300000000014421e+01 5.746807980537414551e+01 5.900000000000000000e+01 1.573000000000000000e+03
3.801300000000023971e+01 5.746807980537414551e+01 6.000000000000000000e+01 1.542000000000000000e+03
4.001700000000032986e+01 5.746807980537414551e+01 6.100000000000000000e+01 1.959000000000000000e+03
4.083900000000036101e+01 5.746807980537414551e+01 6.200000000000000000e+01 2.051000000000000000e+03
4.216600000000042314e+01 5.746807980537414551e+01 6.300000000000000000e+01 2.103000000000000000e+03
4.281000000000045702e+01 5.746807980537414551e+01 6.400000000000000000e+01 1.732000000000000000e+03
4.371700000000048192e+01 5.746807980537414551e+01 6.500000000000000000e+01 1.505000000000000000e+03
4.456900000000050710e+01 5.746807980537414551e+01 6.600000000000000000e+01 2.254000000000000000e+03
4.618700000000058736e+01 5.746807980537414551e+01 6.700000000000000000e+01 1.570000000000000000e+03
4.698500000000061050e+01 5.746807980537414551e+01 6.800000000000000000e+01 1.814000000000000000e+03
4.904200000000067661e+01 5.746807980537414551e+01 6.900000000000000000e+01 2.185000000000000000e+03
5.019500000000073214e+01 5.746807980537414551e+01 7.000000000000000000e+01 1.482000000000000000e+03
5.453500000000088477e+01 5.746807980537414551e+01 7.100000000000000000e+01 1.584000000000000000e+03
5.751400000000100476e+01 5.746807980537414551e+01 7.200000000000000000e+01 1.877000000000000000e+03
5.746807980537414551e+01 5.746807980537414551e+01 0.000000000000000000e+00 0.000000000000000000e+00
5.746807980537414551e+01 5.746807980537414551e+01 0.000000000000000000e+00 0.000000000000000000e+00
3.820000000000000284e+00 6.198311853408813477e+01 0.000000000000000000e+00 0.000000000000000000e+00
5.275000000000000355e+00 6.198311853408813477e+01 1.000000000000000000e+00 3.000000000000000000e+00
6.856000000000001648e+00 6.198311853408813477e+01 2.000000000000000000e+00 1.200000000000000000e+01
8.061000000000001720e+00 6.198311853408813477e+01 3.000000000000000000e+00 3.200000000000000000e+01
8.602000000000000313e+00 6.198311853408813477e+01 4.000000000000000000e+00 3.500000000000000000e+01
9.900000000000002132e+00 6.198311853408813477e+01 5.000000000000000000e+00 2.700000000000000000e+01
1.085500000000000398e+01 6.198311853408813477e+01 6.000000000000000000e+00 5.200000000000000000e+01
1.101400000000000468e+01 6.198311853408813477e+01 7.000000000000000000e+00 4.600000000000000000e+01
1.146900000000000475e+01 6.198311853408813477e+01 8.000000000000000000e+00 5.400000000000000000e+01
1.220100000000000584e+01 6.198311853408813477e+01 9.000000000000000000e+00 5.200000000000000000e+01
1.263100000000000733e+01 6.198311853408813477e+01 1.000000000000000000e+01 6.700000000000000000e+01
1.305100000000000549e+01 6.198311853408813477e+01 1.100000000000000000e+01 6.700000000000000000e+01
1.332500000000000462e+01 6.198311853408813477e+01 1.200000000000000000e+01 5.200000000000000000e+01
1.398500000000000654e+01 6.198311853408813477e+01 1.300000000000000000e+01 7.600000000000000000e+01
1.437200000000000522e+01 6.198311853408813477e+01 1.400000000000000000e+01 1.170000000000000000e+02
1.487200000000000522e+01 6.198311853408813477e+01 1.500000000000000000e+01 9.600000000000000000e+01
1.523800000000000487e+01 6.198311853408813477e+01 1.600000000000000000e+01 1.100000000000000000e+02
1.639200000000000301e+01 6.198311853408813477e+01 1.700000000000000000e+01 1.430000000000000000e+02
1.662000000000000099e+01 6.198311853408813477e+01 1.800000000000000000e+01 1.380000000000000000e+02
1.687700000000000600e+01 6.198311853408813477e+01 1.900000000000000000e+01 1.380000000000000000e+02
1.756200000000001538e+01 6.198311853408813477e+01 2.000000000000000000e+01 1.640000000000000000e+02
1.779900000000001370e+01 6.198311853408813477e+01 2.100000000000000000e+01 1.260000000000000000e+02
1.829300000000000992e+01 6.198311853408813477e+01 2.200000000000000000e+01 1.300000000000000000e+02
1.867700000000000671e+01 6.198311853408813477e+01 2.300000000000000000e+01 1.930000000000000000e+02
1.932500000000000639e+01 6.198311853408813477e+01 2.400000000000000000e+01 1.650000000000000000e+02
1.977200000000000202e+01 6.198311853408813477e+01 2.500000000000000000e+01 1.940000000000000000e+02
2.003299999999999770e+01 6.198311853408813477e+01 2.600000000000000000e+01 1.970000000000000000e+02
2.061499999999999488e+01 6.198311853408813477e+01 2.700000000000000000e+01 1.990000000000000000e+02
2.109599999999998943e+01 6.198311853408813477e+01 2.800000000000000000e+01 2.730000000000000000e+02
2.132899999999999352e+01 6.198311853408813477e+01 2.900000000000000000e+01 2.530000000000000000e+02
2.177499999999999858e+01 6.198311853408813477e+01 3.000000000000000000e+01 1.860000000000000000e+02
2.218700000000000827e+01 6.198311853408813477e+01 3.100000000000000000e+01 2.830000000000000000e+02
2.275800000000000978e+01 6.198311853408813477e+01 3.200000000000000000e+01 2.940000000000000000e+02
2.295800000000000907e+01 6.198311853408813477e+01 3.300000000000000000e+01 3.440000000000000000e+02
2.375499999999999901e+01 6.198311853408813477e+01 3.400000000000000000e+01 2.680000000000000000e+02
2.329100000000000037e+01 6.198311853408813477e+01 3.500000000000000000e+01 3.110000000000000000e+02
2.453099999999999881e+01 6.198311853408813477e+01 3.600000000000000000e+01 3.890000000000000000e+02
2.489499999999999957e+01 6.198311853408813477e+01 3.700000000000000000e+01 2.930000000000000000e+02
2.558999999999999986e+01 6.198311853408813477e+01 3.800000000000000000e+01 3.460000000000000000e+02
2.579599999999999582e+01 6.198311853408813477e+01 3.900000000000000000e+01 4.530000000000000000e+02
2.637999999999998479e+01 6.198311853408813477e+01 4.000000000000000000e+01 4.240000000000000000e+02
2.647899999999998144e+01 6.198311853408813477e+01 4.100000000000000000e+01 4.910000000000000000e+02
2.710899999999999466e+01 6.198311853408813477e+01 4.200000000000000000e+01 3.810000000000000000e+02
2.763300000000001333e+01 6.198311853408813477e+01 4.300000000000000000e+01 6.300000000000000000e+02
2.850400000000000134e+01 6.198311853408813477e+01 4.400000000000000000e+01 5.800000000000000000e+02
2.873400000000000176e+01 6.198311853408813477e+01 4.500000000000000000e+01 5.350000000000000000e+02
2.940500000000002245e+01 6.198311853408813477e+01 4.600000000000000000e+01 6.990000000000000000e+02
2.964400000000001612e+01 6.198311853408813477e+01 4.700000000000000000e+01 7.150000000000000000e+02
3.057100000000001927e+01 6.198311853408813477e+01 4.800000000000000000e+01 7.020000000000000000e+02
3.107200000000002404e+01 6.198311853408813477e+01 4.900000000000000000e+01 7.400000000000000000e+02
3.163700000000001111e+01 6.198311853408813477e+01 5.000000000000000000e+01 8.340000000000000000e+02
3.273900000000004695e+01 6.198311853408813477e+01 5.100000000000000000e+01 9.200000000000000000e+02
3.323500000000006338e+01 6.198311853408813477e+01 5.200000000000000000e+01 9.130000000000000000e+02
3.340700000000008174e+01 6.198311853408813477e+01 5.300000000000000000e+01 1.128000000000000000e+03
3.497800000000006548e+01 6.198311853408813477e+01 5.400000000000000000e+01 1.399000000000000000e+03
3.541300000000008907e+01 6.198311853408813477e+01 5.500000000000000000e+01 9.460000000000000000e+02
3.612400000000010181e+01 6.198311853408813477e+01 5.600000000000000000e+01 1.159000000000000000e+03
3.624300000000010868e+01 6.198311853408813477e+01 5.700000000000000000e+01 1.316000000000000000e+03
3.706700000000019202e+01 6.198311853408813477e+01 5.800000000000000000e+01 1.251000000000000000e+03
3.867400000000015581e+01 6.198311853408813477e+01 5.900000000000000000e+01 1.790000000000000000e+03
3.873000000000016740e+01 6.198311853408813477e+01 6.000000000000000000e+01 1.626000000000000000e+03
3.971200000000020225e+01 6.198311853408813477e+01 6.100000000000000000e+01 1.912000000000000000e+03
4.151500000000027768e+01 6.198311853408813477e+01 6.200000000000000000e+01 1.238000000000000000e+03
4.327400000000034197e+01 6.198311853408813477e+01 6.300000000000000000e+01 2.362000000000000000e+03
4.429800000000039262e+01 6.198311853408813477e+01 6.400000000000000000e+01 2.459000000000000000e+03
4.496700000000041797e+01 6.198311853408813477e+01 6.500000000000000000e+01 2.156000000000000000e+03
4.584500000000046782e+01 6.198311853408813477e+01 6.600000000000000000e+01 2.294000000000000000e+03
4.789300000000054069e+01 6.198311853408813477e+01 6.700000000000000000e+01 2.118000000000000000e+03
4.904200000000059134e+01 6.198311853408813477e+01 6.800000000000000000e+01 1.434000000000000000e+03
5.346500000000074948e+01 6.198311853408813477e+01 6.900000000000000000e+01 1.670000000000000000e+03
5.455800000000078143e+01 6.198311853408813477e+01 7.000000000000000000e+01 2.292000000000000000e+03
5.586300000000083799e+01 6.198311853408813477e+01 7.100000000000000000e+01 1.304000000000000000e+03
6.195500000000106411e+01 6.198311853408813477e+01 7.200000000000000000e+01 8.660000000000000000e+02
6.198311853408813477e+01 6.198311853408813477e+01 0.000000000000000000e+00 0.000000000000000000e+00
6.198311853408813477e+01 6.198311853408813477e+01 0.000000000000000000e+00 0.000000000000000000e+00
4.865000000000000213e+00 5.228201746940612793e+01 0.000000000000000000e+00 1.300000000000000000e+01
5.953000000000000291e+00 5.228201746940612793e+01 1.000000000000000000e+00 1.100000000000000000e+01
8.059000000000001052e+00 5.228201746940612793e+01 2.000000000000000000e+00 1.800000000000000000e+01
9.086000000000000298e+00 5.228201746940612793e+01 3.000000000000000000e+00 3.700000000000000000e+01
9.423000000000000043e+00 5.228201746940612793e+01 4.000000000000000000e+00 4.900000000000000000e+01
1.023899999999999899e+01 5.228201746940612793e+01 5.000000000000000000e+00 5.900000000000000000e+01
1.070599999999999952e+01 5.228201746940612793e+01 6.000000000000000000e+00 2.500000000000000000e+01
1.133699999999999974e+01 5.228201746940612793e+01 7.000000000000000000e+00 4.100000000000000000e+01
1.163799999999999990e+01 5.228201746940612793e+01 8.000000000000000000e+00 5.600000000000000000e+01
1.243199999999999861e+01 5.228201746940612793e+01 9.000000000000000000e+00 9.400000000000000000e+01
1.284999999999999787e+01 5.228201746940612793e+01 1.000000000000000000e+01 5.500000000000000000e+01
1.342699999999999605e+01 5.228201746940612793e+01 1.100000000000000000e+01 9.000000000000000000e+01
1.412099999999999511e+01 5.228201746940612793e+01 1.200000000000000000e+01 1.090000000000000000e+02
1.451499999999999702e+01 5.228201746940612793e+01 1.300000000000000000e+01 5.900000000000000000e+01
1.515799999999999770e+01 5.228201746940612793e+01 1.400000000000000000e+01 8.400000000000000000e+01
1.553299999999999770e+01 5.228201746940612793e+01 1.500000000000000000e+01 1.300000000000000000e+02
1.589699999999999669e+01 5.228201746940612793e+01 1.600000000000000000e+01 1.140000000000000000e+02
1.631299999999999883e+01 5.228201746940612793e+01 1.700000000000000000e+01 1.490000000000000000e+02
1.715999999999998948e+01 5.228201746940612793e+01 1.800000000000000000e+01 1.810000000000000000e+02
1.727299999999998903e+01 5.228201746940612793e+01 1.900000000000000000e+01 1.270000000000000000e+02
1.780399999999999139e+01 5.228201746940612793e+01 2.000000000000000000e+01 1.930000000000000000e+02
1.831699999999999307e+01 5.228201746940612793e+01 2.100000000000000000e+01 1.140000000000000000e+02
1.841799999999999216e+01 5.228201746940612793e+01 2.200000000000000000e+01 2.110000000000000000e+02
1.891099999999999071e+01 5.228201746940612793e+01 2.300000000000000000e+01 1.430000000000000000e+02
1.918999999999999062e+01 5.228201746940612793e+01 2.400000000000000000e+01 2.250000000000000000e+02
1.951899999999998769e+01 5.228201746940612793e+01 2.500000000000000000e+01 1.640000000000000000e+02
2.008299999999998064e+01 5.228201746940612793e+01 2.600000000000000000e+01 2.030000000000000000e+02
2.049799999999997979e+01 5.228201746940612793e+01 2.700000000000000000e+01 1.770000000000000000e+02
2.110399999999997434e+01 5.228201746940612793e+01 2.800000000000000000e+01 2.110000000000000000e+02
2.164899999999997604e+01 5.228201746940612793e+01 2.900000000000000000e+01 3.350000000000000000e+02
2.194899999999997675e+01 5.228201746940612793e+01 3.000000000000000000e+01 2.100000000000000000e+02
2.238599999999997792e+01 5.228201746940612793e+01 3.100000000000000000e+01 2.660000000000000000e+02
2.266799999999998150e+01 5.228201746940612793e+01 3.200000000000000000e+01 2.560000000000000000e+02
2.319899999999997320e+01 5.228201746940612793e+01 3.300000000000000000e+01 3.040000000000000000e+02
2.384599999999996811e+01 5.228201746940612793e+01 3.400000000000000000e+01 2.890000000000000000e+02
2.429699999999996507e+01 5.228201746940612793e+01 3.500000000000000000e+01 4.150000000000000000e+02
2.503099999999997038e+01 5.228201746940612793e+01 3.600000000000000000e+01 3.420000000000000000e+02
2.519299999999996942e+01 5.228201746940612793e+01 3.700000000000000000e+01 3.680000000000000000e+02
2.584499999999997044e+01 5.228201746940612793e+01 3.800000000000000000e+01 4.000000000000000000e+02
2.603999999999996362e+01 5.228201746940612793e+01 3.900000000000000000e+01 4.200000000000000000e+02
2.664399999999995217e+01 5.228201746940612793e+01 4.000000000000000000e+01 4.530000000000000000e+02
2.664399999999995217e+01 5.228201746940612793e+01 4.100000000000000000e+01 5.180000000000000000e+02
2.726799999999995805e+01 5.228201746940612793e+01 4.200000000000000000e+01 4.710000000000000000e+02
2.773399999999996624e+01 5.228201746940612793e+01 4.300000000000000000e+01 4.580000000000000000e+02
2.817699999999996407e+01 5.228201746940612793e+01 4.400000000000000000e+01 5.130000000000000000e+02
2.874799999999996558e+01 5.228201746940612793e+01 4.500000000000000000e+01 5.420000000000000000e+02
2.897499999999998010e+01 5.228201746940612793e+01 4.600000000000000000e+01 5.740000000000000000e+02
2.987099999999995958e+01 5.228201746940612793e+01 4.700000000000000000e+01 6.830000000000000000e+02
3.022799999999996601e+01 5.228201746940612793e+01 4.800000000000000000e+01 7.270000000000000000e+02
3.060999999999997456e+01 5.228201746940612793e+01 4.900000000000000000e+01 7.530000000000000000e+02
3.085799999999996857e+01 5.228201746940612793e+01 5.000000000000000000e+01 7.520000000000000000e+02
3.235099999999997777e+01 5.228201746940612793e+01 5.100000000000000000e+01 7.170000000000000000e+02
3.229399999999998983e+01 5.228201746940612793e+01 5.200000000000000000e+01 8.790000000000000000e+02
3.326500000000002188e+01 5.228201746940612793e+01 5.300000000000000000e+01 9.780000000000000000e+02
3.426000000000005485e+01 5.228201746940612793e+01 5.400000000000000000e+01 1.219000000000000000e+03
3.418700000000005446e+01 5.228201746940612793e+01 5.500000000000000000e+01 1.162000000000000000e+03
3.507700000000009055e+01 5.228201746940612793e+01 5.600000000000000000e+01 1.002000000000000000e+03
3.596300000000011465e+01 5.228201746940612793e+01 5.700000000000000000e+01 1.357000000000000000e+03
3.675100000000016820e+01 5.228201746940612793e+01 5.800000000000000000e+01 1.427000000000000000e+03
3.759000000000015973e+01 5.228201746940612793e+01 5.900000000000000000e+01 1.411000000000000000e+03
3.841600000000024551e+01 5.228201746940612793e+01 6.000000000000000000e+01 1.475000000000000000e+03
3.900100000000027478e+01 5.228201746940612793e+01 6.100000000000000000e+01 1.357000000000000000e+03
3.983800000000029939e+01 5.228201746940612793e+01 6.200000000000000000e+01 1.492000000000000000e+03
4.033700000000032304e+01 5.228201746940612793e+01 6.300000000000000000e+01 1.896000000000000000e+03
4.251000000000043144e+01 5.228201746940612793e+01 6.400000000000000000e+01 1.804000000000000000e+03
4.369800000000049067e+01 5.228201746940612793e+01 6.500000000000000000e+01 1.583000000000000000e+03
4.499100000000056099e+01 5.228201746940612793e+01 6.600000000000000000e+01 2.208000000000000000e+03
4.596400000000058839e+01 5.228201746940612793e+01 6.700000000000000000e+01 1.420000000000000000e+03
4.682100000000063034e+01 5.228201746940612793e+01 6.800000000000000000e+01 1.921000000000000000e+03
4.787100000000067013e+01 5.228201746940612793e+01 6.900000000000000000e+01 1.331000000000000000e+03
4.901300000000072288e+01 5.228201746940612793e+01 7.000000000000000000e+01 1.124000000000000000e+03
5.071400000000077313e+01 5.228201746940612793e+01 7.100000000000000000e+01 1.312000000000000000e+03
5.212200000000083122e+01 5.228201746940612793e+01 7.200000000000000000e+01 1.094000000000000000e+03
5.228201746940612793e+01 5.228201746940612793e+01 0.000000000000000000e+00 0.000000000000000000e+00
5.228201746940612793e+01 5.228201746940612793e+01 0.000000000000000000e+00 0.000000000000000000e+00
3.711999999999999300e+00 5.902772688865661621e+01 0.000000000000000000e+00 1.100000000000000000e+01
4.784999999999998366e+00 5.902772688865661621e+01 1.000000000000000000e+00 1.500000000000000000e+01
5.668999999999997819e+00 5.902772688865661621e+01 2.000000000000000000e+00 1.000000000000000000e+01
6.183999999999997499e+00 5.902772688865661621e+01 3.000000000000000000e+00 2.200000000000000000e+01
6.851999999999997648e+00 5.902772688865661621e+01 4.000000000000000000e+00 2.500000000000000000e+01
7.161999999999998145e+00 5.902772688865661621e+01 5.000000000000000000e+00 2.300000000000000000e+01
7.977999999999997094e+00 5.902772688865661621e+01 6.000000000000000000e+00 4.500000000000000000e+01
9.211999999999996191e+00 5.902772688865661621e+01 7.000000000000000000e+00 7.200000000000000000e+01
9.211999999999996191e+00 5.902772688865661621e+01 8.000000000000000000e+00 3.800000000000000000e+01
9.800999999999996604e+00 5.902772688865661621e+01 9.000000000000000000e+00 6.400000000000000000e+01
1.051299999999999635e+01 5.902772688865661621e+01 1.000000000000000000e+01 6.600000000000000000e+01
1.120699999999999541e+01 5.902772688865661621e+01 1.100000000000000000e+01 7.700000000000000000e+01
1.147999999999999510e+01 5.902772688865661621e+01 1.200000000000000000e+01 1.250000000000000000e+02
1.213399999999999679e+01 5.902772688865661621e+01 1.300000000000000000e+01 9.200000000000000000e+01
1.284499999999999709e+01 5.902772688865661621e+01 1.400000000000000000e+01 1.220000000000000000e+02
1.349399999999999444e+01 5.902772688865661621e+01 1.500000000000000000e+01 1.440000000000000000e+02
1.384299999999999464e+01 5.902772688865661621e+01 1.600000000000000000e+01 1.420000000000000000e+02
1.458099999999999419e+01 5.902772688865661621e+01 1.700000000000000000e+01 1.230000000000000000e+02
1.503299999999999592e+01 5.902772688865661621e+01 1.800000000000000000e+01 1.270000000000000000e+02
1.536299999999999599e+01 5.902772688865661621e+01 1.900000000000000000e+01 1.830000000000000000e+02
1.588999999999999524e+01 5.902772688865661621e+01 2.000000000000000000e+01 2.210000000000000000e+02
1.651199999999999690e+01 5.902772688865661621e+01 2.100000000000000000e+01 2.700000000000000000e+02
1.720299999999999230e+01 5.902772688865661621e+01 2.200000000000000000e+01 1.890000000000000000e+02
1.760899999999999110e+01 5.902772688865661621e+01 2.300000000000000000e+01 2.040000000000000000e+02
1.805399999999999139e+01 5.902772688865661621e+01 2.400000000000000000e+01 2.470000000000000000e+02
1.845399999999998286e+01 5.902772688865661621e+01 2.500000000000000000e+01 2.750000000000000000e+02
1.902199999999998425e+01 5.902772688865661621e+01 2.600000000000000000e+01 3.470000000000000000e+02
1.935199999999998610e+01 5.902772688865661621e+01 2.700000000000000000e+01 2.670000000000000000e+02
1.975199999999998468e+01 5.902772688865661621e+01 2.800000000000000000e+01 2.930000000000000000e+02
2.002499999999998792e+01 5.902772688865661621e+01 2.900000000000000000e+01 1.800000000000000000e+02
2.029199999999999093e+01 5.902772688865661621e+01 3.000000000000000000e+01 3.500000000000000000e+02
2.079399999999999338e+01 5.902772688865661621e+01 3.100000000000000000e+01 3.780000000000000000e+02
2.120899999999999253e+01 5.902772688865661621e+01 3.200000000000000000e+01 3.120000000000000000e+02
2.187099999999999156e+01 5.902772688865661621e+01 3.300000000000000000e+01 3.190000000000000000e+02
2.250699999999998369e+01 5.902772688865661621e+01 3.400000000000000000e+01 4.150000000000000000e+02
2.305799999999998207e+01 5.902772688865661621e+01 3.500000000000000000e+01 4.620000000000000000e+02
2.311899999999998201e+01 5.902772688865661621e+01 3.600000000000000000e+01 4.250000000000000000e+02
2.373499999999998522e+01 5.902772688865661621e+01 3.700000000000000000e+01 3.380000000000000000e+02
2.401499999999998636e+01 5.902772688865661621e+01 3.800000000000000000e+01 3.580000000000000000e+02
2.405499999999998195e+01 5.902772688865661621e+01 3.900000000000000000e+01 4.480000000000000000e+02
2.495299999999997809e+01 5.902772688865661621e+01 4.000000000000000000e+01 4.560000000000000000e+02
2.548499999999997456e+01 5.902772688865661621e+01 4.100000000000000000e+01 4.130000000000000000e+02
2.606099999999998218e+01 5.902772688865661621e+01 4.200000000000000000e+01 4.760000000000000000e+02
2.648499999999999233e+01 5.902772688865661621e+01 4.300000000000000000e+01 6.310000000000000000e+02
2.712999999999998835e+01 5.902772688865661621e+01 4.400000000000000000e+01 5.600000000000000000e+02
2.766499999999999204e+01 5.902772688865661621e+01 4.500000000000000000e+01 5.700000000000000000e+02
2.813600000000000279e+01 5.902772688865661621e+01 4.600000000000000000e+01 7.080000000000000000e+02
2.882299999999999685e+01 5.902772688865661621e+01 4.700000000000000000e+01 6.710000000000000000e+02
2.905799999999999983e+01 5.902772688865661621e+01 4.800000000000000000e+01 7.400000000000000000e+02
2.977499999999999503e+01 5.902772688865661621e+01 4.900000000000000000e+01 9.060000000000000000e+02
3.028099999999999525e+01 5.902772688865661621e+01 5.000000000000000000e+01 7.170000000000000000e+02
3.135700000000000642e+01 5.902772688865661621e+01 5.100000000000000000e+01 8.410000000000000000e+02
3.344600000000002638e+01 5.902772688865661621e+01 5.200000000000000000e+01 1.119000000000000000e+03
3.397000000000004150e+01 5.902772688865661621e+01 5.300000000000000000e+01 1.179000000000000000e+03
3.423600000000003973e+01 5.902772688865661621e+01 5.400000000000000000e+01 1.142000000000000000e+03
3.500300000000007117e+01 5.902772688865661621e+01 5.500000000000000000e+01 1.207000000000000000e+03
3.555000000000008953e+01 5.902772688865661621e+01 5.600000000000000000e+01 1.455000000000000000e+03
3.648900000000013222e+01 5.902772688865661621e+01 5.700000000000000000e+01 1.377000000000000000e+03
3.697800000000017207e+01 5.902772688865661621e+01 5.800000000000000000e+01 1.149000000000000000e+03
3.764900000000016433e+01 5.902772688865661621e+01 5.900000000000000000e+01 1.889000000000000000e+03
3.889800000000032298e+01 5.902772688865661621e+01 6.000000000000000000e+01 1.768000000000000000e+03
3.968300000000034800e+01 5.902772688865661621e+01 6.100000000000000000e+01 2.043000000000000000e+03
4.021100000000037511e+01 5.902772688865661621e+01 6.200000000000000000e+01 2.322000000000000000e+03
4.102900000000040848e+01 5.902772688865661621e+01 6.300000000000000000e+01 2.057000000000000000e+03
4.199900000000046418e+01 5.902772688865661621e+01 6.400000000000000000e+01 2.032000000000000000e+03
4.327700000000051261e+01 5.902772688865661621e+01 6.500000000000000000e+01 1.578000000000000000e+03
4.537100000000061328e+01 5.902772688865661621e+01 6.600000000000000000e+01 1.371000000000000000e+03
4.615600000000063829e+01 5.902772688865661621e+01 6.700000000000000000e+01 1.098000000000000000e+03
4.710000000000067644e+01 5.902772688865661621e+01 6.800000000000000000e+01 2.571000000000000000e+03
4.836300000000072430e+01 5.902772688865661621e+01 6.900000000000000000e+01 1.107000000000000000e+03
4.964600000000078239e+01 5.902772688865661621e+01 7.000000000000000000e+01 1.179000000000000000e+03
5.294000000000090012e+01 5.902772688865661621e+01 7.100000000000000000e+01 2.149000000000000000e+03
5.905800000000114380e+01 5.902772688865661621e+01 7.200000000000000000e+01 1.806000000000000000e+03
5.902772688865661621e+01 5.902772688865661621e+01 0.000000000000000000e+00 0.000000000000000000e+00
5.902772688865661621e+01 5.902772688865661621e+01 0.000000000000000000e+00 0.000000000000000000e+00
