5.772000000000000242e+00 8.296021604537963867e+01 0.000000000000000000e+00 4.000000000000000000e+00
6.466999999999999638e+00 8.296021604537963867e+01 1.000000000000000000e+00 6.000000000000000000e+00
7.860000000000000320e+00 8.296021604537963867e+01 2.000000000000000000e+00 6.000000000000000000e+00
1.055499999999999616e+01 8.296021604537963867e+01 3.000000000000000000e+00 2.400000000000000000e+01
1.156999999999999496e+01 8.296021604537963867e+01 4.000000000000000000e+00 2.100000000000000000e+01
1.204499999999999638e+01 8.296021604537963867e+01 5.000000000000000000e+00 1.500000000000000000e+01
1.373299999999999699e+01 8.296021604537963867e+01 6.000000000000000000e+00 3.800000000000000000e+01
1.388599999999999746e+01 8.296021604537963867e+01 7.000000000000000000e+00 4.800000000000000000e+01
1.461399999999999544e+01 8.296021604537963867e+01 8.000000000000000000e+00 3.900000000000000000e+01
1.574599999999999511e+01 8.296021604537963867e+01 9.000000000000000000e+00 4.500000000000000000e+01
1.612699999999999534e+01 8.296021604537963867e+01 1.000000000000000000e+01 4.600000000000000000e+01
1.776899999999999125e+01 8.296021604537963867e+01 1.100000000000000000e+01 5.000000000000000000e+01
1.841999999999999105e+01 8.296021604537963867e+01 1.200000000000000000e+01 9.900000000000000000e+01
1.905499999999999616e+01 8.296021604537963867e+01 1.300000000000000000e+01 1.120000000000000000e+02
1.942499999999999716e+01 8.296021604537963867e+01 1.400000000000000000e+01 7.700000000000000000e+01
2.025999999999999446e+01 8.296021604537963867e+01 1.500000000000000000e+01 1.070000000000000000e+02
2.072299999999998832e+01 8.296021604537963867e+01 1.600000000000000000e+01 8.000000000000000000e+01
2.139699999999998781e+01 8.296021604537963867e+01 1.700000000000000000e+01 6.100000000000000000e+01
2.183199999999998653e+01 8.296021604537963867e+01 1.800000000000000000e+01 1.160000000000000000e+02
2.234299999999998931e+01 8.296021604537963867e+01 1.900000000000000000e+01 1.560000000000000000e+02
2.244099999999998829e+01 8.296021604537963867e+01 2.000000000000000000e+01 1.460000000000000000e+02
2.326199999999998624e+01 8.296021604537963867e+01 2.100000000000000000e+01 1.700000000000000000e+02
2.326199999999998624e+01 8.296021604537963867e+01 2.200000000000000000e+01 1.140000000000000000e+02
2.409999999999998010e+01 8.296021604537963867e+01 2.300000000000000000e+01 2.020000000000000000e+02
2.417599999999998062e+01 8.296021604537963867e+01 2.400000000000000000e+01 1.960000000000000000e+02
2.480299999999997951e+01 8.296021604537963867e+01 2.500000000000000000e+01 2.130000000000000000e+02
2.552299999999997127e+01 8.296021604537963867e+01 2.600000000000000000e+01 2.170000000000000000e+02
2.588299999999997070e+01 8.296021604537963867e+01 2.700000000000000000e+01 1.890000000000000000e+02
2.649899999999998101e+01 8.296021604537963867e+01 2.800000000000000000e+01 1.870000000000000000e+02
2.701899999999998769e+01 8.296021604537963867e+01 2.900000000000000000e+01 3.060000000000000000e+02
2.716499999999998849e+01 8.296021604537963867e+01 3.000000000000000000e+01 2.340000000000000000e+02
2.771399999999999508e+01 8.296021604537963867e+01 3.100000000000000000e+01 2.240000000000000000e+02
2.807100000000000151e+01 8.296021604537963867e+01 3.200000000000000000e+01 2.100000000000000000e+02
2.829700000000000415e+01 8.296021604537963867e+01 3.300000000000000000e+01 2.590000000000000000e+02
2.873499999999999943e+01 8.296021604537963867e+01 3.400000000000000000e+01 2.090000000000000000e+02
2.945999999999998664e+01 8.296021604537963867e+01 3.500000000000000000e+01 3.180000000000000000e+02
2.986799999999998434e+01 8.296021604537963867e+01 3.600000000000000000e+01 2.890000000000000000e+02
3.049199999999999022e+01 8.296021604537963867e+01 3.700000000000000000e+01 2.890000000000000000e+02
3.142899999999998428e+01 8.296021604537963867e+01 3.800000000000000000e+01 3.530000000000000000e+02
3.207299999999997198e+01 8.296021604537963867e+01 3.900000000000000000e+01 3.970000000000000000e+02
3.289299999999997226e+01 8.296021604537963867e+01 4.000000000000000000e+01 3.890000000000000000e+02
3.298299999999996857e+01 8.296021604537963867e+01 4.100000000000000000e+01 4.460000000000000000e+02
3.373399999999995202e+01 8.296021604537963867e+01 4.200000000000000000e+01 5.220000000000000000e+02
3.384599999999994679e+01 8.296021604537963867e+01 4.300000000000000000e+01 5.830000000000000000e+02
3.458299999999993446e+01 8.296021604537963867e+01 4.400000000000000000e+01 6.600000000000000000e+02
3.487799999999991485e+01 8.296021604537963867e+01 4.500000000000000000e+01 5.620000000000000000e+02
3.566899999999991877e+01 8.296021604537963867e+01 4.600000000000000000e+01 6.480000000000000000e+02
3.673399999999983123e+01 8.296021604537963867e+01 4.700000000000000000e+01 5.790000000000000000e+02
3.747899999999984999e+01 8.296021604537963867e+01 4.800000000000000000e+01 6.880000000000000000e+02
3.771399999999984942e+01 8.296021604537963867e+01 4.900000000000000000e+01 4.540000000000000000e+02
3.866299999999990433e+01 8.296021604537963867e+01 5.000000000000000000e+01 6.840000000000000000e+02
3.913899999999988921e+01 8.296021604537963867e+01 5.100000000000000000e+01 8.270000000000000000e+02
3.952899999999992531e+01 8.296021604537963867e+01 5.200000000000000000e+01 8.290000000000000000e+02
4.072699999999988307e+01 8.296021604537963867e+01 5.300000000000000000e+01 6.200000000000000000e+02
4.121399999999994890e+01 8.296021604537963867e+01 5.400000000000000000e+01 9.200000000000000000e+02
4.192999999999994998e+01 8.296021604537963867e+01 5.500000000000000000e+01 1.148000000000000000e+03
4.278899999999999437e+01 8.296021604537963867e+01 5.600000000000000000e+01 1.084000000000000000e+03
4.374400000000001398e+01 8.296021604537963867e+01 5.700000000000000000e+01 7.560000000000000000e+02
4.413300000000000978e+01 8.296021604537963867e+01 5.800000000000000000e+01 1.341000000000000000e+03
4.505000000000012506e+01 8.296021604537963867e+01 5.900000000000000000e+01 1.091000000000000000e+03
4.558400000000015240e+01 8.296021604537963867e+01 6.000000000000000000e+01 1.007000000000000000e+03
4.621500000000018105e+01 8.296021604537963867e+01 6.100000000000000000e+01 6.490000000000000000e+02
4.691500000000020520e+01 8.296021604537963867e+01 6.200000000000000000e+01 1.265000000000000000e+03
4.856800000000026785e+01 8.296021604537963867e+01 6.300000000000000000e+01 1.470000000000000000e+03
5.024900000000033629e+01 8.296021604537963867e+01 6.400000000000000000e+01 1.047000000000000000e+03
5.215400000000040137e+01 8.296021604537963867e+01 6.500000000000000000e+01 1.489000000000000000e+03
5.368400000000045935e+01 8.296021604537963867e+01 6.600000000000000000e+01 1.287000000000000000e+03
5.480300000000050176e+01 8.296021604537963867e+01 6.700000000000000000e+01 2.302000000000000000e+03
5.606000000000054939e+01 8.296021604537963867e+01 6.800000000000000000e+01 1.049000000000000000e+03
5.727500000000059543e+01 8.296021604537963867e+01 6.900000000000000000e+01 6.950000000000000000e+02
5.903000000000066194e+01 8.296021604537963867e+01 7.000000000000000000e+01 9.770000000000000000e+02
6.312500000000081002e+01 8.296021604537963867e+01 7.100000000000000000e+01 1.654000000000000000e+03
7.029000000000111470e+01 8.296021604537963867e+01 7.200000000000000000e+01 9.350000000000000000e+02
7.982700000000150453e+01 8.296021604537963867e+01 7.300000000000000000e+01 1.190000000000000000e+02
8.293500000000162231e+01 8.296021604537963867e+01 7.400000000000000000e+01 4.250000000000000000e+02
5.729999999999998650e+00 7.039256119728088379e+01 0.000000000000000000e+00 6.000000000000000000e+00
7.319999999999998508e+00 7.039256119728088379e+01 1.000000000000000000e+00 1.600000000000000000e+01
8.334999999999999076e+00 7.039256119728088379e+01 2.000000000000000000e+00 1.200000000000000000e+01
9.654999999999999361e+00 7.039256119728088379e+01 3.000000000000000000e+00 6.000000000000000000e+00
9.818999999999999062e+00 7.039256119728088379e+01 4.000000000000000000e+00 1.900000000000000000e+01
1.059999999999999964e+01 7.039256119728088379e+01 5.000000000000000000e+00 2.900000000000000000e+01
1.090699999999999825e+01 7.039256119728088379e+01 6.000000000000000000e+00 3.500000000000000000e+01
1.166499999999999737e+01 7.039256119728088379e+01 7.000000000000000000e+00 3.800000000000000000e+01
1.211799999999999855e+01 7.039256119728088379e+01 8.000000000000000000e+00 4.800000000000000000e+01
1.310099999999999909e+01 7.039256119728088379e+01 9.000000000000000000e+00 5.200000000000000000e+01
1.351399999999999757e+01 7.039256119728088379e+01 1.000000000000000000e+01 3.300000000000000000e+01
1.404299999999999748e+01 7.039256119728088379e+01 1.100000000000000000e+01 5.500000000000000000e+01
1.481499999999999773e+01 7.039256119728088379e+01 1.200000000000000000e+01 7.900000000000000000e+01
1.506699999999999839e+01 7.039256119728088379e+01 1.300000000000000000e+01 4.100000000000000000e+01
1.543199999999999683e+01 7.039256119728088379e+01 1.400000000000000000e+01 1.000000000000000000e+02
1.649200000000000088e+01 7.039256119728088379e+01 1.500000000000000000e+01 9.400000000000000000e+01
1.649200000000000088e+01 7.039256119728088379e+01 1.600000000000000000e+01 1.260000000000000000e+02
1.705199999999999960e+01 7.039256119728088379e+01 1.700000000000000000e+01 8.800000000000000000e+01
1.759299999999999997e+01 7.039256119728088379e+01 1.800000000000000000e+01 1.470000000000000000e+02
1.791000000000000014e+01 7.039256119728088379e+01 1.900000000000000000e+01 8.400000000000000000e+01
1.811400000000000077e+01 7.039256119728088379e+01 2.000000000000000000e+01 7.500000000000000000e+01
1.853600000000000492e+01 7.039256119728088379e+01 2.100000000000000000e+01 7.100000000000000000e+01
1.927300000000000679e+01 7.039256119728088379e+01 2.200000000000000000e+01 9.000000000000000000e+01
1.973100000000000875e+01 7.039256119728088379e+01 2.300000000000000000e+01 7.200000000000000000e+01
2.078700000000001324e+01 7.039256119728088379e+01 2.400000000000000000e+01 1.390000000000000000e+02
2.138400000000001455e+01 7.039256119728088379e+01 2.500000000000000000e+01 1.730000000000000000e+02
2.189000000000001478e+01 7.039256119728088379e+01 2.600000000000000000e+01 1.710000000000000000e+02
2.276000000000001222e+01 7.039256119728088379e+01 2.700000000000000000e+01 1.690000000000000000e+02
2.295800000000001617e+01 7.039256119728088379e+01 2.800000000000000000e+01 2.440000000000000000e+02
2.373200000000002063e+01 7.039256119728088379e+01 2.900000000000000000e+01 1.840000000000000000e+02
2.456600000000003092e+01 7.039256119728088379e+01 3.000000000000000000e+01 2.910000000000000000e+02
2.553700000000004167e+01 7.039256119728088379e+01 3.100000000000000000e+01 2.800000000000000000e+02
2.593100000000004712e+01 7.039256119728088379e+01 3.200000000000000000e+01 4.050000000000000000e+02
2.655700000000005190e+01 7.039256119728088379e+01 3.300000000000000000e+01 2.690000000000000000e+02
2.715100000000004599e+01 7.039256119728088379e+01 3.400000000000000000e+01 3.250000000000000000e+02
2.725600000000004286e+01 7.039256119728088379e+01 3.500000000000000000e+01 2.090000000000000000e+02
2.872200000000003683e+01 7.039256119728088379e+01 3.600000000000000000e+01 3.890000000000000000e+02
2.897300000000004161e+01 7.039256119728088379e+01 3.700000000000000000e+01 3.680000000000000000e+02
2.970100000000003604e+01 7.039256119728088379e+01 3.800000000000000000e+01 3.180000000000000000e+02
3.037700000000002376e+01 7.039256119728088379e+01 3.900000000000000000e+01 3.310000000000000000e+02
3.054100000000002169e+01 7.039256119728088379e+01 4.000000000000000000e+01 4.830000000000000000e+02
3.137400000000002720e+01 7.039256119728088379e+01 4.100000000000000000e+01 4.550000000000000000e+02
3.261800000000002342e+01 7.039256119728088379e+01 4.200000000000000000e+01 6.700000000000000000e+02
3.264200000000002433e+01 7.039256119728088379e+01 4.300000000000000000e+01 5.720000000000000000e+02
3.341499999999998494e+01 7.039256119728088379e+01 4.400000000000000000e+01 5.700000000000000000e+02
3.402099999999997237e+01 7.039256119728088379e+01 4.500000000000000000e+01 3.840000000000000000e+02
3.469499999999996476e+01 7.039256119728088379e+01 4.600000000000000000e+01 4.470000000000000000e+02
3.521799999999989694e+01 7.039256119728088379e+01 4.700000000000000000e+01 6.360000000000000000e+02
3.585899999999990229e+01 7.039256119728088379e+01 4.800000000000000000e+01 3.930000000000000000e+02
3.655699999999993111e+01 7.039256119728088379e+01 4.900000000000000000e+01 5.810000000000000000e+02
3.745399999999998641e+01 7.039256119728088379e+01 5.000000000000000000e+01 7.020000000000000000e+02
3.784699999999997999e+01 7.039256119728088379e+01 5.100000000000000000e+01 5.690000000000000000e+02
3.876800000000001489e+01 7.039256119728088379e+01 5.200000000000000000e+01 7.820000000000000000e+02
3.873300000000001830e+01 7.039256119728088379e+01 5.300000000000000000e+01 7.070000000000000000e+02
3.971400000000006258e+01 7.039256119728088379e+01 5.400000000000000000e+01 5.400000000000000000e+02
4.064800000000004587e+01 7.039256119728088379e+01 5.500000000000000000e+01 9.250000000000000000e+02
4.113600000000008095e+01 7.039256119728088379e+01 5.600000000000000000e+01 8.270000000000000000e+02
4.257100000000015427e+01 7.039256119728088379e+01 5.700000000000000000e+01 7.530000000000000000e+02
4.333700000000015251e+01 7.039256119728088379e+01 5.800000000000000000e+01 1.659000000000000000e+03
4.403200000000029490e+01 7.039256119728088379e+01 5.900000000000000000e+01 9.370000000000000000e+02
4.582500000000035811e+01 7.039256119728088379e+01 6.000000000000000000e+01 1.381000000000000000e+03
4.684300000000040143e+01 7.039256119728088379e+01 6.100000000000000000e+01 1.563000000000000000e+03
4.764100000000043877e+01 7.039256119728088379e+01 6.200000000000000000e+01 1.535000000000000000e+03
4.859200000000047481e+01 7.039256119728088379e+01 6.300000000000000000e+01 8.650000000000000000e+02
4.975000000000052580e+01 7.039256119728088379e+01 6.400000000000000000e+01 1.306000000000000000e+03
5.068400000000055172e+01 7.039256119728088379e+01 6.500000000000000000e+01 1.282000000000000000e+03
5.149900000000058498e+01 7.039256119728088379e+01 6.600000000000000000e+01 1.086000000000000000e+03
5.314800000000064273e+01 7.039256119728088379e+01 6.700000000000000000e+01 1.223000000000000000e+03
5.455600000000069372e+01 7.039256119728088379e+01 6.800000000000000000e+01 4.320000000000000000e+02
5.574000000000074806e+01 7.039256119728088379e+01 6.900000000000000000e+01 2.290000000000000000e+02
5.718800000000081241e+01 7.039256119728088379e+01 7.000000000000000000e+01 9.500000000000000000e+01
5.850600000000084577e+01 7.039256119728088379e+01 7.100000000000000000e+01 7.460000000000000000e+02
6.224600000000098987e+01 7.039256119728088379e+01 7.200000000000000000e+01 5.610000000000000000e+02
6.747500000000121645e+01 7.039256119728088379e+01 7.300000000000000000e+01 1.910000000000000000e+02
7.034300000000131092e+01 7.039256119728088379e+01 7.400000000000000000e+01 1.400000000000000000e+02
7.340999999999997527e+00 9.516047596931457520e+01 0.000000000000000000e+00 1.000000000000000000e+01
8.056999999999996831e+00 9.516047596931457520e+01 1.000000000000000000e+00 1.700000000000000000e+01
9.745999999999993335e+00 9.516047596931457520e+01 2.000000000000000000e+00 1.100000000000000000e+01
1.024199999999999378e+01 9.516047596931457520e+01 3.000000000000000000e+00 1.300000000000000000e+01
1.184799999999999365e+01 9.516047596931457520e+01 4.000000000000000000e+00 2.100000000000000000e+01
1.216199999999999370e+01 9.516047596931457520e+01 5.000000000000000000e+00 1.500000000000000000e+01
1.274099999999999255e+01 9.516047596931457520e+01 6.000000000000000000e+00 3.200000000000000000e+01
1.321599999999999220e+01 9.516047596931457520e+01 7.000000000000000000e+00 4.200000000000000000e+01
1.438699999999999157e+01 9.516047596931457520e+01 8.000000000000000000e+00 3.600000000000000000e+01
1.435099999999999376e+01 9.516047596931457520e+01 9.000000000000000000e+00 3.100000000000000000e+01
1.507699999999999108e+01 9.516047596931457520e+01 1.000000000000000000e+01 6.300000000000000000e+01
1.547599999999999021e+01 9.516047596931457520e+01 1.100000000000000000e+01 7.700000000000000000e+01
1.637999999999999190e+01 9.516047596931457520e+01 1.200000000000000000e+01 6.400000000000000000e+01
1.700599999999998957e+01 9.516047596931457520e+01 1.300000000000000000e+01 7.000000000000000000e+01
1.700599999999998957e+01 9.516047596931457520e+01 1.400000000000000000e+01 3.700000000000000000e+01
1.748299999999998988e+01 9.516047596931457520e+01 1.500000000000000000e+01 4.700000000000000000e+01
1.805699999999999150e+01 9.516047596931457520e+01 1.600000000000000000e+01 1.030000000000000000e+02
1.883299999999999130e+01 9.516047596931457520e+01 1.700000000000000000e+01 9.900000000000000000e+01
1.931399999999999295e+01 9.516047596931457520e+01 1.800000000000000000e+01 1.120000000000000000e+02
1.999699999999998923e+01 9.516047596931457520e+01 1.900000000000000000e+01 5.500000000000000000e+01
2.102199999999999491e+01 9.516047596931457520e+01 2.000000000000000000e+01 1.080000000000000000e+02
2.199399999999999622e+01 9.516047596931457520e+01 2.100000000000000000e+01 1.270000000000000000e+02
2.285799999999999343e+01 9.516047596931457520e+01 2.200000000000000000e+01 1.520000000000000000e+02
2.331999999999999318e+01 9.516047596931457520e+01 2.300000000000000000e+01 1.480000000000000000e+02
2.375799999999999201e+01 9.516047596931457520e+01 2.400000000000000000e+01 1.180000000000000000e+02
2.440799999999999770e+01 9.516047596931457520e+01 2.500000000000000000e+01 2.390000000000000000e+02
2.515499999999999048e+01 9.516047596931457520e+01 2.600000000000000000e+01 1.650000000000000000e+02
2.571599999999998332e+01 9.516047596931457520e+01 2.700000000000000000e+01 1.200000000000000000e+02
2.610299999999998732e+01 9.516047596931457520e+01 2.800000000000000000e+01 1.700000000000000000e+02
2.669499999999999673e+01 9.516047596931457520e+01 2.900000000000000000e+01 1.250000000000000000e+02
2.755100000000000549e+01 9.516047596931457520e+01 3.000000000000000000e+01 1.620000000000000000e+02
2.808600000000001273e+01 9.516047596931457520e+01 3.100000000000000000e+01 1.860000000000000000e+02
2.893200000000000571e+01 9.516047596931457520e+01 3.200000000000000000e+01 2.040000000000000000e+02
2.896600000000000463e+01 9.516047596931457520e+01 3.300000000000000000e+01 2.340000000000000000e+02
2.988899999999999935e+01 9.516047596931457520e+01 3.400000000000000000e+01 2.410000000000000000e+02
3.052999999999999758e+01 9.516047596931457520e+01 3.500000000000000000e+01 2.490000000000000000e+02
3.108599999999999852e+01 9.516047596931457520e+01 3.600000000000000000e+01 4.360000000000000000e+02
3.257299999999998619e+01 9.516047596931457520e+01 3.700000000000000000e+01 2.970000000000000000e+02
3.262599999999998346e+01 9.516047596931457520e+01 3.800000000000000000e+01 3.480000000000000000e+02
3.340299999999998448e+01 9.516047596931457520e+01 3.900000000000000000e+01 3.500000000000000000e+02
3.354699999999998283e+01 9.516047596931457520e+01 4.000000000000000000e+01 3.030000000000000000e+02
3.452799999999993474e+01 9.516047596931457520e+01 4.100000000000000000e+01 2.260000000000000000e+02
3.507799999999994611e+01 9.516047596931457520e+01 4.200000000000000000e+01 4.620000000000000000e+02
3.513399999999995771e+01 9.516047596931457520e+01 4.300000000000000000e+01 3.580000000000000000e+02
3.569999999999991758e+01 9.516047596931457520e+01 4.400000000000000000e+01 5.350000000000000000e+02
3.652299999999990376e+01 9.516047596931457520e+01 4.500000000000000000e+01 3.520000000000000000e+02
3.729499999999988802e+01 9.516047596931457520e+01 4.600000000000000000e+01 5.070000000000000000e+02
3.906399999999974426e+01 9.516047596931457520e+01 4.700000000000000000e+01 6.220000000000000000e+02
4.044299999999974915e+01 9.516047596931457520e+01 4.800000000000000000e+01 7.630000000000000000e+02
4.097999999999977661e+01 9.516047596931457520e+01 4.900000000000000000e+01 5.080000000000000000e+02
4.208199999999983731e+01 9.516047596931457520e+01 5.000000000000000000e+01 9.350000000000000000e+02
4.285599999999980980e+01 9.516047596931457520e+01 5.100000000000000000e+01 9.320000000000000000e+02
4.303399999999981418e+01 9.516047596931457520e+01 5.200000000000000000e+01 8.330000000000000000e+02
4.392599999999977456e+01 9.516047596931457520e+01 5.300000000000000000e+01 6.450000000000000000e+02
4.472899999999985710e+01 9.516047596931457520e+01 5.400000000000000000e+01 6.730000000000000000e+02
4.504999999999984794e+01 9.516047596931457520e+01 5.500000000000000000e+01 1.437000000000000000e+03
4.610999999999992838e+01 9.516047596931457520e+01 5.600000000000000000e+01 6.500000000000000000e+02
4.734999999999994458e+01 9.516047596931457520e+01 5.700000000000000000e+01 1.112000000000000000e+03
4.753399999999994918e+01 9.516047596931457520e+01 5.800000000000000000e+01 6.760000000000000000e+02
4.868500000000006622e+01 9.516047596931457520e+01 5.900000000000000000e+01 1.037000000000000000e+03
4.969100000000012329e+01 9.516047596931457520e+01 6.000000000000000000e+01 1.451000000000000000e+03
5.043500000000013728e+01 9.516047596931457520e+01 6.100000000000000000e+01 1.464000000000000000e+03
5.125600000000017786e+01 9.516047596931457520e+01 6.200000000000000000e+01 1.106000000000000000e+03
5.346300000000027097e+01 9.516047596931457520e+01 6.300000000000000000e+01 1.757000000000000000e+03
5.524700000000033384e+01 9.516047596931457520e+01 6.400000000000000000e+01 8.500000000000000000e+02
5.691500000000038995e+01 9.516047596931457520e+01 6.500000000000000000e+01 1.560000000000000000e+03
5.879900000000048266e+01 9.516047596931457520e+01 6.600000000000000000e+01 4.750000000000000000e+02
6.114800000000056457e+01 9.516047596931457520e+01 6.700000000000000000e+01 1.857000000000000000e+03
6.253300000000061942e+01 9.516047596931457520e+01 6.800000000000000000e+01 2.201000000000000000e+03
6.381900000000068474e+01 9.516047596931457520e+01 6.900000000000000000e+01 1.265000000000000000e+03
6.529800000000074078e+01 9.516047596931457520e+01 7.000000000000000000e+01 4.090000000000000000e+02
6.821500000000087027e+01 9.516047596931457520e+01 7.100000000000000000e+01 4.800000000000000000e+02
7.469500000000114426e+01 9.516047596931457520e+01 7.200000000000000000e+01 7.590000000000000000e+02
9.242200000000181603e+01 9.516047596931457520e+01 7.300000000000000000e+01 2.900000000000000000e+02
9.511300000000190380e+01 9.516047596931457520e+01 7.400000000000000000e+01 2.600000000000000000e+01
4.379999999999999893e+00 7.337755107879638672e+01 0.000000000000000000e+00 0.000000000000000000e+00
6.722000000000000419e+00 7.337755107879638672e+01 1.000000000000000000e+00 3.000000000000000000e+00
7.855999999999999872e+00 7.337755107879638672e+01 2.000000000000000000e+00 3.000000000000000000e+00
8.623000000000001108e+00 7.337755107879638672e+01 3.000000000000000000e+00 1.000000000000000000e+00
9.519000000000001904e+00 7.337755107879638672e+01 4.000000000000000000e+00 4.000000000000000000e+00
1.037500000000000355e+01 7.337755107879638672e+01 5.000000000000000000e+00 7.000000000000000000e+00
1.142200000000000415e+01 7.337755107879638672e+01 6.000000000000000000e+00 1.900000000000000000e+01
1.276800000000000246e+01 7.337755107879638672e+01 7.000000000000000000e+00 6.000000000000000000e+00
1.391500000000000270e+01 7.337755107879638672e+01 8.000000000000000000e+00 5.600000000000000000e+01
1.438900000000000290e+01 7.337755107879638672e+01 9.000000000000000000e+00 3.000000000000000000e+01
1.545700000000000252e+01 7.337755107879638672e+01 1.000000000000000000e+01 5.000000000000000000e+01
1.575800000000000090e+01 7.337755107879638672e+01 1.100000000000000000e+01 2.500000000000000000e+01
1.605000000000000071e+01 7.337755107879638672e+01 1.200000000000000000e+01 5.000000000000000000e+01
1.675100000000000122e+01 7.337755107879638672e+01 1.300000000000000000e+01 5.000000000000000000e+01
1.729600000000000293e+01 7.337755107879638672e+01 1.400000000000000000e+01 8.300000000000000000e+01
1.752400000000000446e+01 7.337755107879638672e+01 1.500000000000000000e+01 3.600000000000000000e+01
1.782400000000000517e+01 7.337755107879638672e+01 1.600000000000000000e+01 3.700000000000000000e+01
1.832400000000000517e+01 7.337755107879638672e+01 1.700000000000000000e+01 8.500000000000000000e+01
1.916900000000000404e+01 7.337755107879638672e+01 1.800000000000000000e+01 1.420000000000000000e+02
1.975500000000000256e+01 7.337755107879638672e+01 1.900000000000000000e+01 8.000000000000000000e+01
2.066099999999999781e+01 7.337755107879638672e+01 2.000000000000000000e+01 1.540000000000000000e+02
2.099199999999999733e+01 7.337755107879638672e+01 2.100000000000000000e+01 1.430000000000000000e+02
2.163000000000000611e+01 7.337755107879638672e+01 2.200000000000000000e+01 6.500000000000000000e+01
2.176200000000000756e+01 7.337755107879638672e+01 2.300000000000000000e+01 1.110000000000000000e+02
2.193200000000000927e+01 7.337755107879638672e+01 2.400000000000000000e+01 1.720000000000000000e+02
2.268500000000000938e+01 7.337755107879638672e+01 2.500000000000000000e+01 8.800000000000000000e+01
2.318900000000000716e+01 7.337755107879638672e+01 2.600000000000000000e+01 2.480000000000000000e+02
2.438300000000000978e+01 7.337755107879638672e+01 2.700000000000000000e+01 1.530000000000000000e+02
2.503100000000000946e+01 7.337755107879638672e+01 2.800000000000000000e+01 2.530000000000000000e+02
2.561900000000001043e+01 7.337755107879638672e+01 2.900000000000000000e+01 2.510000000000000000e+02
2.637000000000000455e+01 7.337755107879638672e+01 3.000000000000000000e+01 2.180000000000000000e+02
2.751200000000000756e+01 7.337755107879638672e+01 3.100000000000000000e+01 1.650000000000000000e+02
2.819500000000000739e+01 7.337755107879638672e+01 3.200000000000000000e+01 2.470000000000000000e+02
2.845800000000000907e+01 7.337755107879638672e+01 3.300000000000000000e+01 2.230000000000000000e+02
2.910600000000001231e+01 7.337755107879638672e+01 3.400000000000000000e+01 1.790000000000000000e+02
2.940100000000001046e+01 7.337755107879638672e+01 3.500000000000000000e+01 4.090000000000000000e+02
3.027100000000001501e+01 7.337755107879638672e+01 3.600000000000000000e+01 3.500000000000000000e+02
3.080400000000001626e+01 7.337755107879638672e+01 3.700000000000000000e+01 4.010000000000000000e+02
3.111700000000001154e+01 7.337755107879638672e+01 3.800000000000000000e+01 3.280000000000000000e+02
3.198799999999999244e+01 7.337755107879638672e+01 3.900000000000000000e+01 4.130000000000000000e+02
3.205899999999999039e+01 7.337755107879638672e+01 4.000000000000000000e+01 3.830000000000000000e+02
3.300899999999995060e+01 7.337755107879638672e+01 4.100000000000000000e+01 5.040000000000000000e+02
3.371599999999993003e+01 7.337755107879638672e+01 4.200000000000000000e+01 4.360000000000000000e+02
3.380799999999992878e+01 7.337755107879638672e+01 4.300000000000000000e+01 3.080000000000000000e+02
3.448499999999990706e+01 7.337755107879638672e+01 4.400000000000000000e+01 4.520000000000000000e+02
3.448599999999990473e+01 7.337755107879638672e+01 4.500000000000000000e+01 4.820000000000000000e+02
3.552799999999988501e+01 7.337755107879638672e+01 4.600000000000000000e+01 3.660000000000000000e+02
3.630799999999982219e+01 7.337755107879638672e+01 4.700000000000000000e+01 6.460000000000000000e+02
3.701199999999982992e+01 7.337755107879638672e+01 4.800000000000000000e+01 9.230000000000000000e+02
3.777899999999985425e+01 7.337755107879638672e+01 4.900000000000000000e+01 6.740000000000000000e+02
3.864099999999989166e+01 7.337755107879638672e+01 5.000000000000000000e+01 4.180000000000000000e+02
3.913699999999988677e+01 7.337755107879638672e+01 5.100000000000000000e+01 6.640000000000000000e+02
3.981799999999992679e+01 7.337755107879638672e+01 5.200000000000000000e+01 1.039000000000000000e+03
4.140399999999993952e+01 7.337755107879638672e+01 5.300000000000000000e+01 1.154000000000000000e+03
4.231500000000000483e+01 7.337755107879638672e+01 5.400000000000000000e+01 1.432000000000000000e+03
4.283200000000000784e+01 7.337755107879638672e+01 5.500000000000000000e+01 1.031000000000000000e+03
4.312100000000000222e+01 7.337755107879638672e+01 5.600000000000000000e+01 9.940000000000000000e+02
4.404200000000003712e+01 7.337755107879638672e+01 5.700000000000000000e+01 1.033000000000000000e+03
4.423500000000006338e+01 7.337755107879638672e+01 5.800000000000000000e+01 1.210000000000000000e+03
4.561400000000017485e+01 7.337755107879638672e+01 5.900000000000000000e+01 1.554000000000000000e+03
4.606200000000019656e+01 7.337755107879638672e+01 6.000000000000000000e+01 1.122000000000000000e+03
4.674900000000022970e+01 7.337755107879638672e+01 6.100000000000000000e+01 1.156000000000000000e+03
4.832700000000029661e+01 7.337755107879638672e+01 6.200000000000000000e+01 1.244000000000000000e+03
4.943100000000033134e+01 7.337755107879638672e+01 6.300000000000000000e+01 1.520000000000000000e+03
5.047900000000036869e+01 7.337755107879638672e+01 6.400000000000000000e+01 1.407000000000000000e+03
5.088000000000038625e+01 7.337755107879638672e+01 6.500000000000000000e+01 8.190000000000000000e+02
5.236100000000043764e+01 7.337755107879638672e+01 6.600000000000000000e+01 1.164000000000000000e+03
5.375600000000049050e+01 7.337755107879638672e+01 6.700000000000000000e+01 1.927000000000000000e+03
5.551100000000055701e+01 7.337755107879638672e+01 6.800000000000000000e+01 4.540000000000000000e+02
5.617200000000057258e+01 7.337755107879638672e+01 6.900000000000000000e+01 1.390000000000000000e+03
5.751800000000062596e+01 7.337755107879638672e+01 7.000000000000000000e+01 4.230000000000000000e+02
5.843800000000066319e+01 7.337755107879638672e+01 7.100000000000000000e+01 6.820000000000000000e+02
6.533400000000089847e+01 7.337755107879638672e+01 7.200000000000000000e+01 8.870000000000000000e+02
7.062100000000111777e+01 7.337755107879638672e+01 7.300000000000000000e+01 7.040000000000000000e+02
7.319500000000122952e+01 7.337755107879638672e+01 7.400000000000000000e+01 9.900000000000000000e+01
3.460999999999999854e+00 7.374298906326293945e+01 0.000000000000000000e+00 0.000000000000000000e+00
5.136999999999999567e+00 7.374298906326293945e+01 1.000000000000000000e+00 2.100000000000000000e+01
6.394000000000000128e+00 7.374298906326293945e+01 2.000000000000000000e+00 2.000000000000000000e+01
7.389000000000000234e+00 7.374298906326293945e+01 3.000000000000000000e+00 1.100000000000000000e+01
8.044999999999999929e+00 7.374298906326293945e+01 4.000000000000000000e+00 2.600000000000000000e+01
9.023000000000001464e+00 7.374298906326293945e+01 5.000000000000000000e+00 1.900000000000000000e+01
9.948000000000002174e+00 7.374298906326293945e+01 6.000000000000000000e+00 1.700000000000000000e+01
1.054800000000000004e+01 7.374298906326293945e+01 7.000000000000000000e+00 4.100000000000000000e+01
1.141699999999999982e+01 7.374298906326293945e+01 8.000000000000000000e+00 4.300000000000000000e+01
1.222800000000000153e+01 7.374298906326293945e+01 9.000000000000000000e+00 5.300000000000000000e+01
1.320800000000000196e+01 7.374298906326293945e+01 1.000000000000000000e+01 1.000000000000000000e+01
1.376600000000000179e+01 7.374298906326293945e+01 1.100000000000000000e+01 6.400000000000000000e+01
1.415600000000000236e+01 7.374298906326293945e+01 1.200000000000000000e+01 6.400000000000000000e+01
1.478500000000000192e+01 7.374298906326293945e+01 1.300000000000000000e+01 1.150000000000000000e+02
1.490900000000000247e+01 7.374298906326293945e+01 1.400000000000000000e+01 4.700000000000000000e+01
1.541700000000000337e+01 7.374298906326293945e+01 1.500000000000000000e+01 5.900000000000000000e+01
1.610500000000000753e+01 7.374298906326293945e+01 1.600000000000000000e+01 1.210000000000000000e+02
1.732700000000000173e+01 7.374298906326293945e+01 1.700000000000000000e+01 1.200000000000000000e+02
1.786700000000000088e+01 7.374298906326293945e+01 1.800000000000000000e+01 9.700000000000000000e+01
1.797400000000000020e+01 7.374298906326293945e+01 1.900000000000000000e+01 6.400000000000000000e+01
1.835699999999999577e+01 7.374298906326293945e+01 2.000000000000000000e+01 1.320000000000000000e+02
1.926300000000000168e+01 7.374298906326293945e+01 2.100000000000000000e+01 1.370000000000000000e+02
1.974100000000000321e+01 7.374298906326293945e+01 2.200000000000000000e+01 1.740000000000000000e+02
2.065400000000000702e+01 7.374298906326293945e+01 2.300000000000000000e+01 1.520000000000000000e+02
2.153900000000000858e+01 7.374298906326293945e+01 2.400000000000000000e+01 1.840000000000000000e+02
2.248000000000001108e+01 7.374298906326293945e+01 2.500000000000000000e+01 1.690000000000000000e+02
2.273000000000001108e+01 7.374298906326293945e+01 2.600000000000000000e+01 2.700000000000000000e+02
2.336700000000001509e+01 7.374298906326293945e+01 2.700000000000000000e+01 1.280000000000000000e+02
2.368100000000002225e+01 7.374298906326293945e+01 2.800000000000000000e+01 1.530000000000000000e+02
2.426300000000002655e+01 7.374298906326293945e+01 2.900000000000000000e+01 1.740000000000000000e+02
2.520500000000004448e+01 7.374298906326293945e+01 3.000000000000000000e+01 1.900000000000000000e+02
2.580700000000004479e+01 7.374298906326293945e+01 3.100000000000000000e+01 2.390000000000000000e+02
2.611400000000003985e+01 7.374298906326293945e+01 3.200000000000000000e+01 3.330000000000000000e+02
2.665100000000003533e+01 7.374298906326293945e+01 3.300000000000000000e+01 2.200000000000000000e+02
2.704300000000003479e+01 7.374298906326293945e+01 3.400000000000000000e+01 2.950000000000000000e+02
2.749800000000003308e+01 7.374298906326293945e+01 3.500000000000000000e+01 2.080000000000000000e+02
2.784400000000003317e+01 7.374298906326293945e+01 3.600000000000000000e+01 1.960000000000000000e+02
2.825600000000003220e+01 7.374298906326293945e+01 3.700000000000000000e+01 1.560000000000000000e+02
2.884800000000002029e+01 7.374298906326293945e+01 3.800000000000000000e+01 2.960000000000000000e+02
2.943300000000001049e+01 7.374298906326293945e+01 3.900000000000000000e+01 2.200000000000000000e+02
3.051400000000000645e+01 7.374298906326293945e+01 4.000000000000000000e+01 3.010000000000000000e+02
3.153300000000001546e+01 7.374298906326293945e+01 4.100000000000000000e+01 3.030000000000000000e+02
3.249200000000003996e+01 7.374298906326293945e+01 4.200000000000000000e+01 2.770000000000000000e+02
3.279000000000003467e+01 7.374298906326293945e+01 4.300000000000000000e+01 3.950000000000000000e+02
3.351199999999998624e+01 7.374298906326293945e+01 4.400000000000000000e+01 4.920000000000000000e+02
3.382299999999998619e+01 7.374298906326293945e+01 4.500000000000000000e+01 5.110000000000000000e+02
3.474399999999997846e+01 7.374298906326293945e+01 4.600000000000000000e+01 5.880000000000000000e+02
3.550699999999992684e+01 7.374298906326293945e+01 4.700000000000000000e+01 6.320000000000000000e+02
3.597999999999990450e+01 7.374298906326293945e+01 4.800000000000000000e+01 6.520000000000000000e+02
3.653099999999994196e+01 7.374298906326293945e+01 4.900000000000000000e+01 5.630000000000000000e+02
3.717399999999997107e+01 7.374298906326293945e+01 5.000000000000000000e+01 4.790000000000000000e+02
3.807999999999996987e+01 7.374298906326293945e+01 5.100000000000000000e+01 7.760000000000000000e+02
3.843800000000000239e+01 7.374298906326293945e+01 5.200000000000000000e+01 5.910000000000000000e+02
3.880899999999999039e+01 7.374298906326293945e+01 5.300000000000000000e+01 4.970000000000000000e+02
3.952400000000002933e+01 7.374298906326293945e+01 5.400000000000000000e+01 4.530000000000000000e+02
3.970200000000002660e+01 7.374298906326293945e+01 5.500000000000000000e+01 7.670000000000000000e+02
4.082100000000007611e+01 7.374298906326293945e+01 5.600000000000000000e+01 1.069000000000000000e+03
4.187500000000013500e+01 7.374298906326293945e+01 5.700000000000000000e+01 7.950000000000000000e+02
4.223200000000013432e+01 7.374298906326293945e+01 5.800000000000000000e+01 9.790000000000000000e+02
4.288000000000030809e+01 7.374298906326293945e+01 5.900000000000000000e+01 9.550000000000000000e+02
4.394500000000034845e+01 7.374298906326293945e+01 6.000000000000000000e+01 1.074000000000000000e+03
4.481900000000037920e+01 7.374298906326293945e+01 6.100000000000000000e+01 1.306000000000000000e+03
4.576800000000041280e+01 7.374298906326293945e+01 6.200000000000000000e+01 8.710000000000000000e+02
4.712300000000047362e+01 7.374298906326293945e+01 6.300000000000000000e+01 1.398000000000000000e+03
4.862000000000053035e+01 7.374298906326293945e+01 6.400000000000000000e+01 5.700000000000000000e+02
5.003800000000060066e+01 7.374298906326293945e+01 6.500000000000000000e+01 1.149000000000000000e+03
5.061900000000061084e+01 7.374298906326293945e+01 6.600000000000000000e+01 4.810000000000000000e+02
5.169600000000065876e+01 7.374298906326293945e+01 6.700000000000000000e+01 1.725000000000000000e+03
5.330900000000070804e+01 7.374298906326293945e+01 6.800000000000000000e+01 7.990000000000000000e+02
5.461400000000075750e+01 7.374298906326293945e+01 6.900000000000000000e+01 6.730000000000000000e+02
5.615700000000082071e+01 7.374298906326293945e+01 7.000000000000000000e+01 7.290000000000000000e+02
5.891500000000091575e+01 7.374298906326293945e+01 7.100000000000000000e+01 5.290000000000000000e+02
6.361500000000109623e+01 7.374298906326293945e+01 7.200000000000000000e+01 7.350000000000000000e+02
7.130700000000138061e+01 7.374298906326293945e+01 7.300000000000000000e+01 1.000000000000000000e+02
7.383300000000149055e+01 7.374298906326293945e+01 7.400000000000000000e+01 1.330000000000000000e+02
3.915000000000000480e+00 6.847173762321472168e+01 0.000000000000000000e+00 0.000000000000000000e+00
6.707000000000000739e+00 6.847173762321472168e+01 1.000000000000000000e+00 0.000000000000000000e+00
8.612999999999999545e+00 6.847173762321472168e+01 2.000000000000000000e+00 0.000000000000000000e+00
9.761999999999998678e+00 6.847173762321472168e+01 3.000000000000000000e+00 2.000000000000000000e+00
1.104100000000000215e+01 6.847173762321472168e+01 4.000000000000000000e+00 2.400000000000000000e+01
1.213100000000000200e+01 6.847173762321472168e+01 5.000000000000000000e+00 2.400000000000000000e+01
1.260400000000000276e+01 6.847173762321472168e+01 6.000000000000000000e+00 1.900000000000000000e+01
1.364599999999999902e+01 6.847173762321472168e+01 7.000000000000000000e+00 2.700000000000000000e+01
1.422499999999999964e+01 6.847173762321472168e+01 8.000000000000000000e+00 5.100000000000000000e+01
1.492800000000000260e+01 6.847173762321472168e+01 9.000000000000000000e+00 1.800000000000000000e+01
1.534400000000000119e+01 6.847173762321472168e+01 1.000000000000000000e+01 6.100000000000000000e+01
1.602899999999999991e+01 6.847173762321472168e+01 1.100000000000000000e+01 3.700000000000000000e+01
1.641600000000000037e+01 6.847173762321472168e+01 1.200000000000000000e+01 4.600000000000000000e+01
1.704299999999999926e+01 6.847173762321472168e+01 1.300000000000000000e+01 6.300000000000000000e+01
1.750999999999999801e+01 6.847173762321472168e+01 1.400000000000000000e+01 4.700000000000000000e+01
1.789099999999999469e+01 6.847173762321472168e+01 1.500000000000000000e+01 1.010000000000000000e+02
1.828999999999999204e+01 6.847173762321472168e+01 1.600000000000000000e+01 8.500000000000000000e+01
1.902099999999999369e+01 6.847173762321472168e+01 1.700000000000000000e+01 6.300000000000000000e+01
1.956199999999999406e+01 6.847173762321472168e+01 1.800000000000000000e+01 8.000000000000000000e+01
2.029299999999999571e+01 6.847173762321472168e+01 1.900000000000000000e+01 6.000000000000000000e+01
2.159499999999999886e+01 6.847173762321472168e+01 2.000000000000000000e+01 2.110000000000000000e+02
2.229100000000000037e+01 6.847173762321472168e+01 2.100000000000000000e+01 1.900000000000000000e+02
2.307300000000000750e+01 6.847173762321472168e+01 2.200000000000000000e+01 9.700000000000000000e+01
2.323200000000000642e+01 6.847173762321472168e+01 2.300000000000000000e+01 1.740000000000000000e+02
2.394100000000000961e+01 6.847173762321472168e+01 2.400000000000000000e+01 1.500000000000000000e+02
2.478900000000001214e+01 6.847173762321472168e+01 2.500000000000000000e+01 2.170000000000000000e+02
2.512000000000001165e+01 6.847173762321472168e+01 2.600000000000000000e+01 2.110000000000000000e+02
2.591200000000001324e+01 6.847173762321472168e+01 2.700000000000000000e+01 1.870000000000000000e+02
2.567200000000001481e+01 6.847173762321472168e+01 2.800000000000000000e+01 2.790000000000000000e+02
2.656900000000002038e+01 6.847173762321472168e+01 2.900000000000000000e+01 1.250000000000000000e+02
2.694600000000002282e+01 6.847173762321472168e+01 3.000000000000000000e+01 1.220000000000000000e+02
2.749300000000002697e+01 6.847173762321472168e+01 3.100000000000000000e+01 1.870000000000000000e+02
2.777500000000003055e+01 6.847173762321472168e+01 3.200000000000000000e+01 2.200000000000000000e+02
2.827800000000003067e+01 6.847173762321472168e+01 3.300000000000000000e+01 1.440000000000000000e+02
2.912200000000001410e+01 6.847173762321472168e+01 3.400000000000000000e+01 1.510000000000000000e+02
2.929700000000001125e+01 6.847173762321472168e+01 3.500000000000000000e+01 1.540000000000000000e+02
3.007400000000001228e+01 6.847173762321472168e+01 3.600000000000000000e+01 2.530000000000000000e+02
3.072700000000001097e+01 6.847173762321472168e+01 3.700000000000000000e+01 3.730000000000000000e+02
3.139700000000000912e+01 6.847173762321472168e+01 3.800000000000000000e+01 1.790000000000000000e+02
3.190999999999999659e+01 6.847173762321472168e+01 3.900000000000000000e+01 1.640000000000000000e+02
3.225999999999999091e+01 6.847173762321472168e+01 4.000000000000000000e+01 3.110000000000000000e+02
3.313799999999995549e+01 6.847173762321472168e+01 4.100000000000000000e+01 3.510000000000000000e+02
3.340099999999996783e+01 6.847173762321472168e+01 4.200000000000000000e+01 3.300000000000000000e+02
3.430299999999996174e+01 6.847173762321472168e+01 4.300000000000000000e+01 1.380000000000000000e+02
3.466399999999994463e+01 6.847173762321472168e+01 4.400000000000000000e+01 2.610000000000000000e+02
3.564499999999992497e+01 6.847173762321472168e+01 4.500000000000000000e+01 4.220000000000000000e+02
3.723399999999990229e+01 6.847173762321472168e+01 4.600000000000000000e+01 4.500000000000000000e+02
3.809399999999982356e+01 6.847173762321472168e+01 4.700000000000000000e+01 4.750000000000000000e+02
3.848399999999983123e+01 6.847173762321472168e+01 4.800000000000000000e+01 5.810000000000000000e+02
3.943399999999986960e+01 6.847173762321472168e+01 4.900000000000000000e+01 6.790000000000000000e+02
3.966899999999987614e+01 6.847173762321472168e+01 5.000000000000000000e+01 4.040000000000000000e+02
4.019999999999987494e+01 6.847173762321472168e+01 5.100000000000000000e+01 4.680000000000000000e+02
4.087899999999992673e+01 6.847173762321472168e+01 5.200000000000000000e+01 7.950000000000000000e+02
4.181699999999989359e+01 6.847173762321472168e+01 5.300000000000000000e+01 2.910000000000000000e+02
4.190599999999991354e+01 6.847173762321472168e+01 5.400000000000000000e+01 7.020000000000000000e+02
4.293499999999988148e+01 6.847173762321472168e+01 5.500000000000000000e+01 5.030000000000000000e+02
4.368899999999992900e+01 6.847173762321472168e+01 5.600000000000000000e+01 6.400000000000000000e+02
4.489299999999994384e+01 6.847173762321472168e+01 5.700000000000000000e+01 4.430000000000000000e+02
4.598099999999995902e+01 6.847173762321472168e+01 5.800000000000000000e+01 8.560000000000000000e+02
4.692500000000006821e+01 6.847173762321472168e+01 5.900000000000000000e+01 1.053000000000000000e+03
4.781700000000010675e+01 6.847173762321472168e+01 6.000000000000000000e+01 9.160000000000000000e+02
4.916500000000016257e+01 6.847173762321472168e+01 6.100000000000000000e+01 1.017000000000000000e+03
5.083200000000022101e+01 6.847173762321472168e+01 6.200000000000000000e+01 1.340000000000000000e+03
5.081400000000022743e+01 6.847173762321472168e+01 6.300000000000000000e+01 1.101000000000000000e+03
5.163600000000025858e+01 6.847173762321472168e+01 6.400000000000000000e+01 5.170000000000000000e+02
5.327400000000032776e+01 6.847173762321472168e+01 6.500000000000000000e+01 1.977000000000000000e+03
5.483200000000037733e+01 6.847173762321472168e+01 6.600000000000000000e+01 7.100000000000000000e+02
5.514900000000039881e+01 6.847173762321472168e+01 6.700000000000000000e+01 4.500000000000000000e+02
5.623300000000044463e+01 6.847173762321472168e+01 6.800000000000000000e+01 4.500000000000000000e+02
5.845900000000051477e+01 6.847173762321472168e+01 6.900000000000000000e+01 9.760000000000000000e+02
5.967700000000056093e+01 6.847173762321472168e+01 7.000000000000000000e+01 1.260000000000000000e+02
6.184000000000062869e+01 6.847173762321472168e+01 7.100000000000000000e+01 9.500000000000000000e+01
6.472800000000073339e+01 6.847173762321472168e+01 7.200000000000000000e+01 3.110000000000000000e+02
6.639800000000080615e+01 6.847173762321472168e+01 7.300000000000000000e+01 7.170000000000000000e+02
6.852200000000088664e+01 6.847173762321472168e+01 7.400000000000000000e+01 0.000000000000000000e+00
3.751999999999999780e+00 8.420743131637573242e+01 0.000000000000000000e+00 0.000000000000000000e+00
5.189000000000000057e+00 8.420743131637573242e+01 1.000000000000000000e+00 5.000000000000000000e+00
6.876000000000000334e+00 8.420743131637573242e+01 2.000000000000000000e+00 9.000000000000000000e+00
8.387999999999998124e+00 8.420743131637573242e+01 3.000000000000000000e+00 6.000000000000000000e+00
9.826999999999999957e+00 8.420743131637573242e+01 4.000000000000000000e+00 2.600000000000000000e+01
1.060699999999999754e+01 8.420743131637573242e+01 5.000000000000000000e+00 3.800000000000000000e+01
1.121399999999999864e+01 8.420743131637573242e+01 6.000000000000000000e+00 1.500000000000000000e+01
1.181099999999999639e+01 8.420743131637573242e+01 7.000000000000000000e+00 5.100000000000000000e+01
1.238699999999999513e+01 8.420743131637573242e+01 8.000000000000000000e+00 6.300000000000000000e+01
1.278599999999999604e+01 8.420743131637573242e+01 9.000000000000000000e+00 5.800000000000000000e+01
1.322699999999999498e+01 8.420743131637573242e+01 1.000000000000000000e+01 8.400000000000000000e+01
1.375599999999999490e+01 8.420743131637573242e+01 1.100000000000000000e+01 6.500000000000000000e+01
1.465499999999999581e+01 8.420743131637573242e+01 1.200000000000000000e+01 7.500000000000000000e+01
1.515799999999999592e+01 8.420743131637573242e+01 1.300000000000000000e+01 5.600000000000000000e+01
1.515799999999999592e+01 8.420743131637573242e+01 1.400000000000000000e+01 5.200000000000000000e+01
1.546099999999999675e+01 8.420743131637573242e+01 1.500000000000000000e+01 9.400000000000000000e+01
1.597799999999999798e+01 8.420743131637573242e+01 1.600000000000000000e+01 6.200000000000000000e+01
1.646699999999999875e+01 8.420743131637573242e+01 1.700000000000000000e+01 5.500000000000000000e+01
1.728999999999999915e+01 8.420743131637573242e+01 1.800000000000000000e+01 1.100000000000000000e+02
1.756900000000000261e+01 8.420743131637573242e+01 1.900000000000000000e+01 1.260000000000000000e+02
1.791200000000000259e+01 8.420743131637573242e+01 2.000000000000000000e+01 9.900000000000000000e+01
1.825300000000000367e+01 8.420743131637573242e+01 2.100000000000000000e+01 6.100000000000000000e+01
1.827100000000000080e+01 8.420743131637573242e+01 2.200000000000000000e+01 1.050000000000000000e+02
1.904200000000000514e+01 8.420743131637573242e+01 2.300000000000000000e+01 1.570000000000000000e+02
1.922000000000000597e+01 8.420743131637573242e+01 2.400000000000000000e+01 1.290000000000000000e+02
1.990400000000001057e+01 8.420743131637573242e+01 2.500000000000000000e+01 1.840000000000000000e+02
2.007200000000000983e+01 8.420743131637573242e+01 2.600000000000000000e+01 1.850000000000000000e+02
2.059500000000000952e+01 8.420743131637573242e+01 2.700000000000000000e+01 1.430000000000000000e+02
2.147700000000002163e+01 8.420743131637573242e+01 2.800000000000000000e+01 1.460000000000000000e+02
2.177300000000002456e+01 8.420743131637573242e+01 2.900000000000000000e+01 1.420000000000000000e+02
2.206000000000003070e+01 8.420743131637573242e+01 3.000000000000000000e+01 1.440000000000000000e+02
2.376600000000004442e+01 8.420743131637573242e+01 3.100000000000000000e+01 3.230000000000000000e+02
2.461900000000004951e+01 8.420743131637573242e+01 3.200000000000000000e+01 2.630000000000000000e+02
2.481000000000004846e+01 8.420743131637573242e+01 3.300000000000000000e+01 3.540000000000000000e+02
2.481000000000004846e+01 8.420743131637573242e+01 3.400000000000000000e+01 1.820000000000000000e+02
2.543200000000004124e+01 8.420743131637573242e+01 3.500000000000000000e+01 1.790000000000000000e+02
2.581000000000004135e+01 8.420743131637573242e+01 3.600000000000000000e+01 2.840000000000000000e+02
2.673600000000004329e+01 8.420743131637573242e+01 3.700000000000000000e+01 2.810000000000000000e+02
2.678800000000004289e+01 8.420743131637573242e+01 3.800000000000000000e+01 2.190000000000000000e+02
2.753100000000002368e+01 8.420743131637573242e+01 3.900000000000000000e+01 3.110000000000000000e+02
2.832400000000002649e+01 8.420743131637573242e+01 4.000000000000000000e+01 3.080000000000000000e+02
2.881100000000002836e+01 8.420743131637573242e+01 4.100000000000000000e+01 4.440000000000000000e+02
2.920900000000003516e+01 8.420743131637573242e+01 4.200000000000000000e+01 4.530000000000000000e+02
2.980800000000003891e+01 8.420743131637573242e+01 4.300000000000000000e+01 3.260000000000000000e+02
3.004200000000003712e+01 8.420743131637573242e+01 4.400000000000000000e+01 2.970000000000000000e+02
3.094100000000005224e+01 8.420743131637573242e+01 4.500000000000000000e+01 3.710000000000000000e+02
3.148000000000004661e+01 8.420743131637573242e+01 4.600000000000000000e+01 4.350000000000000000e+02
3.213500000000003354e+01 8.420743131637573242e+01 4.700000000000000000e+01 3.100000000000000000e+02
3.283400000000007424e+01 8.420743131637573242e+01 4.800000000000000000e+01 4.720000000000000000e+02
3.366400000000007253e+01 8.420743131637573242e+01 4.900000000000000000e+01 3.630000000000000000e+02
3.615800000000026415e+01 8.420743131637573242e+01 5.000000000000000000e+01 8.420000000000000000e+02
3.786100000000020316e+01 8.420743131637573242e+01 5.100000000000000000e+01 1.337000000000000000e+03
3.936500000000029331e+01 8.420743131637573242e+01 5.200000000000000000e+01 8.440000000000000000e+02
3.989300000000026358e+01 8.420743131637573242e+01 5.300000000000000000e+01 1.305000000000000000e+03
4.054700000000034521e+01 8.420743131637573242e+01 5.400000000000000000e+01 1.428000000000000000e+03
4.130400000000030758e+01 8.420743131637573242e+01 5.500000000000000000e+01 1.197000000000000000e+03
4.204700000000038784e+01 8.420743131637573242e+01 5.600000000000000000e+01 1.503000000000000000e+03
4.303900000000041359e+01 8.420743131637573242e+01 5.700000000000000000e+01 8.410000000000000000e+02
4.319300000000042417e+01 8.420743131637573242e+01 5.800000000000000000e+01 1.741000000000000000e+03
4.438100000000056156e+01 8.420743131637573242e+01 5.900000000000000000e+01 1.000000000000000000e+03
4.526100000000059254e+01 8.420743131637573242e+01 6.000000000000000000e+01 1.056000000000000000e+03
4.646900000000064779e+01 8.420743131637573242e+01 6.100000000000000000e+01 9.540000000000000000e+02
4.799400000000071032e+01 8.420743131637573242e+01 6.200000000000000000e+01 1.085000000000000000e+03
4.990900000000078052e+01 8.420743131637573242e+01 6.300000000000000000e+01 1.630000000000000000e+03
5.132700000000085083e+01 8.420743131637573242e+01 6.400000000000000000e+01 2.311000000000000000e+03
5.206400000000085981e+01 8.420743131637573242e+01 6.500000000000000000e+01 2.294000000000000000e+03
5.362400000000091893e+01 8.420743131637573242e+01 6.600000000000000000e+01 1.563000000000000000e+03
5.447400000000097009e+01 8.420743131637573242e+01 6.700000000000000000e+01 9.810000000000000000e+02
5.482900000000099539e+01 8.420743131637573242e+01 6.800000000000000000e+01 1.779000000000000000e+03
5.677200000000104296e+01 8.420743131637573242e+01 6.900000000000000000e+01 6.360000000000000000e+02
5.901600000000110668e+01 8.420743131637573242e+01 7.000000000000000000e+01 1.248000000000000000e+03
6.132300000000120122e+01 8.420743131637573242e+01 7.100000000000000000e+01 6.530000000000000000e+02
6.470000000000133866e+01 8.420743131637573242e+01 7.200000000000000000e+01 3.450000000000000000e+02
8.118100000000197269e+01 8.420743131637573242e+01 7.300000000000000000e+01 2.840000000000000000e+02
8.426500000000207535e+01 8.420743131637573242e+01 7.400000000000000000e+01 4.220000000000000000e+02
5.911999999999999034e+00 7.551121115684509277e+01 0.000000000000000000e+00 1.900000000000000000e+01
6.786999999999999922e+00 7.551121115684509277e+01 1.000000000000000000e+00 3.000000000000000000e+01
8.021999999999998465e+00 7.551121115684509277e+01 2.000000000000000000e+00 0.000000000000000000e+00
9.846999999999994202e+00 7.551121115684509277e+01 3.000000000000000000e+00 7.000000000000000000e+00
1.112799999999999656e+01 7.551121115684509277e+01 4.000000000000000000e+00 2.000000000000000000e+01
1.191099999999999781e+01 7.551121115684509277e+01 5.000000000000000000e+00 3.200000000000000000e+01
1.312399999999999523e+01 7.551121115684509277e+01 6.000000000000000000e+00 2.400000000000000000e+01
1.357199999999999385e+01 7.551121115684509277e+01 7.000000000000000000e+00 5.500000000000000000e+01
1.400699999999999434e+01 7.551121115684509277e+01 8.000000000000000000e+00 5.900000000000000000e+01
1.487299999999999400e+01 7.551121115684509277e+01 9.000000000000000000e+00 1.110000000000000000e+02
1.529599999999999582e+01 7.551121115684509277e+01 1.000000000000000000e+01 8.600000000000000000e+01
1.582699999999999463e+01 7.551121115684509277e+01 1.100000000000000000e+01 4.800000000000000000e+01
1.595999999999999375e+01 7.551121115684509277e+01 1.200000000000000000e+01 8.200000000000000000e+01
1.671599999999999753e+01 7.551121115684509277e+01 1.300000000000000000e+01 5.800000000000000000e+01
1.683599999999999497e+01 7.551121115684509277e+01 1.400000000000000000e+01 1.180000000000000000e+02
1.755199999999999605e+01 7.551121115684509277e+01 1.500000000000000000e+01 1.080000000000000000e+02
1.775399999999999778e+01 7.551121115684509277e+01 1.600000000000000000e+01 1.050000000000000000e+02
1.878200000000000358e+01 7.551121115684509277e+01 1.700000000000000000e+01 1.010000000000000000e+02
1.943000000000000682e+01 7.551121115684509277e+01 1.800000000000000000e+01 1.500000000000000000e+02
1.952500000000000568e+01 7.551121115684509277e+01 1.900000000000000000e+01 1.170000000000000000e+02
1.994800000000000395e+01 7.551121115684509277e+01 2.000000000000000000e+01 1.250000000000000000e+02
2.122199999999999775e+01 7.551121115684509277e+01 2.100000000000000000e+01 9.500000000000000000e+01
2.150799999999999557e+01 7.551121115684509277e+01 2.200000000000000000e+01 2.360000000000000000e+02
2.233399999999999608e+01 7.551121115684509277e+01 2.300000000000000000e+01 1.450000000000000000e+02
2.271799999999999997e+01 7.551121115684509277e+01 2.400000000000000000e+01 2.130000000000000000e+02
2.264600000000000435e+01 7.551121115684509277e+01 2.500000000000000000e+01 1.180000000000000000e+02
2.347900000000000276e+01 7.551121115684509277e+01 2.600000000000000000e+01 1.510000000000000000e+02
2.448700000000000543e+01 7.551121115684509277e+01 2.700000000000000000e+01 2.250000000000000000e+02
2.439200000000000657e+01 7.551121115684509277e+01 2.800000000000000000e+01 1.600000000000000000e+02
2.531900000000000972e+01 7.551121115684509277e+01 2.900000000000000000e+01 1.560000000000000000e+02
2.530900000000001171e+01 7.551121115684509277e+01 3.000000000000000000e+01 1.740000000000000000e+02
2.635000000000001563e+01 7.551121115684509277e+01 3.100000000000000000e+01 1.440000000000000000e+02
2.645700000000001850e+01 7.551121115684509277e+01 3.200000000000000000e+01 2.400000000000000000e+02
2.743100000000001160e+01 7.551121115684509277e+01 3.300000000000000000e+01 2.550000000000000000e+02
2.734300000000001418e+01 7.551121115684509277e+01 3.400000000000000000e+01 2.180000000000000000e+02
2.858900000000000219e+01 7.551121115684509277e+01 3.500000000000000000e+01 2.820000000000000000e+02
2.936299999999999955e+01 7.551121115684509277e+01 3.600000000000000000e+01 5.460000000000000000e+02
2.984499999999999886e+01 7.551121115684509277e+01 3.700000000000000000e+01 4.270000000000000000e+02
3.017899999999999494e+01 7.551121115684509277e+01 3.800000000000000000e+01 2.450000000000000000e+02
3.104199999999998738e+01 7.551121115684509277e+01 3.900000000000000000e+01 3.610000000000000000e+02
3.110099999999998843e+01 7.551121115684509277e+01 4.000000000000000000e+01 2.760000000000000000e+02
3.189499999999998536e+01 7.551121115684509277e+01 4.100000000000000000e+01 4.490000000000000000e+02
3.292599999999996641e+01 7.551121115684509277e+01 4.200000000000000000e+01 3.100000000000000000e+02
3.310999999999996390e+01 7.551121115684509277e+01 4.300000000000000000e+01 4.730000000000000000e+02
3.324699999999995725e+01 7.551121115684509277e+01 4.400000000000000000e+01 3.320000000000000000e+02
3.383499999999995822e+01 7.551121115684509277e+01 4.500000000000000000e+01 3.870000000000000000e+02
3.408999999999995367e+01 7.551121115684509277e+01 4.600000000000000000e+01 3.600000000000000000e+02
3.452599999999993940e+01 7.551121115684509277e+01 4.700000000000000000e+01 2.990000000000000000e+02
3.530199999999994276e+01 7.551121115684509277e+01 4.800000000000000000e+01 4.780000000000000000e+02
3.594699999999995299e+01 7.551121115684509277e+01 4.900000000000000000e+01 4.600000000000000000e+02
3.731800000000001916e+01 7.551121115684509277e+01 5.000000000000000000e+01 6.220000000000000000e+02
3.808200000000003627e+01 7.551121115684509277e+01 5.100000000000000000e+01 8.150000000000000000e+02
3.930100000000011562e+01 7.551121115684509277e+01 5.200000000000000000e+01 7.690000000000000000e+02
3.979000000000009862e+01 7.551121115684509277e+01 5.300000000000000000e+01 9.720000000000000000e+02
4.084200000000019060e+01 7.551121115684509277e+01 5.400000000000000000e+01 7.140000000000000000e+02
4.206900000000013762e+01 7.551121115684509277e+01 5.500000000000000000e+01 7.940000000000000000e+02
4.320100000000022078e+01 7.551121115684509277e+01 5.600000000000000000e+01 7.360000000000000000e+02
4.327800000000023317e+01 7.551121115684509277e+01 5.700000000000000000e+01 1.074000000000000000e+03
4.389700000000024716e+01 7.551121115684509277e+01 5.800000000000000000e+01 1.032000000000000000e+03
4.534800000000037556e+01 7.551121115684509277e+01 5.900000000000000000e+01 1.884000000000000000e+03
4.729300000000046822e+01 7.551121115684509277e+01 6.000000000000000000e+01 1.217000000000000000e+03
4.815600000000051040e+01 7.551121115684509277e+01 6.100000000000000000e+01 1.513000000000000000e+03
4.930900000000055883e+01 7.551121115684509277e+01 6.200000000000000000e+01 1.709000000000000000e+03
5.012600000000058031e+01 7.551121115684509277e+01 6.300000000000000000e+01 1.405000000000000000e+03
5.264700000000067348e+01 7.551121115684509277e+01 6.400000000000000000e+01 1.869000000000000000e+03
5.524800000000080757e+01 7.551121115684509277e+01 6.500000000000000000e+01 1.394000000000000000e+03
5.692100000000085203e+01 7.551121115684509277e+01 6.600000000000000000e+01 2.199000000000000000e+03
5.859500000000092257e+01 7.551121115684509277e+01 6.700000000000000000e+01 2.071000000000000000e+03
6.019300000000097839e+01 7.551121115684509277e+01 6.800000000000000000e+01 1.001000000000000000e+03
6.125400000000102807e+01 7.551121115684509277e+01 6.900000000000000000e+01 2.400000000000000000e+02
6.223400000000106758e+01 7.551121115684509277e+01 7.000000000000000000e+01 2.590000000000000000e+02
6.545300000000118246e+01 7.551121115684509277e+01 7.100000000000000000e+01 2.020000000000000000e+02
6.926700000000133173e+01 7.551121115684509277e+01 7.200000000000000000e+01 3.810000000000000000e+02
7.270200000000149032e+01 7.551121115684509277e+01 7.300000000000000000e+01 5.190000000000000000e+02
7.556700000000157047e+01 7.551121115684509277e+01 7.400000000000000000e+01 1.870000000000000000e+02
5.768999999999999240e+00 7.162928867340087891e+01 0.000000000000000000e+00 4.000000000000000000e+00
6.651999999999999247e+00 7.162928867340087891e+01 1.000000000000000000e+00 1.500000000000000000e+01
7.999999999999998224e+00 7.162928867340087891e+01 2.000000000000000000e+00 1.000000000000000000e+01
9.509999999999999787e+00 7.162928867340087891e+01 3.000000000000000000e+00 1.700000000000000000e+01
9.990999999999999659e+00 7.162928867340087891e+01 4.000000000000000000e+00 1.600000000000000000e+01
1.094999999999999929e+01 7.162928867340087891e+01 5.000000000000000000e+00 1.800000000000000000e+01
1.141599999999999859e+01 7.162928867340087891e+01 6.000000000000000000e+00 3.400000000000000000e+01
1.216399999999999615e+01 7.162928867340087891e+01 7.000000000000000000e+00 5.400000000000000000e+01
1.259899999999999665e+01 7.162928867340087891e+01 8.000000000000000000e+00 6.200000000000000000e+01
1.331399999999999828e+01 7.162928867340087891e+01 9.000000000000000000e+00 4.200000000000000000e+01
1.359099999999999753e+01 7.162928867340087891e+01 1.000000000000000000e+01 8.100000000000000000e+01
1.412599999999999767e+01 7.162928867340087891e+01 1.100000000000000000e+01 5.100000000000000000e+01
1.516199999999999548e+01 7.162928867340087891e+01 1.200000000000000000e+01 7.400000000000000000e+01
1.566599999999999504e+01 7.162928867340087891e+01 1.300000000000000000e+01 7.200000000000000000e+01
1.603599999999999781e+01 7.162928867340087891e+01 1.400000000000000000e+01 1.230000000000000000e+02
1.674899999999999167e+01 7.162928867340087891e+01 1.500000000000000000e+01 9.800000000000000000e+01
1.674899999999999167e+01 7.162928867340087891e+01 1.600000000000000000e+01 1.360000000000000000e+02
1.731199999999999051e+01 7.162928867340087891e+01 1.700000000000000000e+01 1.550000000000000000e+02
1.774599999999999156e+01 7.162928867340087891e+01 1.800000000000000000e+01 1.240000000000000000e+02
1.826899999999999125e+01 7.162928867340087891e+01 1.900000000000000000e+01 1.060000000000000000e+02
1.877699999999999037e+01 7.162928867340087891e+01 2.000000000000000000e+01 1.790000000000000000e+02
1.916999999999999105e+01 7.162928867340087891e+01 2.100000000000000000e+01 1.420000000000000000e+02
1.947899999999999565e+01 7.162928867340087891e+01 2.200000000000000000e+01 1.650000000000000000e+02
2.027999999999999403e+01 7.162928867340087891e+01 2.300000000000000000e+01 2.170000000000000000e+02
2.049799999999999400e+01 7.162928867340087891e+01 2.400000000000000000e+01 1.240000000000000000e+02
2.125499999999999190e+01 7.162928867340087891e+01 2.500000000000000000e+01 1.630000000000000000e+02
2.268299999999999983e+01 7.162928867340087891e+01 2.600000000000000000e+01 2.220000000000000000e+02
2.320800000000000196e+01 7.162928867340087891e+01 2.700000000000000000e+01 1.700000000000000000e+02
2.366800000000000281e+01 7.162928867340087891e+01 2.800000000000000000e+01 2.190000000000000000e+02
2.440300000000000935e+01 7.162928867340087891e+01 2.900000000000000000e+01 2.920000000000000000e+02
2.497900000000002052e+01 7.162928867340087891e+01 3.000000000000000000e+01 3.120000000000000000e+02
2.556900000000002393e+01 7.162928867340087891e+01 3.100000000000000000e+01 3.640000000000000000e+02
2.546600000000002950e+01 7.162928867340087891e+01 3.200000000000000000e+01 1.820000000000000000e+02
2.667000000000002657e+01 7.162928867340087891e+01 3.300000000000000000e+01 2.400000000000000000e+02
2.733400000000001739e+01 7.162928867340087891e+01 3.400000000000000000e+01 3.010000000000000000e+02
2.781500000000001549e+01 7.162928867340087891e+01 3.500000000000000000e+01 4.430000000000000000e+02
2.837000000000001521e+01 7.162928867340087891e+01 3.600000000000000000e+01 4.020000000000000000e+02
2.914200000000001367e+01 7.162928867340087891e+01 3.700000000000000000e+01 4.120000000000000000e+02
2.967300000000001603e+01 7.162928867340087891e+01 3.800000000000000000e+01 3.650000000000000000e+02
3.049399999999999977e+01 7.162928867340087891e+01 3.900000000000000000e+01 4.410000000000000000e+02
3.089199999999999235e+01 7.162928867340087891e+01 4.000000000000000000e+01 3.770000000000000000e+02
3.126199999999999690e+01 7.162928867340087891e+01 4.100000000000000000e+01 4.010000000000000000e+02
3.191900000000000404e+01 7.162928867340087891e+01 4.200000000000000000e+01 3.370000000000000000e+02
3.206200000000000472e+01 7.162928867340087891e+01 4.300000000000000000e+01 4.030000000000000000e+02
3.298699999999995214e+01 7.162928867340087891e+01 4.400000000000000000e+01 5.990000000000000000e+02
3.414199999999993906e+01 7.162928867340087891e+01 4.500000000000000000e+01 4.350000000000000000e+02
3.516299999999992565e+01 7.162928867340087891e+01 4.600000000000000000e+01 6.770000000000000000e+02
3.595899999999986107e+01 7.162928867340087891e+01 4.700000000000000000e+01 6.900000000000000000e+02
3.654099999999986892e+01 7.162928867340087891e+01 4.800000000000000000e+01 6.030000000000000000e+02
3.755999999999990280e+01 7.162928867340087891e+01 4.900000000000000000e+01 7.470000000000000000e+02
3.840499999999996561e+01 7.162928867340087891e+01 5.000000000000000000e+01 1.026000000000000000e+03
3.874799999999996913e+01 7.162928867340087891e+01 5.100000000000000000e+01 9.590000000000000000e+02
3.967000000000003723e+01 7.162928867340087891e+01 5.200000000000000000e+01 8.060000000000000000e+02
3.982600000000002893e+01 7.162928867340087891e+01 5.300000000000000000e+01 1.333000000000000000e+03
4.038900000000010237e+01 7.162928867340087891e+01 5.400000000000000000e+01 1.256000000000000000e+03
4.094700000000008799e+01 7.162928867340087891e+01 5.500000000000000000e+01 1.088000000000000000e+03
4.181800000000015416e+01 7.162928867340087891e+01 5.600000000000000000e+01 1.123000000000000000e+03
4.290900000000019077e+01 7.162928867340087891e+01 5.700000000000000000e+01 9.050000000000000000e+02
4.352100000000019975e+01 7.162928867340087891e+01 5.800000000000000000e+01 1.270000000000000000e+03
4.470100000000038420e+01 7.162928867340087891e+01 5.900000000000000000e+01 6.470000000000000000e+02
4.556700000000043360e+01 7.162928867340087891e+01 6.000000000000000000e+01 1.317000000000000000e+03
4.574500000000044508e+01 7.162928867340087891e+01 6.100000000000000000e+01 1.598000000000000000e+03
4.815000000000053149e+01 7.162928867340087891e+01 6.200000000000000000e+01 1.831000000000000000e+03
4.899000000000056332e+01 7.162928867340087891e+01 6.300000000000000000e+01 1.267000000000000000e+03
5.053800000000061488e+01 7.162928867340087891e+01 6.400000000000000000e+01 9.760000000000000000e+02
5.118700000000063710e+01 7.162928867340087891e+01 6.500000000000000000e+01 1.850000000000000000e+03
5.266900000000069326e+01 7.162928867340087891e+01 6.600000000000000000e+01 7.020000000000000000e+02
5.368700000000072947e+01 7.162928867340087891e+01 6.700000000000000000e+01 1.522000000000000000e+03
5.806900000000089790e+01 7.162928867340087891e+01 6.800000000000000000e+01 2.360000000000000000e+03
5.908300000000092922e+01 7.162928867340087891e+01 6.900000000000000000e+01 8.820000000000000000e+02
6.038300000000097612e+01 7.162928867340087891e+01 7.000000000000000000e+01 7.580000000000000000e+02
6.352300000000109037e+01 7.162928867340087891e+01 7.100000000000000000e+01 1.196000000000000000e+03
6.540900000000115710e+01 7.162928867340087891e+01 7.200000000000000000e+01 5.050000000000000000e+02
6.903100000000129910e+01 7.162928867340087891e+01 7.300000000000000000e+01 1.580000000000000000e+02
7.160300000000140130e+01 7.162928867340087891e+01 7.400000000000000000e+01 5.200000000000000000e+01
4.729999999999998650e+00 8.159755706787109375e+01 0.000000000000000000e+00 4.000000000000000000e+00
6.167999999999998373e+00 8.159755706787109375e+01 1.000000000000000000e+00 6.000000000000000000e+00
7.022999999999998799e+00 8.159755706787109375e+01 2.000000000000000000e+00 5.000000000000000000e+00
8.215999999999997527e+00 8.159755706787109375e+01 3.000000000000000000e+00 9.000000000000000000e+00
8.881999999999999673e+00 8.159755706787109375e+01 4.000000000000000000e+00 1.700000000000000000e+01
8.881999999999999673e+00 8.159755706787109375e+01 5.000000000000000000e+00 2.000000000000000000e+00
9.655999999999998806e+00 8.159755706787109375e+01 6.000000000000000000e+00 1.400000000000000000e+01
1.130199999999999250e+01 8.159755706787109375e+01 7.000000000000000000e+00 4.600000000000000000e+01
1.217999999999999261e+01 8.159755706787109375e+01 8.000000000000000000e+00 4.500000000000000000e+01
1.246599999999999220e+01 8.159755706787109375e+01 9.000000000000000000e+00 4.100000000000000000e+01
1.301899999999999302e+01 8.159755706787109375e+01 1.000000000000000000e+01 5.500000000000000000e+01
1.368799999999999351e+01 8.159755706787109375e+01 1.100000000000000000e+01 1.030000000000000000e+02
1.537199999999999278e+01 8.159755706787109375e+01 1.200000000000000000e+01 8.200000000000000000e+01
1.625399999999999423e+01 8.159755706787109375e+01 1.300000000000000000e+01 1.140000000000000000e+02
1.687199999999999989e+01 8.159755706787109375e+01 1.400000000000000000e+01 1.100000000000000000e+02
1.758699999999999619e+01 8.159755706787109375e+01 1.500000000000000000e+01 7.700000000000000000e+01
1.828199999999999648e+01 8.159755706787109375e+01 1.600000000000000000e+01 1.680000000000000000e+02
1.906899999999998840e+01 8.159755706787109375e+01 1.700000000000000000e+01 1.530000000000000000e+02
1.961499999999999133e+01 8.159755706787109375e+01 1.800000000000000000e+01 2.300000000000000000e+02
2.035299999999999088e+01 8.159755706787109375e+01 1.900000000000000000e+01 1.650000000000000000e+02
2.147099999999998587e+01 8.159755706787109375e+01 2.000000000000000000e+01 1.970000000000000000e+02
2.215999999999998593e+01 8.159755706787109375e+01 2.100000000000000000e+01 1.670000000000000000e+02
2.208499999999997954e+01 8.159755706787109375e+01 2.200000000000000000e+01 1.200000000000000000e+02
2.281199999999998340e+01 8.159755706787109375e+01 2.300000000000000000e+01 1.370000000000000000e+02
2.334899999999997533e+01 8.159755706787109375e+01 2.400000000000000000e+01 9.900000000000000000e+01
2.403799999999996828e+01 8.159755706787109375e+01 2.500000000000000000e+01 1.720000000000000000e+02
2.448299999999996146e+01 8.159755706787109375e+01 2.600000000000000000e+01 3.200000000000000000e+02
2.510999999999995680e+01 8.159755706787109375e+01 2.700000000000000000e+01 1.800000000000000000e+02
2.525899999999996126e+01 8.159755706787109375e+01 2.800000000000000000e+01 1.240000000000000000e+02
2.575999999999996248e+01 8.159755706787109375e+01 2.900000000000000000e+01 1.490000000000000000e+02
2.628999999999997073e+01 8.159755706787109375e+01 3.000000000000000000e+01 1.960000000000000000e+02
2.718699999999996564e+01 8.159755706787109375e+01 3.100000000000000000e+01 1.560000000000000000e+02
2.771799999999996089e+01 8.159755706787109375e+01 3.200000000000000000e+01 1.510000000000000000e+02
2.815199999999995129e+01 8.159755706787109375e+01 3.300000000000000000e+01 3.920000000000000000e+02
2.871799999999995023e+01 8.159755706787109375e+01 3.400000000000000000e+01 3.190000000000000000e+02
2.955999999999995254e+01 8.159755706787109375e+01 3.500000000000000000e+01 1.430000000000000000e+02
3.050299999999996459e+01 8.159755706787109375e+01 3.600000000000000000e+01 3.290000000000000000e+02
3.119699999999996365e+01 8.159755706787109375e+01 3.700000000000000000e+01 3.190000000000000000e+02
3.145899999999996055e+01 8.159755706787109375e+01 3.800000000000000000e+01 1.960000000000000000e+02
3.206199999999994787e+01 8.159755706787109375e+01 3.900000000000000000e+01 1.980000000000000000e+02
3.299999999999993605e+01 8.159755706787109375e+01 4.000000000000000000e+01 3.240000000000000000e+02
3.344599999999991979e+01 8.159755706787109375e+01 4.100000000000000000e+01 3.350000000000000000e+02
3.368699999999991945e+01 8.159755706787109375e+01 4.200000000000000000e+01 5.230000000000000000e+02
3.488499999999991985e+01 8.159755706787109375e+01 4.300000000000000000e+01 4.350000000000000000e+02
3.555099999999988825e+01 8.159755706787109375e+01 4.400000000000000000e+01 3.080000000000000000e+02
3.583899999999989205e+01 8.159755706787109375e+01 4.500000000000000000e+01 4.800000000000000000e+02
3.641799999999987847e+01 8.159755706787109375e+01 4.600000000000000000e+01 1.870000000000000000e+02
3.713499999999981327e+01 8.159755706787109375e+01 4.700000000000000000e+01 2.900000000000000000e+02
3.734499999999982123e+01 8.159755706787109375e+01 4.800000000000000000e+01 4.790000000000000000e+02
3.845499999999984908e+01 8.159755706787109375e+01 4.900000000000000000e+01 6.420000000000000000e+02
3.894899999999987728e+01 8.159755706787109375e+01 5.000000000000000000e+01 7.890000000000000000e+02
4.035599999999988796e+01 8.159755706787109375e+01 5.100000000000000000e+01 5.000000000000000000e+02
4.144299999999996942e+01 8.159755706787109375e+01 5.200000000000000000e+01 8.290000000000000000e+02
4.256799999999994810e+01 8.159755706787109375e+01 5.300000000000000000e+01 9.440000000000000000e+02
4.278299999999997283e+01 8.159755706787109375e+01 5.400000000000000000e+01 9.940000000000000000e+02
4.316699999999994475e+01 8.159755706787109375e+01 5.500000000000000000e+01 3.760000000000000000e+02
4.384199999999997743e+01 8.159755706787109375e+01 5.600000000000000000e+01 4.740000000000000000e+02
4.416800000000000637e+01 8.159755706787109375e+01 5.700000000000000000e+01 9.390000000000000000e+02
4.544000000000001904e+01 8.159755706787109375e+01 5.800000000000000000e+01 8.480000000000000000e+02
4.677700000000025682e+01 8.159755706787109375e+01 5.900000000000000000e+01 6.940000000000000000e+02
4.781400000000029848e+01 8.159755706787109375e+01 6.000000000000000000e+01 1.377000000000000000e+03
4.860900000000032861e+01 8.159755706787109375e+01 6.100000000000000000e+01 7.740000000000000000e+02
4.988200000000038159e+01 8.159755706787109375e+01 6.200000000000000000e+01 1.168000000000000000e+03
5.074800000000040257e+01 8.159755706787109375e+01 6.300000000000000000e+01 9.020000000000000000e+02
5.184800000000044662e+01 8.159755706787109375e+01 6.400000000000000000e+01 1.553000000000000000e+03
5.286000000000048971e+01 8.159755706787109375e+01 6.500000000000000000e+01 1.736000000000000000e+03
5.452800000000056002e+01 8.159755706787109375e+01 6.600000000000000000e+01 9.620000000000000000e+02
5.682100000000065876e+01 8.159755706787109375e+01 6.700000000000000000e+01 4.680000000000000000e+02
5.798900000000070776e+01 8.159755706787109375e+01 6.800000000000000000e+01 7.660000000000000000e+02
5.898700000000074084e+01 8.159755706787109375e+01 6.900000000000000000e+01 1.223000000000000000e+03
6.080900000000081462e+01 8.159755706787109375e+01 7.000000000000000000e+01 3.540000000000000000e+02
6.224900000000086209e+01 8.159755706787109375e+01 7.100000000000000000e+01 4.610000000000000000e+02
7.017600000000116722e+01 8.159755706787109375e+01 7.200000000000000000e+01 6.180000000000000000e+02
7.892000000000152227e+01 8.159755706787109375e+01 7.300000000000000000e+01 2.100000000000000000e+02
8.151100000000161572e+01 8.159755706787109375e+01 7.400000000000000000e+01 1.190000000000000000e+02
