3.556999999999999496e+00 5.366675853729248047e+01 0.000000000000000000e+00 4.000000000000000000e+00
4.370999999999999552e+00 5.366675853729248047e+01 1.000000000000000000e+00 6.000000000000000000e+00
6.333000000000000185e+00 5.366675853729248047e+01 2.000000000000000000e+00 1.300000000000000000e+01
7.104000000000000092e+00 5.366675853729248047e+01 3.000000000000000000e+00 1.000000000000000000e+01
8.593999999999999417e+00 5.366675853729248047e+01 4.000000000000000000e+00 2.900000000000000000e+01
8.777999999999998693e+00 5.366675853729248047e+01 5.000000000000000000e+00 3.800000000000000000e+01
9.658000000000001251e+00 5.366675853729248047e+01 6.000000000000000000e+00 3.400000000000000000e+01
1.034500000000000064e+01 5.366675853729248047e+01 7.000000000000000000e+00 4.100000000000000000e+01
1.084999999999999964e+01 5.366675853729248047e+01 8.000000000000000000e+00 3.000000000000000000e+01
1.134200000000000053e+01 5.366675853729248047e+01 9.000000000000000000e+00 4.000000000000000000e+01
1.114200000000000124e+01 5.366675853729248047e+01 1.000000000000000000e+01 4.600000000000000000e+01
1.212600000000000300e+01 5.366675853729248047e+01 1.100000000000000000e+01 6.400000000000000000e+01
1.194200000000000372e+01 5.366675853729248047e+01 1.200000000000000000e+01 4.300000000000000000e+01
1.271500000000000341e+01 5.366675853729248047e+01 1.300000000000000000e+01 4.900000000000000000e+01
1.314400000000000368e+01 5.366675853729248047e+01 1.400000000000000000e+01 8.700000000000000000e+01
1.354500000000000348e+01 5.366675853729248047e+01 1.500000000000000000e+01 6.300000000000000000e+01
1.367400000000000304e+01 5.366675853729248047e+01 1.600000000000000000e+01 7.700000000000000000e+01
1.422900000000000453e+01 5.366675853729248047e+01 1.700000000000000000e+01 7.000000000000000000e+01
1.461000000000000476e+01 5.366675853729248047e+01 1.800000000000000000e+01 8.200000000000000000e+01
1.485900000000000531e+01 5.366675853729248047e+01 1.900000000000000000e+01 7.700000000000000000e+01
1.521900000000000475e+01 5.366675853729248047e+01 2.000000000000000000e+01 9.300000000000000000e+01
1.566800000000000637e+01 5.366675853729248047e+01 2.100000000000000000e+01 6.700000000000000000e+01
1.560600000000000698e+01 5.366675853729248047e+01 2.200000000000000000e+01 8.000000000000000000e+01
1.607500000000000639e+01 5.366675853729248047e+01 2.300000000000000000e+01 1.260000000000000000e+02
1.659100000000001174e+01 5.366675853729248047e+01 2.400000000000000000e+01 9.600000000000000000e+01
1.717600000000001259e+01 5.366675853729248047e+01 2.500000000000000000e+01 1.120000000000000000e+02
1.756600000000001316e+01 5.366675853729248047e+01 2.600000000000000000e+01 1.080000000000000000e+02
1.834500000000001307e+01 5.366675853729248047e+01 2.700000000000000000e+01 1.310000000000000000e+02
1.862300000000001177e+01 5.366675853729248047e+01 2.800000000000000000e+01 1.440000000000000000e+02
1.912200000000000699e+01 5.366675853729248047e+01 2.900000000000000000e+01 2.020000000000000000e+02
1.967700000000000671e+01 5.366675853729248047e+01 3.000000000000000000e+01 1.640000000000000000e+02
1.976400000000000645e+01 5.366675853729248047e+01 3.100000000000000000e+01 1.630000000000000000e+02
2.024300000000000566e+01 5.366675853729248047e+01 3.200000000000000000e+01 2.440000000000000000e+02
2.041400000000000503e+01 5.366675853729248047e+01 3.300000000000000000e+01 2.300000000000000000e+02
2.099700000000001410e+01 5.366675853729248047e+01 3.400000000000000000e+01 2.180000000000000000e+02
2.111900000000001754e+01 5.366675853729248047e+01 3.500000000000000000e+01 2.030000000000000000e+02
2.189000000000002188e+01 5.366675853729248047e+01 3.600000000000000000e+01 3.010000000000000000e+02
2.194600000000002282e+01 5.366675853729248047e+01 3.700000000000000000e+01 2.600000000000000000e+02
2.250200000000002731e+01 5.366675853729248047e+01 3.800000000000000000e+01 2.800000000000000000e+02
2.312600000000002609e+01 5.366675853729248047e+01 3.900000000000000000e+01 2.750000000000000000e+02
2.326300000000001234e+01 5.366675853729248047e+01 4.000000000000000000e+01 3.310000000000000000e+02
2.402200000000000557e+01 5.366675853729248047e+01 4.100000000000000000e+01 2.870000000000000000e+02
2.455600000000000449e+01 5.366675853729248047e+01 4.200000000000000000e+01 3.540000000000000000e+02
2.480200000000000671e+01 5.366675853729248047e+01 4.300000000000000000e+01 2.990000000000000000e+02
2.559000000000000696e+01 5.366675853729248047e+01 4.400000000000000000e+01 4.170000000000000000e+02
2.595600000000001017e+01 5.366675853729248047e+01 4.500000000000000000e+01 4.510000000000000000e+02
2.643100000000000449e+01 5.366675853729248047e+01 4.600000000000000000e+01 4.530000000000000000e+02
2.709100000000000463e+01 5.366675853729248047e+01 4.700000000000000000e+01 3.890000000000000000e+02
2.745000000000001350e+01 5.366675853729248047e+01 4.800000000000000000e+01 4.410000000000000000e+02
2.926000000000001933e+01 5.366675853729248047e+01 4.900000000000000000e+01 6.420000000000000000e+02
2.970400000000001128e+01 5.366675853729248047e+01 5.000000000000000000e+01 5.640000000000000000e+02
3.001400000000001711e+01 5.366675853729248047e+01 5.100000000000000000e+01 5.720000000000000000e+02
3.047800000000001930e+01 5.366675853729248047e+01 5.200000000000000000e+01 7.120000000000000000e+02
3.123100000000001231e+01 5.366675853729248047e+01 5.300000000000000000e+01 7.240000000000000000e+02
3.196300000000002939e+01 5.366675853729248047e+01 5.400000000000000000e+01 7.430000000000000000e+02
3.244700000000003115e+01 5.366675853729248047e+01 5.500000000000000000e+01 6.300000000000000000e+02
3.301000000000006906e+01 5.366675853729248047e+01 5.600000000000000000e+01 8.250000000000000000e+02
3.354100000000003234e+01 5.366675853729248047e+01 5.700000000000000000e+01 1.018000000000000000e+03
3.468600000000014205e+01 5.366675853729248047e+01 5.800000000000000000e+01 7.500000000000000000e+02
3.586900000000009214e+01 5.366675853729248047e+01 5.900000000000000000e+01 9.730000000000000000e+02
3.645700000000015706e+01 5.366675853729248047e+01 6.000000000000000000e+01 1.092000000000000000e+03
3.740600000000014091e+01 5.366675853729248047e+01 6.100000000000000000e+01 9.680000000000000000e+02
3.811000000000019128e+01 5.366675853729248047e+01 6.200000000000000000e+01 1.302000000000000000e+03
3.877400000000022828e+01 5.366675853729248047e+01 6.300000000000000000e+01 1.012000000000000000e+03
4.030200000000029092e+01 5.366675853729248047e+01 6.400000000000000000e+01 9.760000000000000000e+02
4.090800000000031389e+01 5.366675853729248047e+01 6.500000000000000000e+01 8.740000000000000000e+02
4.201700000000035828e+01 5.366675853729248047e+01 6.600000000000000000e+01 1.250000000000000000e+03
4.547200000000048448e+01 5.366675853729248047e+01 6.700000000000000000e+01 2.215000000000000000e+03
4.670200000000053819e+01 5.366675853729248047e+01 6.800000000000000000e+01 2.624000000000000000e+03
4.767300000000057736e+01 5.366675853729248047e+01 6.900000000000000000e+01 2.338000000000000000e+03
5.095900000000070662e+01 5.366675853729248047e+01 7.000000000000000000e+01 1.203000000000000000e+03
5.191200000000073800e+01 5.366675853729248047e+01 7.100000000000000000e+01 1.194000000000000000e+03
5.363400000000080325e+01 5.366675853729248047e+01 7.200000000000000000e+01 7.960000000000000000e+02
5.366675853729248047e+01 5.366675853729248047e+01 0.000000000000000000e+00 0.000000000000000000e+00
5.366675853729248047e+01 5.366675853729248047e+01 0.000000000000000000e+00 0.000000000000000000e+00
4.227999999999999758e+00 5.320397853851318359e+01 0.000000000000000000e+00 0.000000000000000000e+00
5.047999999999999154e+00 5.320397853851318359e+01 1.000000000000000000e+00 1.000000000000000000e+00
6.425999999999998380e+00 5.320397853851318359e+01 2.000000000000000000e+00 3.000000000000000000e+00
8.347000000000001307e+00 5.320397853851318359e+01 3.000000000000000000e+00 9.000000000000000000e+00
1.021700000000000053e+01 5.320397853851318359e+01 4.000000000000000000e+00 2.600000000000000000e+01
1.112100000000000044e+01 5.320397853851318359e+01 5.000000000000000000e+00 3.300000000000000000e+01
1.110999999999999943e+01 5.320397853851318359e+01 6.000000000000000000e+00 2.800000000000000000e+01
1.199200000000000088e+01 5.320397853851318359e+01 7.000000000000000000e+00 2.700000000000000000e+01
1.216400000000000148e+01 5.320397853851318359e+01 8.000000000000000000e+00 3.800000000000000000e+01
1.265600000000000236e+01 5.320397853851318359e+01 9.000000000000000000e+00 5.300000000000000000e+01
1.313400000000000212e+01 5.320397853851318359e+01 1.000000000000000000e+01 4.700000000000000000e+01
1.391300000000000203e+01 5.320397853851318359e+01 1.100000000000000000e+01 7.100000000000000000e+01
1.436500000000000199e+01 5.320397853851318359e+01 1.200000000000000000e+01 8.700000000000000000e+01
1.495700000000000074e+01 5.320397853851318359e+01 1.300000000000000000e+01 6.600000000000000000e+01
1.474499999999999922e+01 5.320397853851318359e+01 1.400000000000000000e+01 6.900000000000000000e+01
1.551999999999999957e+01 5.320397853851318359e+01 1.500000000000000000e+01 8.800000000000000000e+01
1.579199999999999982e+01 5.320397853851318359e+01 1.600000000000000000e+01 8.500000000000000000e+01
1.605600000000000094e+01 5.320397853851318359e+01 1.700000000000000000e+01 8.400000000000000000e+01
1.656500000000000128e+01 5.320397853851318359e+01 1.800000000000000000e+01 1.070000000000000000e+02
1.652900000000000347e+01 5.320397853851318359e+01 1.900000000000000000e+01 9.400000000000000000e+01
1.717300000000000182e+01 5.320397853851318359e+01 2.000000000000000000e+01 1.010000000000000000e+02
1.764100000000000179e+01 5.320397853851318359e+01 2.100000000000000000e+01 1.230000000000000000e+02
1.764100000000000179e+01 5.320397853851318359e+01 2.200000000000000000e+01 1.120000000000000000e+02
1.819100000000000605e+01 5.320397853851318359e+01 2.300000000000000000e+01 1.440000000000000000e+02
1.838400000000001100e+01 5.320397853851318359e+01 2.400000000000000000e+01 1.340000000000000000e+02
1.943200000000001282e+01 5.320397853851318359e+01 2.500000000000000000e+01 1.650000000000000000e+02
1.982900000000001128e+01 5.320397853851318359e+01 2.600000000000000000e+01 1.310000000000000000e+02
2.009800000000000963e+01 5.320397853851318359e+01 2.700000000000000000e+01 1.410000000000000000e+02
2.030000000000000782e+01 5.320397853851318359e+01 2.800000000000000000e+01 1.710000000000000000e+02
2.085100000000000620e+01 5.320397853851318359e+01 2.900000000000000000e+01 1.710000000000000000e+02
2.145100000000000762e+01 5.320397853851318359e+01 3.000000000000000000e+01 2.010000000000000000e+02
2.170100000000000762e+01 5.320397853851318359e+01 3.100000000000000000e+01 1.740000000000000000e+02
2.225800000000000622e+01 5.320397853851318359e+01 3.200000000000000000e+01 2.240000000000000000e+02
2.256500000000000838e+01 5.320397853851318359e+01 3.300000000000000000e+01 1.900000000000000000e+02
2.273900000000001143e+01 5.320397853851318359e+01 3.400000000000000000e+01 2.370000000000000000e+02
2.295600000000001373e+01 5.320397853851318359e+01 3.500000000000000000e+01 2.980000000000000000e+02
2.360400000000002052e+01 5.320397853851318359e+01 3.600000000000000000e+01 2.930000000000000000e+02
2.409000000000002473e+01 5.320397853851318359e+01 3.700000000000000000e+01 3.480000000000000000e+02
2.466100000000002623e+01 5.320397853851318359e+01 3.800000000000000000e+01 2.080000000000000000e+02
2.466100000000002623e+01 5.320397853851318359e+01 3.900000000000000000e+01 2.650000000000000000e+02
2.517900000000001626e+01 5.320397853851318359e+01 4.000000000000000000e+01 3.760000000000000000e+02
2.532800000000001006e+01 5.320397853851318359e+01 4.100000000000000000e+01 3.330000000000000000e+02
2.595500000000000895e+01 5.320397853851318359e+01 4.200000000000000000e+01 3.500000000000000000e+02
2.678600000000000847e+01 5.320397853851318359e+01 4.300000000000000000e+01 3.290000000000000000e+02
2.686700000000000799e+01 5.320397853851318359e+01 4.400000000000000000e+01 2.890000000000000000e+02
2.797100000000002851e+01 5.320397853851318359e+01 4.500000000000000000e+01 3.870000000000000000e+02
2.799600000000003064e+01 5.320397853851318359e+01 4.600000000000000000e+01 4.780000000000000000e+02
2.878700000000003456e+01 5.320397853851318359e+01 4.700000000000000000e+01 5.850000000000000000e+02
2.848300000000003251e+01 5.320397853851318359e+01 4.800000000000000000e+01 6.260000000000000000e+02
2.929500000000004079e+01 5.320397853851318359e+01 4.900000000000000000e+01 5.150000000000000000e+02
2.984100000000003305e+01 5.320397853851318359e+01 5.000000000000000000e+01 5.830000000000000000e+02
3.056600000000004513e+01 5.320397853851318359e+01 5.100000000000000000e+01 6.210000000000000000e+02
3.101600000000004087e+01 5.320397853851318359e+01 5.200000000000000000e+01 6.280000000000000000e+02
3.167300000000003735e+01 5.320397853851318359e+01 5.300000000000000000e+01 5.990000000000000000e+02
3.212700000000005218e+01 5.320397853851318359e+01 5.400000000000000000e+01 7.650000000000000000e+02
3.337400000000003786e+01 5.320397853851318359e+01 5.500000000000000000e+01 7.680000000000000000e+02
3.397000000000008413e+01 5.320397853851318359e+01 5.600000000000000000e+01 6.790000000000000000e+02
3.470800000000007657e+01 5.320397853851318359e+01 5.700000000000000000e+01 7.850000000000000000e+02
3.485200000000012466e+01 5.320397853851318359e+01 5.800000000000000000e+01 9.750000000000000000e+02
3.581200000000008288e+01 5.320397853851318359e+01 5.900000000000000000e+01 1.029000000000000000e+03
3.637200000000016331e+01 5.320397853851318359e+01 6.000000000000000000e+01 9.520000000000000000e+02
3.705100000000014404e+01 5.320397853851318359e+01 6.100000000000000000e+01 1.292000000000000000e+03
3.759800000000019793e+01 5.320397853851318359e+01 6.200000000000000000e+01 8.940000000000000000e+02
3.819100000000022987e+01 5.320397853851318359e+01 6.300000000000000000e+01 9.070000000000000000e+02
4.081100000000034100e+01 5.320397853851318359e+01 6.400000000000000000e+01 1.251000000000000000e+03
4.158100000000036545e+01 5.320397853851318359e+01 6.500000000000000000e+01 1.814000000000000000e+03
4.249300000000040711e+01 5.320397853851318359e+01 6.600000000000000000e+01 1.042000000000000000e+03
4.296600000000043451e+01 5.320397853851318359e+01 6.700000000000000000e+01 1.788000000000000000e+03
4.581900000000053552e+01 5.320397853851318359e+01 6.800000000000000000e+01 1.297000000000000000e+03
4.699500000000058719e+01 5.320397853851318359e+01 6.900000000000000000e+01 9.570000000000000000e+02
5.019900000000070861e+01 5.320397853851318359e+01 7.000000000000000000e+01 9.880000000000000000e+02
5.131300000000074846e+01 5.320397853851318359e+01 7.100000000000000000e+01 1.308000000000000000e+03
5.322700000000082809e+01 5.320397853851318359e+01 7.200000000000000000e+01 7.330000000000000000e+02
5.320397853851318359e+01 5.320397853851318359e+01 0.000000000000000000e+00 0.000000000000000000e+00
5.320397853851318359e+01 5.320397853851318359e+01 0.000000000000000000e+00 0.000000000000000000e+00
0.000000000000000000e+00 0.000000000000000000e+00 0.000000000000000000e+00 0.000000000000000000e+00
0.000000000000000000e+00 0.000000000000000000e+00 0.000000000000000000e+00 0.000000000000000000e+00
0.000000000000000000e+00 0.000000000000000000e+00 0.000000000000000000e+00 0.000000000000000000e+00
0.000000000000000000e+00 0.000000000000000000e+00 0.000000000000000000e+00 0.000000000000000000e+00
0.000000000000000000e+00 0.000000000000000000e+00 0.000000000000000000e+00 0.000000000000000000e+00
0.000000000000000000e+00 0.000000000000000000e+00 0.000000000000000000e+00 0.000000000000000000e+00
0.000000000000000000e+00 0.000000000000000000e+00 0.000000000000000000e+00 0.000000000000000000e+00
0.000000000000000000e+00 0.000000000000000000e+00 0.000000000000000000e+00 0.000000000000000000e+00
0.000000000000000000e+00 0.000000000000000000e+00 0.000000000000000000e+00 0.000000000000000000e+00
0.000000000000000000e+00 0.000000000000000000e+00 0.000000000000000000e+00 0.000000000000000000e+00
0.000000000000000000e+00 0.000000000000000000e+00 0.000000000000000000e+00 0.000000000000000000e+00
0.000000000000000000e+00 0.000000000000000000e+00 0.000000000000000000e+00 0.000000000000000000e+00
0.000000000000000000e+00 0.000000000000000000e+00 0.000000000000000000e+00 0.000000000000000000e+00
0.000000000000000000e+00 0.000000000000000000e+00 0.000000000000000000e+00 0.000000000000000000e+00
0.000000000000000000e+00 0.000000000000000000e+00 0.000000000000000000e+00 0.000000000000000000e+00
0.000000000000000000e+00 0.000000000000000000e+00 0.000000000000000000e+00 0.000000000000000000e+00
0.000000000000000000e+00 0.000000000000000000e+00 0.000000000000000000e+00 0.000000000000000000e+00
0.000000000000000000e+00 0.000000000000000000e+00 0.000000000000000000e+00 0.000000000000000000e+00
0.000000000000000000e+00 0.000000000000000000e+00 0.000000000000000000e+00 0.000000000000000000e+00
0.000000000000000000e+00 0.000000000000000000e+00 0.000000000000000000e+00 0.000000000000000000e+00
0.000000000000000000e+00 0.000000000000000000e+00 0.000000000000000000e+00 0.000000000000000000e+00
0.000000000000000000e+00 0.000000000000000000e+00 0.000000000000000000e+00 0.000000000000000000e+00
0.000000000000000000e+00 0.000000000000000000e+00 0.000000000000000000e+00 0.000000000000000000e+00
0.000000000000000000e+00 0.000000000000000000e+00 0.000000000000000000e+00 0.000000000000000000e+00
0.000000000000000000e+00 0.000000000000000000e+00 0.000000000000000000e+00 0.000000000000000000e+00
0.000000000000000000e+00 0.000000000000000000e+00 0.000000000000000000e+00 0.000000000000000000e+00
0.000000000000000000e+00 0.000000000000000000e+00 0.000000000000000000e+00 0.000000000000000000e+00
0.000000000000000000e+00 0.000000000000000000e+00 0.000000000000000000e+00 0.000000000000000000e+00
0.000000000000000000e+00 0.000000000000000000e+00 0.000000000000000000e+00 0.000000000000000000e+00
0.000000000000000000e+00 0.000000000000000000e+00 0.000000000000000000e+00 0.000000000000000000e+00
0.000000000000000000e+00 0.000000000000000000e+00 0.000000000000000000e+00 0.000000000000000000e+00
0.000000000000000000e+00 0.000000000000000000e+00 0.000000000000000000e+00 0.000000000000000000e+00
0.000000000000000000e+00 0.000000000000000000e+00 0.000000000000000000e+00 0.000000000000000000e+00
0.000000000000000000e+00 0.000000000000000000e+00 0.000000000000000000e+00 0.000000000000000000e+00
0.000000000000000000e+00 0.000000000000000000e+00 0.000000000000000000e+00 0.000000000000000000e+00
0.000000000000000000e+00 0.000000000000000000e+00 0.000000000000000000e+00 0.000000000000000000e+00
0.000000000000000000e+00 0.000000000000000000e+00 0.000000000000000000e+00 0.000000000000000000e+00
0.000000000000000000e+00 0.000000000000000000e+00 0.000000000000000000e+00 0.000000000000000000e+00
0.000000000000000000e+00 0.000000000000000000e+00 0.000000000000000000e+00 0.000000000000000000e+00
0.000000000000000000e+00 0.000000000000000000e+00 0.000000000000000000e+00 0.000000000000000000e+00
0.000000000000000000e+00 0.000000000000000000e+00 0.000000000000000000e+00 0.000000000000000000e+00
0.000000000000000000e+00 0.000000000000000000e+00 0.000000000000000000e+00 0.000000000000000000e+00
0.000000000000000000e+00 0.000000000000000000e+00 0.000000000000000000e+00 0.000000000000000000e+00
0.000000000000000000e+00 0.000000000000000000e+00 0.000000000000000000e+00 0.000000000000000000e+00
0.000000000000000000e+00 0.000000000000000000e+00 0.000000000000000000e+00 0.000000000000000000e+00
0.000000000000000000e+00 0.000000000000000000e+00 0.000000000000000000e+00 0.000000000000000000e+00
0.000000000000000000e+00 0.000000000000000000e+00 0.000000000000000000e+00 0.000000000000000000e+00
0.000000000000000000e+00 0.000000000000000000e+00 0.000000000000000000e+00 0.000000000000000000e+00
0.000000000000000000e+00 0.000000000000000000e+00 0.000000000000000000e+00 0.000000000000000000e+00
0.000000000000000000e+00 0.000000000000000000e+00 0.000000000000000000e+00 0.000000000000000000e+00
0.000000000000000000e+00 0.000000000000000000e+00 0.000000000000000000e+00 0.000000000000000000e+00
0.000000000000000000e+00 0.000000000000000000e+00 0.000000000000000000e+00 0.000000000000000000e+00
0.000000000000000000e+00 0.000000000000000000e+00 0.000000000000000000e+00 0.000000000000000000e+00
0.000000000000000000e+00 0.000000000000000000e+00 0.000000000000000000e+00 0.000000000000000000e+00
0.000000000000000000e+00 0.000000000000000000e+00 0.000000000000000000e+00 0.000000000000000000e+00
0.000000000000000000e+00 0.000000000000000000e+00 0.000000000000000000e+00 0.000000000000000000e+00
0.000000000000000000e+00 0.000000000000000000e+00 0.000000000000000000e+00 0.000000000000000000e+00
0.000000000000000000e+00 0.000000000000000000e+00 0.000000000000000000e+00 0.000000000000000000e+00
0.000000000000000000e+00 0.000000000000000000e+00 0.000000000000000000e+00 0.000000000000000000e+00
0.000000000000000000e+00 0.000000000000000000e+00 0.000000000000000000e+00 0.000000000000000000e+00
0.000000000000000000e+00 0.000000000000000000e+00 0.000000000000000000e+00 0.000000000000000000e+00
0.000000000000000000e+00 0.000000000000000000e+00 0.000000000000000000e+00 0.000000000000000000e+00
0.000000000000000000e+00 0.000000000000000000e+00 0.000000000000000000e+00 0.000000000000000000e+00
0.000000000000000000e+00 0.000000000000000000e+00 0.000000000000000000e+00 0.000000000000000000e+00
0.000000000000000000e+00 0.000000000000000000e+00 0.000000000000000000e+00 0.000000000000000000e+00
0.000000000000000000e+00 0.000000000000000000e+00 0.000000000000000000e+00 0.000000000000000000e+00
0.000000000000000000e+00 0.000000000000000000e+00 0.000000000000000000e+00 0.000000000000000000e+00
0.000000000000000000e+00 0.000000000000000000e+00 0.000000000000000000e+00 0.000000000000000000e+00
0.000000000000000000e+00 0.000000000000000000e+00 0.000000000000000000e+00 0.000000000000000000e+00
0.000000000000000000e+00 0.000000000000000000e+00 0.000000000000000000e+00 0.000000000000000000e+00
0.000000000000000000e+00 0.000000000000000000e+00 0.000000000000000000e+00 0.000000000000000000e+00
0.000000000000000000e+00 0.000000000000000000e+00 0.000000000000000000e+00 0.000000000000000000e+00
0.000000000000000000e+00 0.000000000000000000e+00 0.000000000000000000e+00 0.000000000000000000e+00
0.000000000000000000e+00 0.000000000000000000e+00 0.000000000000000000e+00 0.000000000000000000e+00
0.000000000000000000e+00 0.000000000000000000e+00 0.000000000000000000e+00 0.000000000000000000e+00
3.938000000000000167e+00 5.172506976127624512e+01 0.000000000000000000e+00 8.000000000000000000e+00
4.932000000000001272e+00 5.172506976127624512e+01 1.000000000000000000e+00 1.400000000000000000e+01
5.519000000000001016e+00 5.172506976127624512e+01 2.000000000000000000e+00 6.000000000000000000e+00
7.410000000000001918e+00 5.172506976127624512e+01 3.000000000000000000e+00 1.900000000000000000e+01
7.964000000000002188e+00 5.172506976127624512e+01 4.000000000000000000e+00 2.800000000000000000e+01
8.144000000000001904e+00 5.172506976127624512e+01 5.000000000000000000e+00 4.300000000000000000e+01
8.681000000000002714e+00 5.172506976127624512e+01 6.000000000000000000e+00 2.400000000000000000e+01
9.198000000000003951e+00 5.172506976127624512e+01 7.000000000000000000e+00 4.700000000000000000e+01
9.701000000000004064e+00 5.172506976127624512e+01 8.000000000000000000e+00 3.100000000000000000e+01
1.035100000000000442e+01 5.172506976127624512e+01 9.000000000000000000e+00 4.700000000000000000e+01
1.082500000000000462e+01 5.172506976127624512e+01 1.000000000000000000e+01 6.000000000000000000e+01
1.144000000000000661e+01 5.172506976127624512e+01 1.100000000000000000e+01 4.600000000000000000e+01
1.190200000000000635e+01 5.172506976127624512e+01 1.200000000000000000e+01 2.800000000000000000e+01
1.229400000000000759e+01 5.172506976127624512e+01 1.300000000000000000e+01 4.900000000000000000e+01
1.305600000000000627e+01 5.172506976127624512e+01 1.400000000000000000e+01 6.500000000000000000e+01
1.333400000000000674e+01 5.172506976127624512e+01 1.500000000000000000e+01 6.000000000000000000e+01
1.373700000000000543e+01 5.172506976127624512e+01 1.600000000000000000e+01 5.000000000000000000e+01
1.425800000000000445e+01 5.172506976127624512e+01 1.700000000000000000e+01 9.000000000000000000e+01
1.451300000000000523e+01 5.172506976127624512e+01 1.800000000000000000e+01 6.900000000000000000e+01
1.531600000000000428e+01 5.172506976127624512e+01 1.900000000000000000e+01 8.800000000000000000e+01
1.585000000000000497e+01 5.172506976127624512e+01 2.000000000000000000e+01 9.900000000000000000e+01
1.643000000000000327e+01 5.172506976127624512e+01 2.100000000000000000e+01 1.060000000000000000e+02
1.687900000000000134e+01 5.172506976127624512e+01 2.200000000000000000e+01 8.600000000000000000e+01
1.709800000000000253e+01 5.172506976127624512e+01 2.300000000000000000e+01 1.380000000000000000e+02
1.741500000000000270e+01 5.172506976127624512e+01 2.400000000000000000e+01 1.440000000000000000e+02
1.873499999999999943e+01 5.172506976127624512e+01 2.500000000000000000e+01 2.110000000000000000e+02
1.922899999999999565e+01 5.172506976127624512e+01 2.600000000000000000e+01 1.740000000000000000e+02
1.960899999999999821e+01 5.172506976127624512e+01 2.700000000000000000e+01 2.130000000000000000e+02
1.988599999999999923e+01 5.172506976127624512e+01 2.800000000000000000e+01 1.930000000000000000e+02
2.024299999999999855e+01 5.172506976127624512e+01 2.900000000000000000e+01 1.760000000000000000e+02
2.029299999999999926e+01 5.172506976127624512e+01 3.000000000000000000e+01 2.310000000000000000e+02
2.108399999999999963e+01 5.172506976127624512e+01 3.100000000000000000e+01 2.410000000000000000e+02
2.130300000000000082e+01 5.172506976127624512e+01 3.200000000000000000e+01 2.530000000000000000e+02
2.153300000000000480e+01 5.172506976127624512e+01 3.300000000000000000e+01 2.080000000000000000e+02
2.214900000000000801e+01 5.172506976127624512e+01 3.400000000000000000e+01 2.840000000000000000e+02
2.237100000000000932e+01 5.172506976127624512e+01 3.500000000000000000e+01 2.270000000000000000e+02
2.277800000000001290e+01 5.172506976127624512e+01 3.600000000000000000e+01 2.930000000000000000e+02
2.314000000000001833e+01 5.172506976127624512e+01 3.700000000000000000e+01 2.090000000000000000e+02
2.341300000000001802e+01 5.172506976127624512e+01 3.800000000000000000e+01 2.730000000000000000e+02
2.396700000000001651e+01 5.172506976127624512e+01 3.900000000000000000e+01 3.500000000000000000e+02
2.459500000000000597e+01 5.172506976127624512e+01 4.000000000000000000e+01 2.640000000000000000e+02
2.461800000000000566e+01 5.172506976127624512e+01 4.100000000000000000e+01 2.930000000000000000e+02
2.517100000000000293e+01 5.172506976127624512e+01 4.200000000000000000e+01 3.360000000000000000e+02
2.561599999999999966e+01 5.172506976127624512e+01 4.300000000000000000e+01 2.890000000000000000e+02
2.596600000000000108e+01 5.172506976127624512e+01 4.400000000000000000e+01 3.210000000000000000e+02
2.615200000000000458e+01 5.172506976127624512e+01 4.500000000000000000e+01 4.500000000000000000e+02
2.681400000000000361e+01 5.172506976127624512e+01 4.600000000000000000e+01 4.550000000000000000e+02
2.726400000000000645e+01 5.172506976127624512e+01 4.700000000000000000e+01 3.290000000000000000e+02
2.761500000000000909e+01 5.172506976127624512e+01 4.800000000000000000e+01 4.540000000000000000e+02
2.830400000000001981e+01 5.172506976127624512e+01 4.900000000000000000e+01 3.790000000000000000e+02
2.881000000000001293e+01 5.172506976127624512e+01 5.000000000000000000e+01 3.750000000000000000e+02
2.916600000000002169e+01 5.172506976127624512e+01 5.100000000000000000e+01 4.400000000000000000e+02
2.974200000000001864e+01 5.172506976127624512e+01 5.200000000000000000e+01 5.780000000000000000e+02
3.027500000000000568e+01 5.172506976127624512e+01 5.300000000000000000e+01 5.410000000000000000e+02
3.072900000000001342e+01 5.172506976127624512e+01 5.400000000000000000e+01 6.170000000000000000e+02
3.126099999999999568e+01 5.172506976127624512e+01 5.500000000000000000e+01 6.520000000000000000e+02
3.171600000000001529e+01 5.172506976127624512e+01 5.600000000000000000e+01 5.130000000000000000e+02
3.359199999999998454e+01 5.172506976127624512e+01 5.700000000000000000e+01 9.130000000000000000e+02
3.433700000000007435e+01 5.172506976127624512e+01 5.800000000000000000e+01 8.200000000000000000e+02
3.524900000000004496e+01 5.172506976127624512e+01 5.900000000000000000e+01 1.182000000000000000e+03
3.589400000000011204e+01 5.172506976127624512e+01 6.000000000000000000e+01 9.090000000000000000e+02
3.662400000000010181e+01 5.172506976127624512e+01 6.100000000000000000e+01 7.990000000000000000e+02
3.760800000000018173e+01 5.172506976127624512e+01 6.200000000000000000e+01 1.336000000000000000e+03
4.043300000000031957e+01 5.172506976127624512e+01 6.300000000000000000e+01 1.719000000000000000e+03
4.096300000000034913e+01 5.172506976127624512e+01 6.400000000000000000e+01 1.870000000000000000e+03
4.180400000000037863e+01 5.172506976127624512e+01 6.500000000000000000e+01 1.211000000000000000e+03
4.335500000000043741e+01 5.172506976127624512e+01 6.600000000000000000e+01 2.506000000000000000e+03
4.407600000000046947e+01 5.172506976127624512e+01 6.700000000000000000e+01 1.366000000000000000e+03
4.499600000000051381e+01 5.172506976127624512e+01 6.800000000000000000e+01 1.696000000000000000e+03
4.611200000000056320e+01 5.172506976127624512e+01 6.900000000000000000e+01 1.141000000000000000e+03
4.827800000000063108e+01 5.172506976127624512e+01 7.000000000000000000e+01 1.187000000000000000e+03
4.931100000000066785e+01 5.172506976127624512e+01 7.100000000000000000e+01 1.024000000000000000e+03
5.160000000000074749e+01 5.172506976127624512e+01 7.200000000000000000e+01 8.170000000000000000e+02
5.172506976127624512e+01 5.172506976127624512e+01 0.000000000000000000e+00 0.000000000000000000e+00
5.172506976127624512e+01 5.172506976127624512e+01 0.000000000000000000e+00 0.000000000000000000e+00
3.952999999999999847e+00 5.262052464485168457e+01 0.000000000000000000e+00 0.000000000000000000e+00
5.173999999999999488e+00 5.262052464485168457e+01 1.000000000000000000e+00 6.000000000000000000e+00
5.972999999999999865e+00 5.262052464485168457e+01 2.000000000000000000e+00 1.400000000000000000e+01
6.924999999999999822e+00 5.262052464485168457e+01 3.000000000000000000e+00 1.300000000000000000e+01
8.041999999999999815e+00 5.262052464485168457e+01 4.000000000000000000e+00 1.500000000000000000e+01
8.227000000000000313e+00 5.262052464485168457e+01 5.000000000000000000e+00 3.400000000000000000e+01
8.208000000000000185e+00 5.262052464485168457e+01 6.000000000000000000e+00 2.200000000000000000e+01
9.094000000000001194e+00 5.262052464485168457e+01 7.000000000000000000e+00 3.400000000000000000e+01
9.762999999999999901e+00 5.262052464485168457e+01 8.000000000000000000e+00 3.400000000000000000e+01
9.929999999999999716e+00 5.262052464485168457e+01 9.000000000000000000e+00 2.900000000000000000e+01
1.057200000000000095e+01 5.262052464485168457e+01 1.000000000000000000e+01 3.700000000000000000e+01
1.072000000000000242e+01 5.262052464485168457e+01 1.100000000000000000e+01 5.700000000000000000e+01
1.148700000000000188e+01 5.262052464485168457e+01 1.200000000000000000e+01 3.000000000000000000e+01
1.250800000000000090e+01 5.262052464485168457e+01 1.300000000000000000e+01 6.000000000000000000e+01
1.322400000000000020e+01 5.262052464485168457e+01 1.400000000000000000e+01 5.100000000000000000e+01
1.331700000000000017e+01 5.262052464485168457e+01 1.500000000000000000e+01 6.000000000000000000e+01
1.403900000000000148e+01 5.262052464485168457e+01 1.600000000000000000e+01 7.400000000000000000e+01
1.456200000000000294e+01 5.262052464485168457e+01 1.700000000000000000e+01 9.200000000000000000e+01
1.456200000000000294e+01 5.262052464485168457e+01 1.800000000000000000e+01 8.100000000000000000e+01
1.501500000000000057e+01 5.262052464485168457e+01 1.900000000000000000e+01 9.300000000000000000e+01
1.538900000000000112e+01 5.262052464485168457e+01 2.000000000000000000e+01 1.220000000000000000e+02
1.589400000000000190e+01 5.262052464485168457e+01 2.100000000000000000e+01 6.900000000000000000e+01
1.646199999999999619e+01 5.262052464485168457e+01 2.200000000000000000e+01 1.000000000000000000e+02
1.657399999999999451e+01 5.262052464485168457e+01 2.300000000000000000e+01 1.260000000000000000e+02
1.710599999999999810e+01 5.262052464485168457e+01 2.400000000000000000e+01 1.430000000000000000e+02
1.791999999999999460e+01 5.262052464485168457e+01 2.500000000000000000e+01 1.440000000000000000e+02
1.802199999999999491e+01 5.262052464485168457e+01 2.600000000000000000e+01 9.900000000000000000e+01
1.859499999999999176e+01 5.262052464485168457e+01 2.700000000000000000e+01 1.860000000000000000e+02
1.878199999999999292e+01 5.262052464485168457e+01 2.800000000000000000e+01 1.470000000000000000e+02
1.913499999999999446e+01 5.262052464485168457e+01 2.900000000000000000e+01 1.260000000000000000e+02
1.927299999999999258e+01 5.262052464485168457e+01 3.000000000000000000e+01 1.310000000000000000e+02
1.998999999999999133e+01 5.262052464485168457e+01 3.100000000000000000e+01 1.700000000000000000e+02
2.040499999999999048e+01 5.262052464485168457e+01 3.200000000000000000e+01 1.870000000000000000e+02
2.093499999999999162e+01 5.262052464485168457e+01 3.300000000000000000e+01 1.670000000000000000e+02
2.137799999999999656e+01 5.262052464485168457e+01 3.400000000000000000e+01 1.810000000000000000e+02
2.180499999999999972e+01 5.262052464485168457e+01 3.500000000000000000e+01 2.120000000000000000e+02
2.255500000000001037e+01 5.262052464485168457e+01 3.600000000000000000e+01 1.720000000000000000e+02
2.278700000000002035e+01 5.262052464485168457e+01 3.700000000000000000e+01 2.320000000000000000e+02
2.319000000000002615e+01 5.262052464485168457e+01 3.800000000000000000e+01 2.000000000000000000e+02
2.367800000000002569e+01 5.262052464485168457e+01 3.900000000000000000e+01 2.840000000000000000e+02
2.466800000000000992e+01 5.262052464485168457e+01 4.000000000000000000e+01 2.770000000000000000e+02
2.513300000000000622e+01 5.262052464485168457e+01 4.100000000000000000e+01 2.590000000000000000e+02
2.541800000000000281e+01 5.262052464485168457e+01 4.200000000000000000e+01 3.170000000000000000e+02
2.561900000000000333e+01 5.262052464485168457e+01 4.300000000000000000e+01 3.380000000000000000e+02
2.619100000000000250e+01 5.262052464485168457e+01 4.400000000000000000e+01 4.120000000000000000e+02
2.690500000000001890e+01 5.262052464485168457e+01 4.500000000000000000e+01 4.420000000000000000e+02
2.695300000000002072e+01 5.262052464485168457e+01 4.600000000000000000e+01 3.150000000000000000e+02
2.764600000000002211e+01 5.262052464485168457e+01 4.700000000000000000e+01 4.660000000000000000e+02
2.822700000000003584e+01 5.262052464485168457e+01 4.800000000000000000e+01 4.730000000000000000e+02
2.877700000000004010e+01 5.262052464485168457e+01 4.900000000000000000e+01 4.760000000000000000e+02
2.912400000000003431e+01 5.262052464485168457e+01 5.000000000000000000e+01 4.920000000000000000e+02
2.949500000000004007e+01 5.262052464485168457e+01 5.100000000000000000e+01 5.630000000000000000e+02
3.029800000000003735e+01 5.262052464485168457e+01 5.200000000000000000e+01 6.680000000000000000e+02
3.061200000000003385e+01 5.262052464485168457e+01 5.300000000000000000e+01 6.380000000000000000e+02
3.153600000000004755e+01 5.262052464485168457e+01 5.400000000000000000e+01 6.560000000000000000e+02
3.198000000000003240e+01 5.262052464485168457e+01 5.500000000000000000e+01 5.050000000000000000e+02
3.260400000000008447e+01 5.262052464485168457e+01 5.600000000000000000e+01 9.880000000000000000e+02
3.340900000000006997e+01 5.262052464485168457e+01 5.700000000000000000e+01 7.700000000000000000e+02
3.401000000000013301e+01 5.262052464485168457e+01 5.800000000000000000e+01 7.400000000000000000e+02
3.464700000000012636e+01 5.262052464485168457e+01 5.900000000000000000e+01 9.290000000000000000e+02
3.522400000000019560e+01 5.262052464485168457e+01 6.000000000000000000e+01 9.840000000000000000e+02
3.613600000000025858e+01 5.262052464485168457e+01 6.100000000000000000e+01 9.300000000000000000e+02
3.680200000000031224e+01 5.262052464485168457e+01 6.200000000000000000e+01 8.020000000000000000e+02
3.755800000000034800e+01 5.262052464485168457e+01 6.300000000000000000e+01 1.106000000000000000e+03
3.835100000000040410e+01 5.262052464485168457e+01 6.400000000000000000e+01 9.640000000000000000e+02
4.198500000000053944e+01 5.262052464485168457e+01 6.500000000000000000e+01 1.134000000000000000e+03
4.269800000000056173e+01 5.262052464485168457e+01 6.600000000000000000e+01 1.212000000000000000e+03
4.421100000000062380e+01 5.262052464485168457e+01 6.700000000000000000e+01 2.055000000000000000e+03
4.515800000000065495e+01 5.262052464485168457e+01 6.800000000000000000e+01 1.654000000000000000e+03
4.648900000000071486e+01 5.262052464485168457e+01 6.900000000000000000e+01 2.427000000000000000e+03
4.793000000000075289e+01 5.262052464485168457e+01 7.000000000000000000e+01 8.770000000000000000e+02
5.116900000000087800e+01 5.262052464485168457e+01 7.100000000000000000e+01 1.533000000000000000e+03
5.235100000000092280e+01 5.262052464485168457e+01 7.200000000000000000e+01 1.378000000000000000e+03
5.262052464485168457e+01 5.262052464485168457e+01 0.000000000000000000e+00 0.000000000000000000e+00
5.262052464485168457e+01 5.262052464485168457e+01 0.000000000000000000e+00 0.000000000000000000e+00
4.540999999999999481e+00 4.991844797134399414e+01 0.000000000000000000e+00 2.000000000000000000e+00
5.950000000000000178e+00 4.991844797134399414e+01 1.000000000000000000e+00 1.600000000000000000e+01
6.342999999999999972e+00 4.991844797134399414e+01 2.000000000000000000e+00 1.800000000000000000e+01
7.105999999999999872e+00 4.991844797134399414e+01 3.000000000000000000e+00 2.500000000000000000e+01
7.666999999999999815e+00 4.991844797134399414e+01 4.000000000000000000e+00 2.300000000000000000e+01
9.107000000000002871e+00 4.991844797134399414e+01 5.000000000000000000e+00 2.600000000000000000e+01
9.615000000000001990e+00 4.991844797134399414e+01 6.000000000000000000e+00 3.700000000000000000e+01
1.032900000000000240e+01 4.991844797134399414e+01 7.000000000000000000e+00 3.300000000000000000e+01
1.099900000000000233e+01 4.991844797134399414e+01 8.000000000000000000e+00 7.500000000000000000e+01
1.165400000000000347e+01 4.991844797134399414e+01 9.000000000000000000e+00 4.300000000000000000e+01
1.197500000000000497e+01 4.991844797134399414e+01 1.000000000000000000e+01 5.600000000000000000e+01
1.227400000000000446e+01 4.991844797134399414e+01 1.100000000000000000e+01 7.200000000000000000e+01
1.274400000000000510e+01 4.991844797134399414e+01 1.200000000000000000e+01 5.200000000000000000e+01
1.333000000000000362e+01 4.991844797134399414e+01 1.300000000000000000e+01 5.300000000000000000e+01
1.375900000000000212e+01 4.991844797134399414e+01 1.400000000000000000e+01 4.500000000000000000e+01
1.431300000000000416e+01 4.991844797134399414e+01 1.500000000000000000e+01 1.070000000000000000e+02
1.471900000000000475e+01 4.991844797134399414e+01 1.600000000000000000e+01 7.800000000000000000e+01
1.485400000000000453e+01 4.991844797134399414e+01 1.700000000000000000e+01 7.000000000000000000e+01
1.523300000000000409e+01 4.991844797134399414e+01 1.800000000000000000e+01 1.080000000000000000e+02
1.542600000000000371e+01 4.991844797134399414e+01 1.900000000000000000e+01 7.400000000000000000e+01
1.596000000000000441e+01 4.991844797134399414e+01 2.000000000000000000e+01 5.200000000000000000e+01
1.642300000000000182e+01 4.991844797134399414e+01 2.100000000000000000e+01 8.300000000000000000e+01
1.673500000000000654e+01 4.991844797134399414e+01 2.200000000000000000e+01 1.170000000000000000e+02
1.711700000000000443e+01 4.991844797134399414e+01 2.300000000000000000e+01 9.500000000000000000e+01
1.783200000000000784e+01 4.991844797134399414e+01 2.400000000000000000e+01 1.270000000000000000e+02
1.812400000000000588e+01 4.991844797134399414e+01 2.500000000000000000e+01 1.460000000000000000e+02
1.838400000000001100e+01 4.991844797134399414e+01 2.600000000000000000e+01 1.550000000000000000e+02
1.939300000000000779e+01 4.991844797134399414e+01 2.700000000000000000e+01 1.520000000000000000e+02
1.985100000000000975e+01 4.991844797134399414e+01 2.800000000000000000e+01 1.310000000000000000e+02
2.003000000000001180e+01 4.991844797134399414e+01 2.900000000000000000e+01 1.740000000000000000e+02
2.062800000000001432e+01 4.991844797134399414e+01 3.000000000000000000e+01 2.220000000000000000e+02
2.112500000000001776e+01 4.991844797134399414e+01 3.100000000000000000e+01 1.150000000000000000e+02
2.120200000000001594e+01 4.991844797134399414e+01 3.200000000000000000e+01 1.840000000000000000e+02
2.176200000000001822e+01 4.991844797134399414e+01 3.300000000000000000e+01 2.090000000000000000e+02
2.194100000000002382e+01 4.991844797134399414e+01 3.400000000000000000e+01 1.960000000000000000e+02
2.262500000000002842e+01 4.991844797134399414e+01 3.500000000000000000e+01 1.790000000000000000e+02
2.337200000000003897e+01 4.991844797134399414e+01 3.600000000000000000e+01 1.900000000000000000e+02
2.340700000000003911e+01 4.991844797134399414e+01 3.700000000000000000e+01 2.490000000000000000e+02
2.390100000000004243e+01 4.991844797134399414e+01 3.800000000000000000e+01 2.120000000000000000e+02
2.460500000000003951e+01 4.991844797134399414e+01 3.900000000000000000e+01 2.240000000000000000e+02
2.472200000000003683e+01 4.991844797134399414e+01 4.000000000000000000e+01 1.880000000000000000e+02
2.515900000000003089e+01 4.991844797134399414e+01 4.100000000000000000e+01 3.010000000000000000e+02
2.580200000000002802e+01 4.991844797134399414e+01 4.200000000000000000e+01 1.980000000000000000e+02
2.649800000000002953e+01 4.991844797134399414e+01 4.300000000000000000e+01 2.890000000000000000e+02
2.683100000000003149e+01 4.991844797134399414e+01 4.400000000000000000e+01 3.770000000000000000e+02
2.721300000000003649e+01 4.991844797134399414e+01 4.500000000000000000e+01 4.000000000000000000e+02
2.806700000000003214e+01 4.991844797134399414e+01 4.600000000000000000e+01 3.880000000000000000e+02
2.819700000000003470e+01 4.991844797134399414e+01 4.700000000000000000e+01 3.550000000000000000e+02
2.904500000000005855e+01 4.991844797134399414e+01 4.800000000000000000e+01 5.000000000000000000e+02
3.032300000000005724e+01 4.991844797134399414e+01 4.900000000000000000e+01 5.540000000000000000e+02
3.084400000000005093e+01 4.991844797134399414e+01 5.000000000000000000e+01 4.270000000000000000e+02
3.116800000000005610e+01 4.991844797134399414e+01 5.100000000000000000e+01 4.740000000000000000e+02
3.139200000000005986e+01 4.991844797134399414e+01 5.200000000000000000e+01 6.530000000000000000e+02
3.208600000000005537e+01 4.991844797134399414e+01 5.300000000000000000e+01 7.450000000000000000e+02
3.277700000000008629e+01 4.991844797134399414e+01 5.400000000000000000e+01 6.930000000000000000e+02
3.303900000000008674e+01 4.991844797134399414e+01 5.500000000000000000e+01 6.000000000000000000e+02
3.348200000000011300e+01 4.991844797134399414e+01 5.600000000000000000e+01 8.540000000000000000e+02
3.408100000000010255e+01 4.991844797134399414e+01 5.700000000000000000e+01 6.640000000000000000e+02
3.507800000000020901e+01 4.991844797134399414e+01 5.800000000000000000e+01 9.450000000000000000e+02
3.728700000000009140e+01 4.991844797134399414e+01 5.900000000000000000e+01 8.310000000000000000e+02
3.795400000000014984e+01 4.991844797134399414e+01 6.000000000000000000e+01 9.570000000000000000e+02
3.832700000000012608e+01 4.991844797134399414e+01 6.100000000000000000e+01 9.680000000000000000e+02
3.882700000000016871e+01 4.991844797134399414e+01 6.200000000000000000e+01 1.585000000000000000e+03
4.012500000000023448e+01 4.991844797134399414e+01 6.300000000000000000e+01 1.894000000000000000e+03
4.077700000000026392e+01 4.991844797134399414e+01 6.400000000000000000e+01 1.180000000000000000e+03
4.150000000000028422e+01 4.991844797134399414e+01 6.500000000000000000e+01 1.534000000000000000e+03
4.276400000000033685e+01 4.991844797134399414e+01 6.600000000000000000e+01 1.202000000000000000e+03
4.292200000000033100e+01 4.991844797134399414e+01 6.700000000000000000e+01 1.164000000000000000e+03
4.420300000000038665e+01 4.991844797134399414e+01 6.800000000000000000e+01 1.451000000000000000e+03
4.515900000000042525e+01 4.991844797134399414e+01 6.900000000000000000e+01 1.087000000000000000e+03
4.668400000000049488e+01 4.991844797134399414e+01 7.000000000000000000e+01 9.260000000000000000e+02
4.852400000000055513e+01 4.991844797134399414e+01 7.100000000000000000e+01 7.650000000000000000e+02
4.982100000000060902e+01 4.991844797134399414e+01 7.200000000000000000e+01 9.510000000000000000e+02
4.991844797134399414e+01 4.991844797134399414e+01 0.000000000000000000e+00 0.000000000000000000e+00
4.991844797134399414e+01 4.991844797134399414e+01 0.000000000000000000e+00 0.000000000000000000e+00
5.205000000000000071e+00 5.102107381820678711e+01 0.000000000000000000e+00 1.100000000000000000e+01
6.595000000000000639e+00 5.102107381820678711e+01 1.000000000000000000e+00 1.700000000000000000e+01
6.990000000000000213e+00 5.102107381820678711e+01 2.000000000000000000e+00 1.600000000000000000e+01
7.753000000000000114e+00 5.102107381820678711e+01 3.000000000000000000e+00 2.400000000000000000e+01
7.942000000000000171e+00 5.102107381820678711e+01 4.000000000000000000e+00 1.900000000000000000e+01
9.380000000000000782e+00 5.102107381820678711e+01 5.000000000000000000e+00 2.500000000000000000e+01
1.026000000000000156e+01 5.102107381820678711e+01 6.000000000000000000e+00 4.000000000000000000e+01
1.060700000000000109e+01 5.102107381820678711e+01 7.000000000000000000e+00 5.700000000000000000e+01
1.111200000000000010e+01 5.102107381820678711e+01 8.000000000000000000e+00 5.900000000000000000e+01
1.144200000000000017e+01 5.102107381820678711e+01 9.000000000000000000e+00 5.600000000000000000e+01
1.176000000000000156e+01 5.102107381820678711e+01 1.000000000000000000e+01 6.300000000000000000e+01
1.174300000000000033e+01 5.102107381820678711e+01 1.100000000000000000e+01 4.100000000000000000e+01
1.220600000000000129e+01 5.102107381820678711e+01 1.200000000000000000e+01 7.800000000000000000e+01
1.232700000000000173e+01 5.102107381820678711e+01 1.300000000000000000e+01 5.000000000000000000e+01
1.294899999999999807e+01 5.102107381820678711e+01 1.400000000000000000e+01 6.200000000000000000e+01
1.316299999999999848e+01 5.102107381820678711e+01 1.500000000000000000e+01 7.900000000000000000e+01
1.414599999999999724e+01 5.102107381820678711e+01 1.600000000000000000e+01 5.500000000000000000e+01
1.482899999999999530e+01 5.102107381820678711e+01 1.700000000000000000e+01 1.160000000000000000e+02
1.482899999999999530e+01 5.102107381820678711e+01 1.800000000000000000e+01 1.090000000000000000e+02
1.520499999999999652e+01 5.102107381820678711e+01 1.900000000000000000e+01 1.050000000000000000e+02
1.532699999999999640e+01 5.102107381820678711e+01 2.000000000000000000e+01 5.500000000000000000e+01
1.574499999999999744e+01 5.102107381820678711e+01 2.100000000000000000e+01 7.700000000000000000e+01
1.635999999999999233e+01 5.102107381820678711e+01 2.200000000000000000e+01 1.230000000000000000e+02
1.679799999999999116e+01 5.102107381820678711e+01 2.300000000000000000e+01 1.400000000000000000e+02
1.690599999999999170e+01 5.102107381820678711e+01 2.400000000000000000e+01 1.110000000000000000e+02
1.741399999999999082e+01 5.102107381820678711e+01 2.500000000000000000e+01 1.140000000000000000e+02
1.751599999999999113e+01 5.102107381820678711e+01 2.600000000000000000e+01 2.080000000000000000e+02
1.799199999999999022e+01 5.102107381820678711e+01 2.700000000000000000e+01 1.830000000000000000e+02
1.825799999999999201e+01 5.102107381820678711e+01 2.800000000000000000e+01 1.490000000000000000e+02
1.880499999999999261e+01 5.102107381820678711e+01 2.900000000000000000e+01 1.590000000000000000e+02
1.914899999999999380e+01 5.102107381820678711e+01 3.000000000000000000e+01 2.410000000000000000e+02
1.948199999999998866e+01 5.102107381820678711e+01 3.100000000000000000e+01 2.730000000000000000e+02
2.026699999999998525e+01 5.102107381820678711e+01 3.200000000000000000e+01 2.410000000000000000e+02
2.074899999999998812e+01 5.102107381820678711e+01 3.300000000000000000e+01 1.690000000000000000e+02
2.101499999999998991e+01 5.102107381820678711e+01 3.400000000000000000e+01 1.490000000000000000e+02
2.140099999999999980e+01 5.102107381820678711e+01 3.500000000000000000e+01 2.120000000000000000e+02
2.196100000000000207e+01 5.102107381820678711e+01 3.600000000000000000e+01 2.580000000000000000e+02
2.225000000000000711e+01 5.102107381820678711e+01 3.700000000000000000e+01 2.860000000000000000e+02
2.275700000000000855e+01 5.102107381820678711e+01 3.800000000000000000e+01 3.330000000000000000e+02
2.310800000000000409e+01 5.102107381820678711e+01 3.900000000000000000e+01 3.000000000000000000e+02
2.366900000000000048e+01 5.102107381820678711e+01 4.000000000000000000e+01 3.140000000000000000e+02
2.402799999999999514e+01 5.102107381820678711e+01 4.100000000000000000e+01 3.220000000000000000e+02
2.430199999999999605e+01 5.102107381820678711e+01 4.200000000000000000e+01 3.700000000000000000e+02
2.479799999999999827e+01 5.102107381820678711e+01 4.300000000000000000e+01 4.260000000000000000e+02
2.576399999999998158e+01 5.102107381820678711e+01 4.400000000000000000e+01 4.510000000000000000e+02
2.657899999999999352e+01 5.102107381820678711e+01 4.500000000000000000e+01 3.870000000000000000e+02
2.707799999999999230e+01 5.102107381820678711e+01 4.600000000000000000e+01 4.540000000000000000e+02
2.740899999999999537e+01 5.102107381820678711e+01 4.700000000000000000e+01 4.790000000000000000e+02
2.841700000000002646e+01 5.102107381820678711e+01 4.800000000000000000e+01 6.780000000000000000e+02
2.978900000000002990e+01 5.102107381820678711e+01 4.900000000000000000e+01 5.970000000000000000e+02
3.034000000000002828e+01 5.102107381820678711e+01 5.000000000000000000e+01 6.180000000000000000e+02
3.064800000000003166e+01 5.102107381820678711e+01 5.100000000000000000e+01 5.990000000000000000e+02
3.136100000000002552e+01 5.102107381820678711e+01 5.200000000000000000e+01 8.490000000000000000e+02
3.186800000000001631e+01 5.102107381820678711e+01 5.300000000000000000e+01 7.330000000000000000e+02
3.257200000000004536e+01 5.102107381820678711e+01 5.400000000000000000e+01 7.510000000000000000e+02
3.305500000000004235e+01 5.102107381820678711e+01 5.500000000000000000e+01 7.140000000000000000e+02
3.370500000000009777e+01 5.102107381820678711e+01 5.600000000000000000e+01 9.750000000000000000e+02
3.448500000000007049e+01 5.102107381820678711e+01 5.700000000000000000e+01 8.670000000000000000e+02
3.507400000000014728e+01 5.102107381820678711e+01 5.800000000000000000e+01 9.980000000000000000e+02
3.625200000000011613e+01 5.102107381820678711e+01 5.900000000000000000e+01 8.390000000000000000e+02
3.661400000000016064e+01 5.102107381820678711e+01 6.000000000000000000e+01 1.053000000000000000e+03
3.734500000000019071e+01 5.102107381820678711e+01 6.100000000000000000e+01 1.175000000000000000e+03
3.815500000000025693e+01 5.102107381820678711e+01 6.200000000000000000e+01 9.010000000000000000e+02
4.015100000000036573e+01 5.102107381820678711e+01 6.300000000000000000e+01 1.415000000000000000e+03
4.059100000000038477e+01 5.102107381820678711e+01 6.400000000000000000e+01 1.080000000000000000e+03
4.118800000000040740e+01 5.102107381820678711e+01 6.500000000000000000e+01 1.391000000000000000e+03
4.312500000000048317e+01 5.102107381820678711e+01 6.600000000000000000e+01 9.650000000000000000e+02
4.415900000000051762e+01 5.102107381820678711e+01 6.700000000000000000e+01 2.086000000000000000e+03
4.559700000000057685e+01 5.102107381820678711e+01 6.800000000000000000e+01 1.571000000000000000e+03
4.670200000000061635e+01 5.102107381820678711e+01 6.900000000000000000e+01 1.056000000000000000e+03
4.891300000000070014e+01 5.102107381820678711e+01 7.000000000000000000e+01 8.770000000000000000e+02
4.995600000000074203e+01 5.102107381820678711e+01 7.100000000000000000e+01 1.672000000000000000e+03
5.098300000000077858e+01 5.102107381820678711e+01 7.200000000000000000e+01 1.346000000000000000e+03
5.102107381820678711e+01 5.102107381820678711e+01 0.000000000000000000e+00 0.000000000000000000e+00
5.102107381820678711e+01 5.102107381820678711e+01 0.000000000000000000e+00 0.000000000000000000e+00
3.737000000000000099e+00 5.501839208602905273e+01 0.000000000000000000e+00 0.000000000000000000e+00
5.730000000000001315e+00 5.501839208602905273e+01 1.000000000000000000e+00 2.000000000000000000e+01
6.892000000000000348e+00 5.501839208602905273e+01 2.000000000000000000e+00 8.000000000000000000e+00
9.723000000000002530e+00 5.501839208602905273e+01 3.000000000000000000e+00 3.000000000000000000e+01
1.046500000000000341e+01 5.501839208602905273e+01 4.000000000000000000e+00 4.500000000000000000e+01
1.082900000000000240e+01 5.501839208602905273e+01 5.000000000000000000e+00 9.600000000000000000e+01
1.135800000000000232e+01 5.501839208602905273e+01 6.000000000000000000e+00 4.900000000000000000e+01
1.153300000000000303e+01 5.501839208602905273e+01 7.000000000000000000e+00 4.700000000000000000e+01
1.203600000000000314e+01 5.501839208602905273e+01 8.000000000000000000e+00 5.000000000000000000e+01
1.236400000000000254e+01 5.501839208602905273e+01 9.000000000000000000e+00 3.700000000000000000e+01
1.284300000000000175e+01 5.501839208602905273e+01 1.000000000000000000e+01 5.000000000000000000e+01
1.315400000000000169e+01 5.501839208602905273e+01 1.100000000000000000e+01 4.900000000000000000e+01
1.375600000000000200e+01 5.501839208602905273e+01 1.200000000000000000e+01 6.600000000000000000e+01
1.434100000000000108e+01 5.501839208602905273e+01 1.300000000000000000e+01 5.800000000000000000e+01
1.448600000000000065e+01 5.501839208602905273e+01 1.400000000000000000e+01 8.500000000000000000e+01
1.490000000000000213e+01 5.501839208602905273e+01 1.500000000000000000e+01 7.800000000000000000e+01
1.530500000000000327e+01 5.501839208602905273e+01 1.600000000000000000e+01 1.150000000000000000e+02
1.582800000000000296e+01 5.501839208602905273e+01 1.700000000000000000e+01 9.500000000000000000e+01
1.633500000000000441e+01 5.501839208602905273e+01 1.800000000000000000e+01 9.900000000000000000e+01
1.658200000000000429e+01 5.501839208602905273e+01 1.900000000000000000e+01 1.060000000000000000e+02
1.678099999999999881e+01 5.501839208602905273e+01 2.000000000000000000e+01 1.530000000000000000e+02
1.733699999999999974e+01 5.501839208602905273e+01 2.100000000000000000e+01 1.430000000000000000e+02
1.809099999999999397e+01 5.501839208602905273e+01 2.200000000000000000e+01 1.170000000000000000e+02
1.816499999999999559e+01 5.501839208602905273e+01 2.300000000000000000e+01 1.380000000000000000e+02
1.872999999999999332e+01 5.501839208602905273e+01 2.400000000000000000e+01 1.530000000000000000e+02
1.890699999999999648e+01 5.501839208602905273e+01 2.500000000000000000e+01 1.220000000000000000e+02
1.905799999999999628e+01 5.501839208602905273e+01 2.600000000000000000e+01 1.490000000000000000e+02
1.999599999999999866e+01 5.501839208602905273e+01 2.700000000000000000e+01 1.540000000000000000e+02
2.054800000000000182e+01 5.501839208602905273e+01 2.800000000000000000e+01 1.700000000000000000e+02
2.052700000000000458e+01 5.501839208602905273e+01 2.900000000000000000e+01 1.780000000000000000e+02
2.115099999999999980e+01 5.501839208602905273e+01 3.000000000000000000e+01 1.550000000000000000e+02
2.148199999999999932e+01 5.501839208602905273e+01 3.100000000000000000e+01 2.130000000000000000e+02
2.123799999999999244e+01 5.501839208602905273e+01 3.200000000000000000e+01 2.200000000000000000e+02
2.208199999999999719e+01 5.501839208602905273e+01 3.300000000000000000e+01 2.720000000000000000e+02
2.260900000000000176e+01 5.501839208602905273e+01 3.400000000000000000e+01 2.070000000000000000e+02
2.277400000000000446e+01 5.501839208602905273e+01 3.500000000000000000e+01 2.290000000000000000e+02
2.345300000000001006e+01 5.501839208602905273e+01 3.600000000000000000e+01 2.670000000000000000e+02
2.365000000000001279e+01 5.501839208602905273e+01 3.700000000000000000e+01 2.350000000000000000e+02
2.408700000000001751e+01 5.501839208602905273e+01 3.800000000000000000e+01 2.460000000000000000e+02
2.408600000000001984e+01 5.501839208602905273e+01 3.900000000000000000e+01 2.310000000000000000e+02
2.460700000000001708e+01 5.501839208602905273e+01 4.000000000000000000e+01 3.610000000000000000e+02
2.532200000000000983e+01 5.501839208602905273e+01 4.100000000000000000e+01 3.000000000000000000e+02
2.560000000000000497e+01 5.501839208602905273e+01 4.200000000000000000e+01 2.530000000000000000e+02
2.654300000000000992e+01 5.501839208602905273e+01 4.300000000000000000e+01 3.790000000000000000e+02
2.676500000000000767e+01 5.501839208602905273e+01 4.400000000000000000e+01 3.820000000000000000e+02
2.705400000000000915e+01 5.501839208602905273e+01 4.500000000000000000e+01 3.260000000000000000e+02
2.767300000000000892e+01 5.501839208602905273e+01 4.600000000000000000e+01 3.730000000000000000e+02
2.793800000000000594e+01 5.501839208602905273e+01 4.700000000000000000e+01 4.200000000000000000e+02
2.848400000000001597e+01 5.501839208602905273e+01 4.800000000000000000e+01 4.730000000000000000e+02
2.899200000000001509e+01 5.501839208602905273e+01 4.900000000000000000e+01 4.920000000000000000e+02
2.959200000000000941e+01 5.501839208602905273e+01 5.000000000000000000e+01 5.440000000000000000e+02
3.023300000000002541e+01 5.501839208602905273e+01 5.100000000000000000e+01 6.810000000000000000e+02
3.050000000000002487e+01 5.501839208602905273e+01 5.200000000000000000e+01 5.190000000000000000e+02
3.078100000000001657e+01 5.501839208602905273e+01 5.300000000000000000e+01 6.710000000000000000e+02
3.193200000000004124e+01 5.501839208602905273e+01 5.400000000000000000e+01 7.370000000000000000e+02
3.207800000000003848e+01 5.501839208602905273e+01 5.500000000000000000e+01 4.770000000000000000e+02
3.278800000000008907e+01 5.501839208602905273e+01 5.600000000000000000e+01 8.240000000000000000e+02
3.520299999999996032e+01 5.501839208602905273e+01 5.700000000000000000e+01 1.154000000000000000e+03
3.591200000000002035e+01 5.501839208602905273e+01 5.800000000000000000e+01 9.490000000000000000e+02
3.646900000000004383e+01 5.501839208602905273e+01 5.900000000000000000e+01 8.430000000000000000e+02
3.705200000000012750e+01 5.501839208602905273e+01 6.000000000000000000e+01 1.153000000000000000e+03
3.952700000000015734e+01 5.501839208602905273e+01 6.100000000000000000e+01 1.372000000000000000e+03
4.037400000000025102e+01 5.501839208602905273e+01 6.200000000000000000e+01 1.763000000000000000e+03
4.275700000000036027e+01 5.501839208602905273e+01 6.300000000000000000e+01 1.881000000000000000e+03
4.339700000000039637e+01 5.501839208602905273e+01 6.400000000000000000e+01 1.731000000000000000e+03
4.415300000000042502e+01 5.501839208602905273e+01 6.500000000000000000e+01 1.580000000000000000e+03
4.633500000000049823e+01 5.501839208602905273e+01 6.600000000000000000e+01 1.376000000000000000e+03
4.716700000000053450e+01 5.501839208602905273e+01 6.700000000000000000e+01 2.102000000000000000e+03
4.915500000000061220e+01 5.501839208602905273e+01 6.800000000000000000e+01 1.427000000000000000e+03
5.028900000000066228e+01 5.501839208602905273e+01 6.900000000000000000e+01 2.988000000000000000e+03
5.150500000000070600e+01 5.501839208602905273e+01 7.000000000000000000e+01 1.385000000000000000e+03
5.292500000000075033e+01 5.501839208602905273e+01 7.100000000000000000e+01 1.163000000000000000e+03
5.484200000000082298e+01 5.501839208602905273e+01 7.200000000000000000e+01 1.652000000000000000e+03
5.501839208602905273e+01 5.501839208602905273e+01 0.000000000000000000e+00 0.000000000000000000e+00
5.501839208602905273e+01 5.501839208602905273e+01 0.000000000000000000e+00 0.000000000000000000e+00
4.161000000000000476e+00 5.105547308921813965e+01 0.000000000000000000e+00 0.000000000000000000e+00
5.757000000000001450e+00 5.105547308921813965e+01 1.000000000000000000e+00 0.000000000000000000e+00
7.120000000000000995e+00 5.105547308921813965e+01 2.000000000000000000e+00 3.000000000000000000e+00
8.265000000000002345e+00 5.105547308921813965e+01 3.000000000000000000e+00 8.000000000000000000e+00
9.195000000000002061e+00 5.105547308921813965e+01 4.000000000000000000e+00 1.700000000000000000e+01
9.739000000000000767e+00 5.105547308921813965e+01 5.000000000000000000e+00 2.400000000000000000e+01
1.044500000000000206e+01 5.105547308921813965e+01 6.000000000000000000e+00 3.900000000000000000e+01
1.113300000000000090e+01 5.105547308921813965e+01 7.000000000000000000e+00 2.200000000000000000e+01
1.180100000000000016e+01 5.105547308921813965e+01 8.000000000000000000e+00 3.100000000000000000e+01
1.213000000000000078e+01 5.105547308921813965e+01 9.000000000000000000e+00 4.300000000000000000e+01
1.260900000000000176e+01 5.105547308921813965e+01 1.000000000000000000e+01 2.600000000000000000e+01
1.369200000000000017e+01 5.105547308921813965e+01 1.100000000000000000e+01 8.200000000000000000e+01
1.414599999999999902e+01 5.105547308921813965e+01 1.200000000000000000e+01 6.500000000000000000e+01
1.473300000000000054e+01 5.105547308921813965e+01 1.300000000000000000e+01 4.600000000000000000e+01
1.516400000000000148e+01 5.105547308921813965e+01 1.400000000000000000e+01 1.150000000000000000e+02
1.510700000000000109e+01 5.105547308921813965e+01 1.500000000000000000e+01 7.500000000000000000e+01
1.570400000000000063e+01 5.105547308921813965e+01 1.600000000000000000e+01 7.900000000000000000e+01
1.594300000000000139e+01 5.105547308921813965e+01 1.700000000000000000e+01 6.000000000000000000e+01
1.636299999999999955e+01 5.105547308921813965e+01 1.800000000000000000e+01 6.900000000000000000e+01
1.686900000000000333e+01 5.105547308921813965e+01 1.900000000000000000e+01 1.370000000000000000e+02
1.715600000000000591e+01 5.105547308921813965e+01 2.000000000000000000e+01 1.300000000000000000e+02
1.758300000000000196e+01 5.105547308921813965e+01 2.100000000000000000e+01 1.260000000000000000e+02
1.814700000000000202e+01 5.105547308921813965e+01 2.200000000000000000e+01 1.280000000000000000e+02
1.836700000000000088e+01 5.105547308921813965e+01 2.300000000000000000e+01 1.060000000000000000e+02
1.868500000000000227e+01 5.105547308921813965e+01 2.400000000000000000e+01 1.390000000000000000e+02
1.909400000000000119e+01 5.105547308921813965e+01 2.500000000000000000e+01 1.460000000000000000e+02
1.949099999999999966e+01 5.105547308921813965e+01 2.600000000000000000e+01 1.190000000000000000e+02
1.977799999999999869e+01 5.105547308921813965e+01 2.700000000000000000e+01 1.660000000000000000e+02
2.005499999999999972e+01 5.105547308921813965e+01 2.800000000000000000e+01 1.460000000000000000e+02
2.056299999999999883e+01 5.105547308921813965e+01 2.900000000000000000e+01 1.900000000000000000e+02
2.139400000000000190e+01 5.105547308921813965e+01 3.000000000000000000e+01 1.830000000000000000e+02
2.162800000000000011e+01 5.105547308921813965e+01 3.100000000000000000e+01 1.550000000000000000e+02
2.206200000000000117e+01 5.105547308921813965e+01 3.200000000000000000e+01 2.580000000000000000e+02
2.250400000000000489e+01 5.105547308921813965e+01 3.300000000000000000e+01 2.080000000000000000e+02
2.308900000000000929e+01 5.105547308921813965e+01 3.400000000000000000e+01 2.360000000000000000e+02
2.314200000000001012e+01 5.105547308921813965e+01 3.500000000000000000e+01 2.040000000000000000e+02
2.352300000000001745e+01 5.105547308921813965e+01 3.600000000000000000e+01 2.680000000000000000e+02
2.347800000000002285e+01 5.105547308921813965e+01 3.700000000000000000e+01 2.880000000000000000e+02
2.447500000000002629e+01 5.105547308921813965e+01 3.800000000000000000e+01 1.720000000000000000e+02
2.483700000000002461e+01 5.105547308921813965e+01 3.900000000000000000e+01 2.750000000000000000e+02
2.488900000000002066e+01 5.105547308921813965e+01 4.000000000000000000e+01 3.190000000000000000e+02
2.539900000000001512e+01 5.105547308921813965e+01 4.100000000000000000e+01 2.910000000000000000e+02
2.603100000000000946e+01 5.105547308921813965e+01 4.200000000000000000e+01 2.690000000000000000e+02
2.608200000000000784e+01 5.105547308921813965e+01 4.300000000000000000e+01 3.290000000000000000e+02
2.650199999999999889e+01 5.105547308921813965e+01 4.400000000000000000e+01 4.130000000000000000e+02
2.697400000000000375e+01 5.105547308921813965e+01 4.500000000000000000e+01 3.610000000000000000e+02
2.736600000000000321e+01 5.105547308921813965e+01 4.600000000000000000e+01 2.970000000000000000e+02
2.757400000000000873e+01 5.105547308921813965e+01 4.700000000000000000e+01 4.010000000000000000e+02
2.814800000000002456e+01 5.105547308921813965e+01 4.800000000000000000e+01 5.030000000000000000e+02
2.877800000000001290e+01 5.105547308921813965e+01 4.900000000000000000e+01 3.880000000000000000e+02
2.914900000000001157e+01 5.105547308921813965e+01 5.000000000000000000e+01 5.080000000000000000e+02
2.981100000000002481e+01 5.105547308921813965e+01 5.100000000000000000e+01 5.630000000000000000e+02
3.052800000000000225e+01 5.105547308921813965e+01 5.200000000000000000e+01 4.890000000000000000e+02
3.058200000000000429e+01 5.105547308921813965e+01 5.300000000000000000e+01 5.080000000000000000e+02
3.121200000000001040e+01 5.105547308921813965e+01 5.400000000000000000e+01 6.030000000000000000e+02
3.241300000000001802e+01 5.105547308921813965e+01 5.500000000000000000e+01 4.980000000000000000e+02
3.288500000000004064e+01 5.105547308921813965e+01 5.600000000000000000e+01 6.160000000000000000e+02
3.384200000000000585e+01 5.105547308921813965e+01 5.700000000000000000e+01 1.022000000000000000e+03
3.454500000000006565e+01 5.105547308921813965e+01 5.800000000000000000e+01 7.830000000000000000e+02
3.501700000000003854e+01 5.105547308921813965e+01 5.900000000000000000e+01 7.840000000000000000e+02
3.558000000000008356e+01 5.105547308921813965e+01 6.000000000000000000e+01 1.144000000000000000e+03
3.620000000000007390e+01 5.105547308921813965e+01 6.100000000000000000e+01 8.480000000000000000e+02
3.686100000000012500e+01 5.105547308921813965e+01 6.200000000000000000e+01 9.100000000000000000e+02
3.775900000000017798e+01 5.105547308921813965e+01 6.300000000000000000e+01 1.332000000000000000e+03
3.867300000000022209e+01 5.105547308921813965e+01 6.400000000000000000e+01 1.219000000000000000e+03
3.960000000000026432e+01 5.105547308921813965e+01 6.500000000000000000e+01 9.530000000000000000e+02
4.045100000000029183e+01 5.105547308921813965e+01 6.600000000000000000e+01 1.505000000000000000e+03
4.119200000000031991e+01 5.105547308921813965e+01 6.700000000000000000e+01 1.011000000000000000e+03
4.564100000000048851e+01 5.105547308921813965e+01 6.800000000000000000e+01 1.313000000000000000e+03
4.659300000000052222e+01 5.105547308921813965e+01 6.900000000000000000e+01 1.445000000000000000e+03
4.796400000000056707e+01 5.105547308921813965e+01 7.000000000000000000e+01 1.098000000000000000e+03
4.961100000000062948e+01 5.105547308921813965e+01 7.100000000000000000e+01 9.180000000000000000e+02
5.109400000000069042e+01 5.105547308921813965e+01 7.200000000000000000e+01 1.974000000000000000e+03
5.105547308921813965e+01 5.105547308921813965e+01 0.000000000000000000e+00 0.000000000000000000e+00
5.105547308921813965e+01 5.105547308921813965e+01 0.000000000000000000e+00 0.000000000000000000e+00
3.927999999999999492e+00 5.011915278434753418e+01 0.000000000000000000e+00 0.000000000000000000e+00
6.111000000000000654e+00 5.011915278434753418e+01 1.000000000000000000e+00 1.300000000000000000e+01
6.695000000000000284e+00 5.011915278434753418e+01 2.000000000000000000e+00 1.800000000000000000e+01
7.264999999999999680e+00 5.011915278434753418e+01 3.000000000000000000e+00 3.100000000000000000e+01
7.825999999999999623e+00 5.011915278434753418e+01 4.000000000000000000e+00 3.100000000000000000e+01
8.368000000000000327e+00 5.011915278434753418e+01 5.000000000000000000e+00 3.000000000000000000e+01
8.547000000000000597e+00 5.011915278434753418e+01 6.000000000000000000e+00 3.300000000000000000e+01
8.721000000000000085e+00 5.011915278434753418e+01 7.000000000000000000e+00 4.200000000000000000e+01
9.054000000000000270e+00 5.011915278434753418e+01 8.000000000000000000e+00 3.400000000000000000e+01
9.218999999999999417e+00 5.011915278434753418e+01 9.000000000000000000e+00 3.500000000000000000e+01
9.847999999999998977e+00 5.011915278434753418e+01 1.000000000000000000e+01 4.300000000000000000e+01
1.001199999999999868e+01 5.011915278434753418e+01 1.100000000000000000e+01 5.200000000000000000e+01
1.017099999999999937e+01 5.011915278434753418e+01 1.200000000000000000e+01 4.800000000000000000e+01
1.057299999999999862e+01 5.011915278434753418e+01 1.300000000000000000e+01 6.100000000000000000e+01
1.074499999999999922e+01 5.011915278434753418e+01 1.400000000000000000e+01 4.400000000000000000e+01
1.131900000000000084e+01 5.011915278434753418e+01 1.500000000000000000e+01 6.700000000000000000e+01
1.219899999999999807e+01 5.011915278434753418e+01 1.600000000000000000e+01 8.300000000000000000e+01
1.265099999999999980e+01 5.011915278434753418e+01 1.700000000000000000e+01 6.600000000000000000e+01
1.270299999999999763e+01 5.011915278434753418e+01 1.800000000000000000e+01 9.700000000000000000e+01
1.364199999999999768e+01 5.011915278434753418e+01 1.900000000000000000e+01 1.020000000000000000e+02
1.400199999999999712e+01 5.011915278434753418e+01 2.000000000000000000e+01 1.120000000000000000e+02
1.446399999999999864e+01 5.011915278434753418e+01 2.100000000000000000e+01 9.900000000000000000e+01
1.480100000000000016e+01 5.011915278434753418e+01 2.200000000000000000e+01 1.140000000000000000e+02
1.534500000000000242e+01 5.011915278434753418e+01 2.300000000000000000e+01 9.900000000000000000e+01
1.587100000000000222e+01 5.011915278434753418e+01 2.400000000000000000e+01 1.480000000000000000e+02
1.627900000000000347e+01 5.011915278434753418e+01 2.500000000000000000e+01 1.810000000000000000e+02
1.637900000000000489e+01 5.011915278434753418e+01 2.600000000000000000e+01 8.700000000000000000e+01
1.667599999999999483e+01 5.011915278434753418e+01 2.700000000000000000e+01 2.170000000000000000e+02
1.733300000000000551e+01 5.011915278434753418e+01 2.800000000000000000e+01 1.290000000000000000e+02
1.767600000000000904e+01 5.011915278434753418e+01 2.900000000000000000e+01 1.340000000000000000e+02
1.810300000000001219e+01 5.011915278434753418e+01 3.000000000000000000e+01 2.450000000000000000e+02
1.852000000000001023e+01 5.011915278434753418e+01 3.100000000000000000e+01 2.330000000000000000e+02
1.915400000000001413e+01 5.011915278434753418e+01 3.200000000000000000e+01 1.760000000000000000e+02
1.984100000000001884e+01 5.011915278434753418e+01 3.300000000000000000e+01 2.000000000000000000e+02
2.028200000000002134e+01 5.011915278434753418e+01 3.400000000000000000e+01 2.070000000000000000e+02
2.042400000000002080e+01 5.011915278434753418e+01 3.500000000000000000e+01 2.720000000000000000e+02
2.110100000000002751e+01 5.011915278434753418e+01 3.600000000000000000e+01 2.350000000000000000e+02
2.159000000000003539e+01 5.011915278434753418e+01 3.700000000000000000e+01 2.740000000000000000e+02
2.218300000000003891e+01 5.011915278434753418e+01 3.800000000000000000e+01 3.090000000000000000e+02
2.260500000000003951e+01 5.011915278434753418e+01 3.900000000000000000e+01 1.880000000000000000e+02
2.276200000000003598e+01 5.011915278434753418e+01 4.000000000000000000e+01 3.370000000000000000e+02
2.302900000000002834e+01 5.011915278434753418e+01 4.100000000000000000e+01 2.820000000000000000e+02
2.364300000000002910e+01 5.011915278434753418e+01 4.200000000000000000e+01 3.330000000000000000e+02
2.404600000000002780e+01 5.011915278434753418e+01 4.300000000000000000e+01 3.210000000000000000e+02
2.477100000000002566e+01 5.011915278434753418e+01 4.400000000000000000e+01 2.830000000000000000e+02
2.522500000000003340e+01 5.011915278434753418e+01 4.500000000000000000e+01 4.160000000000000000e+02
2.578800000000003578e+01 5.011915278434753418e+01 4.600000000000000000e+01 3.980000000000000000e+02
2.600000000000003553e+01 5.011915278434753418e+01 4.700000000000000000e+01 4.070000000000000000e+02
2.655300000000003990e+01 5.011915278434753418e+01 4.800000000000000000e+01 4.760000000000000000e+02
2.714700000000004110e+01 5.011915278434753418e+01 4.900000000000000000e+01 5.330000000000000000e+02
2.775400000000002976e+01 5.011915278434753418e+01 5.000000000000000000e+01 4.040000000000000000e+02
2.790600000000003078e+01 5.011915278434753418e+01 5.100000000000000000e+01 4.400000000000000000e+02
2.858100000000003149e+01 5.011915278434753418e+01 5.200000000000000000e+01 6.020000000000000000e+02
2.945200000000001950e+01 5.011915278434753418e+01 5.300000000000000000e+01 4.880000000000000000e+02
2.936300000000002086e+01 5.011915278434753418e+01 5.400000000000000000e+01 4.030000000000000000e+02
3.043599999999999284e+01 5.011915278434753418e+01 5.500000000000000000e+01 7.490000000000000000e+02
3.070299999999999585e+01 5.011915278434753418e+01 5.600000000000000000e+01 6.800000000000000000e+02
3.159099999999993713e+01 5.011915278434753418e+01 5.700000000000000000e+01 6.790000000000000000e+02
3.211799999999994526e+01 5.011915278434753418e+01 5.800000000000000000e+01 6.430000000000000000e+02
3.321499999999994657e+01 5.011915278434753418e+01 5.900000000000000000e+01 6.740000000000000000e+02
3.402600000000004599e+01 5.011915278434753418e+01 6.000000000000000000e+01 9.410000000000000000e+02
3.492299999999999471e+01 5.011915278434753418e+01 6.100000000000000000e+01 8.880000000000000000e+02
3.610200000000010334e+01 5.011915278434753418e+01 6.200000000000000000e+01 8.490000000000000000e+02
3.631600000000010198e+01 5.011915278434753418e+01 6.300000000000000000e+01 1.102000000000000000e+03
3.731400000000014927e+01 5.011915278434753418e+01 6.400000000000000000e+01 8.200000000000000000e+02
3.811900000000019162e+01 5.011915278434753418e+01 6.500000000000000000e+01 1.117000000000000000e+03
3.940700000000023806e+01 5.011915278434753418e+01 6.600000000000000000e+01 7.550000000000000000e+02
4.160200000000031650e+01 5.011915278434753418e+01 6.700000000000000000e+01 1.846000000000000000e+03
4.270900000000035845e+01 5.011915278434753418e+01 6.800000000000000000e+01 1.968000000000000000e+03
4.338200000000038159e+01 5.011915278434753418e+01 6.900000000000000000e+01 1.454000000000000000e+03
4.670500000000050278e+01 5.011915278434753418e+01 7.000000000000000000e+01 1.098000000000000000e+03
4.795200000000055951e+01 5.011915278434753418e+01 7.100000000000000000e+01 1.008000000000000000e+03
4.995600000000062124e+01 5.011915278434753418e+01 7.200000000000000000e+01 8.030000000000000000e+02
5.011915278434753418e+01 5.011915278434753418e+01 0.000000000000000000e+00 0.000000000000000000e+00
5.011915278434753418e+01 5.011915278434753418e+01 0.000000000000000000e+00 0.000000000000000000e+00
