3.619000000000000217e+00 6.019129014015197754e+01 0.000000000000000000e+00 0.000000000000000000e+00
5.807999999999999829e+00 6.019129014015197754e+01 1.000000000000000000e+00 2.000000000000000000e+00
7.058999999999999275e+00 6.019129014015197754e+01 2.000000000000000000e+00 8.000000000000000000e+00
7.761999999999999567e+00 6.019129014015197754e+01 3.000000000000000000e+00 1.800000000000000000e+01
8.615000000000000213e+00 6.019129014015197754e+01 4.000000000000000000e+00 1.400000000000000000e+01
8.949999999999999289e+00 6.019129014015197754e+01 5.000000000000000000e+00 3.300000000000000000e+01
9.600999999999999091e+00 6.019129014015197754e+01 6.000000000000000000e+00 1.700000000000000000e+01
9.915000000000000924e+00 6.019129014015197754e+01 7.000000000000000000e+00 2.800000000000000000e+01
1.115600000000000236e+01 6.019129014015197754e+01 8.000000000000000000e+00 3.300000000000000000e+01
1.130900000000000283e+01 6.019129014015197754e+01 9.000000000000000000e+00 6.200000000000000000e+01
1.203700000000000259e+01 6.019129014015197754e+01 1.000000000000000000e+01 5.800000000000000000e+01
1.274400000000000333e+01 6.019129014015197754e+01 1.100000000000000000e+01 7.500000000000000000e+01
1.343600000000000350e+01 6.019129014015197754e+01 1.200000000000000000e+01 7.000000000000000000e+01
1.355500000000000327e+01 6.019129014015197754e+01 1.300000000000000000e+01 6.200000000000000000e+01
1.431000000000000227e+01 6.019129014015197754e+01 1.400000000000000000e+01 5.800000000000000000e+01
1.499900000000000411e+01 6.019129014015197754e+01 1.500000000000000000e+01 6.900000000000000000e+01
1.496200000000000507e+01 6.019129014015197754e+01 1.600000000000000000e+01 8.800000000000000000e+01
1.656300000000000239e+01 6.019129014015197754e+01 1.700000000000000000e+01 1.090000000000000000e+02
1.674600000000000222e+01 6.019129014015197754e+01 1.800000000000000000e+01 1.370000000000000000e+02
1.771000000000000085e+01 6.019129014015197754e+01 1.900000000000000000e+01 1.220000000000000000e+02
1.858800000000000807e+01 6.019129014015197754e+01 2.000000000000000000e+01 1.650000000000000000e+02
1.869700000000000983e+01 6.019129014015197754e+01 2.100000000000000000e+01 1.620000000000000000e+02
1.911300000000001376e+01 6.019129014015197754e+01 2.200000000000000000e+01 2.110000000000000000e+02
1.972000000000001663e+01 6.019129014015197754e+01 2.300000000000000000e+01 2.170000000000000000e+02
2.010700000000001708e+01 6.019129014015197754e+01 2.400000000000000000e+01 1.950000000000000000e+02
2.076200000000001822e+01 6.019129014015197754e+01 2.500000000000000000e+01 2.100000000000000000e+02
2.083700000000001396e+01 6.019129014015197754e+01 2.600000000000000000e+01 2.220000000000000000e+02
2.147000000000001307e+01 6.019129014015197754e+01 2.700000000000000000e+01 2.100000000000000000e+02
2.189200000000001012e+01 6.019129014015197754e+01 2.800000000000000000e+01 2.200000000000000000e+02
2.205600000000000804e+01 6.019129014015197754e+01 2.900000000000000000e+01 2.420000000000000000e+02
2.253000000000000824e+01 6.019129014015197754e+01 3.000000000000000000e+01 2.840000000000000000e+02
2.268200000000000927e+01 6.019129014015197754e+01 3.100000000000000000e+01 2.900000000000000000e+02
2.300100000000000477e+01 6.019129014015197754e+01 3.200000000000000000e+01 2.370000000000000000e+02
2.332400000000000517e+01 6.019129014015197754e+01 3.300000000000000000e+01 3.440000000000000000e+02
2.386700000000000443e+01 6.019129014015197754e+01 3.400000000000000000e+01 3.180000000000000000e+02
2.437900000000000134e+01 6.019129014015197754e+01 3.500000000000000000e+01 2.540000000000000000e+02
2.435600000000000165e+01 6.019129014015197754e+01 3.600000000000000000e+01 2.700000000000000000e+02
2.486800000000000210e+01 6.019129014015197754e+01 3.700000000000000000e+01 3.070000000000000000e+02
2.536900000000000688e+01 6.019129014015197754e+01 3.800000000000000000e+01 2.990000000000000000e+02
2.552400000000000446e+01 6.019129014015197754e+01 3.900000000000000000e+01 3.650000000000000000e+02
2.641799999999999216e+01 6.019129014015197754e+01 4.000000000000000000e+01 3.490000000000000000e+02
2.680899999999998329e+01 6.019129014015197754e+01 4.100000000000000000e+01 4.150000000000000000e+02
2.780599999999997607e+01 6.019129014015197754e+01 4.200000000000000000e+01 3.510000000000000000e+02
2.906699999999999307e+01 6.019129014015197754e+01 4.300000000000000000e+01 4.950000000000000000e+02
2.947800000000000509e+01 6.019129014015197754e+01 4.400000000000000000e+01 4.470000000000000000e+02
3.012200000000000699e+01 6.019129014015197754e+01 4.500000000000000000e+01 5.180000000000000000e+02
3.019700000000000273e+01 6.019129014015197754e+01 4.600000000000000000e+01 6.060000000000000000e+02
3.127200000000002689e+01 6.019129014015197754e+01 4.700000000000000000e+01 7.220000000000000000e+02
3.149600000000002353e+01 6.019129014015197754e+01 4.800000000000000000e+01 6.580000000000000000e+02
3.204200000000001580e+01 6.019129014015197754e+01 4.900000000000000000e+01 6.890000000000000000e+02
3.303000000000001535e+01 6.019129014015197754e+01 5.000000000000000000e+01 7.940000000000000000e+02
3.362000000000004718e+01 6.019129014015197754e+01 5.100000000000000000e+01 7.150000000000000000e+02
3.419300000000006889e+01 6.019129014015197754e+01 5.200000000000000000e+01 8.610000000000000000e+02
3.542700000000005645e+01 6.019129014015197754e+01 5.300000000000000000e+01 8.530000000000000000e+02
3.631900000000010920e+01 6.019129014015197754e+01 5.400000000000000000e+01 1.154000000000000000e+03
3.706200000000009709e+01 6.019129014015197754e+01 5.500000000000000000e+01 1.064000000000000000e+03
3.768900000000013506e+01 6.019129014015197754e+01 5.600000000000000000e+01 8.810000000000000000e+02
3.856000000000010175e+01 6.019129014015197754e+01 5.700000000000000000e+01 8.780000000000000000e+02
3.947300000000015530e+01 6.019129014015197754e+01 5.800000000000000000e+01 1.069000000000000000e+03
3.973700000000017951e+01 6.019129014015197754e+01 5.900000000000000000e+01 1.498000000000000000e+03
4.087500000000022027e+01 6.019129014015197754e+01 6.000000000000000000e+01 1.534000000000000000e+03
4.213700000000036283e+01 6.019129014015197754e+01 6.100000000000000000e+01 1.734000000000000000e+03
4.306200000000038841e+01 6.019129014015197754e+01 6.200000000000000000e+01 2.122000000000000000e+03
4.390400000000042269e+01 6.019129014015197754e+01 6.300000000000000000e+01 1.689000000000000000e+03
4.494700000000047169e+01 6.019129014015197754e+01 6.400000000000000000e+01 1.776000000000000000e+03
4.543400000000051620e+01 6.019129014015197754e+01 6.500000000000000000e+01 1.535000000000000000e+03
4.619600000000053086e+01 6.019129014015197754e+01 6.600000000000000000e+01 2.612000000000000000e+03
4.899700000000061806e+01 6.019129014015197754e+01 6.700000000000000000e+01 1.835000000000000000e+03
5.015500000000064773e+01 6.019129014015197754e+01 6.800000000000000000e+01 1.563000000000000000e+03
5.471300000000083941e+01 6.019129014015197754e+01 6.900000000000000000e+01 2.324000000000000000e+03
5.795900000000094821e+01 6.019129014015197754e+01 7.000000000000000000e+01 1.745000000000000000e+03
5.883100000000099072e+01 6.019129014015197754e+01 7.100000000000000000e+01 2.850000000000000000e+03
6.010000000000104592e+01 6.019129014015197754e+01 7.200000000000000000e+01 2.172000000000000000e+03
6.019129014015197754e+01 6.019129014015197754e+01 7.300000000000000000e+01 2.033000000000000000e+03
6.019129014015197754e+01 6.019129014015197754e+01 7.400000000000000000e+01 1.470000000000000000e+03
4.267000000000000348e+00 6.123486232757568359e+01 0.000000000000000000e+00 1.000000000000000000e+00
6.030000000000001137e+00 6.123486232757568359e+01 1.000000000000000000e+00 0.000000000000000000e+00
7.769000000000000128e+00 6.123486232757568359e+01 2.000000000000000000e+00 1.000000000000000000e+00
8.733000000000000540e+00 6.123486232757568359e+01 3.000000000000000000e+00 6.000000000000000000e+00
1.049399999999999977e+01 6.123486232757568359e+01 4.000000000000000000e+00 2.700000000000000000e+01
1.086700000000000088e+01 6.123486232757568359e+01 5.000000000000000000e+00 1.500000000000000000e+01
1.106000000000000050e+01 6.123486232757568359e+01 6.000000000000000000e+00 4.300000000000000000e+01
1.140099999999999980e+01 6.123486232757568359e+01 7.000000000000000000e+00 2.500000000000000000e+01
1.186899999999999977e+01 6.123486232757568359e+01 8.000000000000000000e+00 4.400000000000000000e+01
1.255499999999999972e+01 6.123486232757568359e+01 9.000000000000000000e+00 4.500000000000000000e+01
1.321900000000000119e+01 6.123486232757568359e+01 1.000000000000000000e+01 4.900000000000000000e+01
1.402200000000000202e+01 6.123486232757568359e+01 1.100000000000000000e+01 5.000000000000000000e+01
1.516299999999999848e+01 6.123486232757568359e+01 1.200000000000000000e+01 8.000000000000000000e+01
1.607199999999999918e+01 6.123486232757568359e+01 1.300000000000000000e+01 6.400000000000000000e+01
1.660500000000000043e+01 6.123486232757568359e+01 1.400000000000000000e+01 7.900000000000000000e+01
1.673600000000000065e+01 6.123486232757568359e+01 1.500000000000000000e+01 1.030000000000000000e+02
1.711300000000000310e+01 6.123486232757568359e+01 1.600000000000000000e+01 1.110000000000000000e+02
1.748200000000000287e+01 6.123486232757568359e+01 1.700000000000000000e+01 7.700000000000000000e+01
1.809200000000000230e+01 6.123486232757568359e+01 1.800000000000000000e+01 1.040000000000000000e+02
1.832199999999999918e+01 6.123486232757568359e+01 1.900000000000000000e+01 1.540000000000000000e+02
1.877999999999999758e+01 6.123486232757568359e+01 2.000000000000000000e+01 1.160000000000000000e+02
1.902799999999999869e+01 6.123486232757568359e+01 2.100000000000000000e+01 1.130000000000000000e+02
1.978800000000000381e+01 6.123486232757568359e+01 2.200000000000000000e+01 1.350000000000000000e+02
2.025500000000000966e+01 6.123486232757568359e+01 2.300000000000000000e+01 1.820000000000000000e+02
2.068100000000001160e+01 6.123486232757568359e+01 2.400000000000000000e+01 1.670000000000000000e+02
2.134200000000001651e+01 6.123486232757568359e+01 2.500000000000000000e+01 1.660000000000000000e+02
2.179900000000001725e+01 6.123486232757568359e+01 2.600000000000000000e+01 2.010000000000000000e+02
2.198000000000001819e+01 6.123486232757568359e+01 2.700000000000000000e+01 1.680000000000000000e+02
2.257700000000001950e+01 6.123486232757568359e+01 2.800000000000000000e+01 2.070000000000000000e+02
2.272300000000001674e+01 6.123486232757568359e+01 2.900000000000000000e+01 1.720000000000000000e+02
2.323500000000001720e+01 6.123486232757568359e+01 3.000000000000000000e+01 1.850000000000000000e+02
2.354100000000001813e+01 6.123486232757568359e+01 3.100000000000000000e+01 2.460000000000000000e+02
2.398100000000001941e+01 6.123486232757568359e+01 3.200000000000000000e+01 2.600000000000000000e+02
2.433300000000002328e+01 6.123486232757568359e+01 3.300000000000000000e+01 2.390000000000000000e+02
2.483100000000002794e+01 6.123486232757568359e+01 3.400000000000000000e+01 3.180000000000000000e+02
2.521400000000003061e+01 6.123486232757568359e+01 3.500000000000000000e+01 2.460000000000000000e+02
2.566300000000003223e+01 6.123486232757568359e+01 3.600000000000000000e+01 3.090000000000000000e+02
2.640100000000003178e+01 6.123486232757568359e+01 3.700000000000000000e+01 2.830000000000000000e+02
2.686200000000002319e+01 6.123486232757568359e+01 3.800000000000000000e+01 3.550000000000000000e+02
2.724700000000001765e+01 6.123486232757568359e+01 3.900000000000000000e+01 2.570000000000000000e+02
2.745200000000001239e+01 6.123486232757568359e+01 4.000000000000000000e+01 3.930000000000000000e+02
2.804900000000001725e+01 6.123486232757568359e+01 4.100000000000000000e+01 3.320000000000000000e+02
2.877700000000001168e+01 6.123486232757568359e+01 4.200000000000000000e+01 5.090000000000000000e+02
2.932000000000002515e+01 6.123486232757568359e+01 4.300000000000000000e+01 3.790000000000000000e+02
2.979400000000002180e+01 6.123486232757568359e+01 4.400000000000000000e+01 4.720000000000000000e+02
3.032900000000002194e+01 6.123486232757568359e+01 4.500000000000000000e+01 5.870000000000000000e+02
3.061200000000002674e+01 6.123486232757568359e+01 4.600000000000000000e+01 4.870000000000000000e+02
3.082400000000002294e+01 6.123486232757568359e+01 4.700000000000000000e+01 6.040000000000000000e+02
3.253199999999998226e+01 6.123486232757568359e+01 4.800000000000000000e+01 7.000000000000000000e+02
3.348499999999997101e+01 6.123486232757568359e+01 4.900000000000000000e+01 5.480000000000000000e+02
3.376799999999996515e+01 6.123486232757568359e+01 5.000000000000000000e+01 7.120000000000000000e+02
3.429500000000001592e+01 6.123486232757568359e+01 5.100000000000000000e+01 9.230000000000000000e+02
3.467000000000001592e+01 6.123486232757568359e+01 5.200000000000000000e+01 7.640000000000000000e+02
3.562300000000010414e+01 6.123486232757568359e+01 5.300000000000000000e+01 8.970000000000000000e+02
3.645300000000015217e+01 6.123486232757568359e+01 5.400000000000000000e+01 9.750000000000000000e+02
3.674300000000014421e+01 6.123486232757568359e+01 5.500000000000000000e+01 7.090000000000000000e+02
3.717700000000015592e+01 6.123486232757568359e+01 5.600000000000000000e+01 8.950000000000000000e+02
3.906300000000023687e+01 6.123486232757568359e+01 5.700000000000000000e+01 1.359000000000000000e+03
4.004500000000026461e+01 6.123486232757568359e+01 5.800000000000000000e+01 1.494000000000000000e+03
4.088200000000029632e+01 6.123486232757568359e+01 5.900000000000000000e+01 1.146000000000000000e+03
4.244500000000024897e+01 6.123486232757568359e+01 6.000000000000000000e+01 1.604000000000000000e+03
4.334000000000034447e+01 6.123486232757568359e+01 6.100000000000000000e+01 1.289000000000000000e+03
4.379200000000038528e+01 6.123486232757568359e+01 6.200000000000000000e+01 1.739000000000000000e+03
4.456000000000040728e+01 6.123486232757568359e+01 6.300000000000000000e+01 1.628000000000000000e+03
4.544300000000045259e+01 6.123486232757568359e+01 6.400000000000000000e+01 1.816000000000000000e+03
4.713100000000051892e+01 6.123486232757568359e+01 6.500000000000000000e+01 2.287000000000000000e+03
4.797600000000053910e+01 6.123486232757568359e+01 6.600000000000000000e+01 1.743000000000000000e+03
4.913200000000058054e+01 6.123486232757568359e+01 6.700000000000000000e+01 1.562000000000000000e+03
5.529100000000082105e+01 6.123486232757568359e+01 6.800000000000000000e+01 2.029000000000000000e+03
5.771900000000090358e+01 6.123486232757568359e+01 6.900000000000000000e+01 3.315000000000000000e+03
5.864900000000092462e+01 6.123486232757568359e+01 7.000000000000000000e+01 2.067000000000000000e+03
5.967800000000097072e+01 6.123486232757568359e+01 7.100000000000000000e+01 1.764000000000000000e+03
6.123500000000102261e+01 6.123486232757568359e+01 7.200000000000000000e+01 1.599000000000000000e+03
6.123486232757568359e+01 6.123486232757568359e+01 7.300000000000000000e+01 1.587000000000000000e+03
6.123486232757568359e+01 6.123486232757568359e+01 7.400000000000000000e+01 1.523000000000000000e+03
4.931000000000000050e+00 5.647408223152160645e+01 0.000000000000000000e+00 1.000000000000000000e+00
6.150999999999999801e+00 5.647408223152160645e+01 1.000000000000000000e+00 9.000000000000000000e+00
6.879999999999999893e+00 5.647408223152160645e+01 2.000000000000000000e+00 1.000000000000000000e+01
8.551999999999999602e+00 5.647408223152160645e+01 3.000000000000000000e+00 1.800000000000000000e+01
9.075000000000001066e+00 5.647408223152160645e+01 4.000000000000000000e+00 3.100000000000000000e+01
1.009299999999999997e+01 5.647408223152160645e+01 5.000000000000000000e+00 4.000000000000000000e+01
1.042499999999999893e+01 5.647408223152160645e+01 6.000000000000000000e+00 3.700000000000000000e+01
1.091399999999999970e+01 5.647408223152160645e+01 7.000000000000000000e+00 4.100000000000000000e+01
1.187500000000000000e+01 5.647408223152160645e+01 8.000000000000000000e+00 4.000000000000000000e+01
1.218799999999999883e+01 5.647408223152160645e+01 9.000000000000000000e+00 5.100000000000000000e+01
1.247799999999999976e+01 5.647408223152160645e+01 1.000000000000000000e+01 3.700000000000000000e+01
1.310200000000000031e+01 5.647408223152160645e+01 1.100000000000000000e+01 6.500000000000000000e+01
1.353800000000000026e+01 5.647408223152160645e+01 1.200000000000000000e+01 5.000000000000000000e+01
1.424900000000000233e+01 5.647408223152160645e+01 1.300000000000000000e+01 8.200000000000000000e+01
1.452200000000000202e+01 5.647408223152160645e+01 1.400000000000000000e+01 8.500000000000000000e+01
1.501500000000000412e+01 5.647408223152160645e+01 1.500000000000000000e+01 7.400000000000000000e+01
1.555900000000000283e+01 5.647408223152160645e+01 1.600000000000000000e+01 1.020000000000000000e+02
1.629200000000000514e+01 5.647408223152160645e+01 1.700000000000000000e+01 9.600000000000000000e+01
1.629200000000000514e+01 5.647408223152160645e+01 1.800000000000000000e+01 7.800000000000000000e+01
1.679700000000000770e+01 5.647408223152160645e+01 1.900000000000000000e+01 7.700000000000000000e+01
1.732200000000000628e+01 5.647408223152160645e+01 2.000000000000000000e+01 1.370000000000000000e+02
1.775700000000000500e+01 5.647408223152160645e+01 2.100000000000000000e+01 1.520000000000000000e+02
1.828800000000001091e+01 5.647408223152160645e+01 2.200000000000000000e+01 1.320000000000000000e+02
1.849100000000001387e+01 5.647408223152160645e+01 2.300000000000000000e+01 1.260000000000000000e+02
1.917200000000001836e+01 5.647408223152160645e+01 2.400000000000000000e+01 1.640000000000000000e+02
1.984100000000002240e+01 5.647408223152160645e+01 2.500000000000000000e+01 2.030000000000000000e+02
1.974100000000002098e+01 5.647408223152160645e+01 2.600000000000000000e+01 2.040000000000000000e+02
2.089500000000002089e+01 5.647408223152160645e+01 2.700000000000000000e+01 2.110000000000000000e+02
2.131900000000002038e+01 5.647408223152160645e+01 2.800000000000000000e+01 1.960000000000000000e+02
2.177400000000001867e+01 5.647408223152160645e+01 2.900000000000000000e+01 1.710000000000000000e+02
2.197700000000001808e+01 5.647408223152160645e+01 3.000000000000000000e+01 2.060000000000000000e+02
2.243100000000001515e+01 5.647408223152160645e+01 3.100000000000000000e+01 2.870000000000000000e+02
2.287100000000001288e+01 5.647408223152160645e+01 3.200000000000000000e+01 2.540000000000000000e+02
2.330000000000001492e+01 5.647408223152160645e+01 3.300000000000000000e+01 3.240000000000000000e+02
2.392400000000001370e+01 5.647408223152160645e+01 3.400000000000000000e+01 3.210000000000000000e+02
2.411100000000001486e+01 5.647408223152160645e+01 3.500000000000000000e+01 2.280000000000000000e+02
2.499100000000002098e+01 5.647408223152160645e+01 3.600000000000000000e+01 3.540000000000000000e+02
2.517200000000002191e+01 5.647408223152160645e+01 3.700000000000000000e+01 2.560000000000000000e+02
2.581400000000002137e+01 5.647408223152160645e+01 3.800000000000000000e+01 3.180000000000000000e+02
2.651900000000001256e+01 5.647408223152160645e+01 3.900000000000000000e+01 4.100000000000000000e+02
2.687400000000000588e+01 5.647408223152160645e+01 4.000000000000000000e+01 4.370000000000000000e+02
2.718599999999999994e+01 5.647408223152160645e+01 4.100000000000000000e+01 4.570000000000000000e+02
2.818499999999998806e+01 5.647408223152160645e+01 4.200000000000000000e+01 4.290000000000000000e+02
2.891300000000000026e+01 5.647408223152160645e+01 4.300000000000000000e+01 5.000000000000000000e+02
2.943199999999999861e+01 5.647408223152160645e+01 4.400000000000000000e+01 4.750000000000000000e+02
2.996600000000000108e+01 5.647408223152160645e+01 4.500000000000000000e+01 6.550000000000000000e+02
3.055300000000001504e+01 5.647408223152160645e+01 4.600000000000000000e+01 7.230000000000000000e+02
3.100000000000001421e+01 5.647408223152160645e+01 4.700000000000000000e+01 6.340000000000000000e+02
3.109700000000002262e+01 5.647408223152160645e+01 4.800000000000000000e+01 5.810000000000000000e+02
3.181200000000001538e+01 5.647408223152160645e+01 4.900000000000000000e+01 5.580000000000000000e+02
3.272799999999997311e+01 5.647408223152160645e+01 5.000000000000000000e+01 7.420000000000000000e+02
3.290799999999997283e+01 5.647408223152160645e+01 5.100000000000000000e+01 8.030000000000000000e+02
3.364899999999999380e+01 5.647408223152160645e+01 5.200000000000000000e+01 8.570000000000000000e+02
3.429800000000003024e+01 5.647408223152160645e+01 5.300000000000000000e+01 7.420000000000000000e+02
3.437000000000004007e+01 5.647408223152160645e+01 5.400000000000000000e+01 8.850000000000000000e+02
3.567900000000010863e+01 5.647408223152160645e+01 5.500000000000000000e+01 8.410000000000000000e+02
3.679900000000012028e+01 5.647408223152160645e+01 5.600000000000000000e+01 1.051000000000000000e+03
3.720600000000015228e+01 5.647408223152160645e+01 5.700000000000000000e+01 1.022000000000000000e+03
3.758700000000015962e+01 5.647408223152160645e+01 5.800000000000000000e+01 9.710000000000000000e+02
3.857900000000020668e+01 5.647408223152160645e+01 5.900000000000000000e+01 1.008000000000000000e+03
3.892200000000021021e+01 5.647408223152160645e+01 6.000000000000000000e+01 9.880000000000000000e+02
4.173100000000052745e+01 5.647408223152160645e+01 6.100000000000000000e+01 1.361000000000000000e+03
4.270700000000056917e+01 5.647408223152160645e+01 6.200000000000000000e+01 1.507000000000000000e+03
4.327600000000060021e+01 5.647408223152160645e+01 6.300000000000000000e+01 2.292000000000000000e+03
4.462600000000065137e+01 5.647408223152160645e+01 6.400000000000000000e+01 2.372000000000000000e+03
4.537000000000068667e+01 5.647408223152160645e+01 6.500000000000000000e+01 1.321000000000000000e+03
4.590000000000070202e+01 5.647408223152160645e+01 6.600000000000000000e+01 1.437000000000000000e+03
4.702000000000074920e+01 5.647408223152160645e+01 6.700000000000000000e+01 1.856000000000000000e+03
5.037500000000088818e+01 5.647408223152160645e+01 6.800000000000000000e+01 2.278000000000000000e+03
5.298600000000098476e+01 5.647408223152160645e+01 6.900000000000000000e+01 2.476000000000000000e+03
5.381300000000101846e+01 5.647408223152160645e+01 7.000000000000000000e+01 1.501000000000000000e+03
5.459800000000107900e+01 5.647408223152160645e+01 7.100000000000000000e+01 1.598000000000000000e+03
5.629300000000112902e+01 5.647408223152160645e+01 7.200000000000000000e+01 1.302000000000000000e+03
5.647408223152160645e+01 5.647408223152160645e+01 7.300000000000000000e+01 9.070000000000000000e+02
5.647408223152160645e+01 5.647408223152160645e+01 7.400000000000000000e+01 1.016000000000000000e+03
4.456999999999999851e+00 5.478183937072753906e+01 0.000000000000000000e+00 5.000000000000000000e+00
5.889999999999999680e+00 5.478183937072753906e+01 1.000000000000000000e+00 1.100000000000000000e+01
6.848999999999999311e+00 5.478183937072753906e+01 2.000000000000000000e+00 1.800000000000000000e+01
7.445999999999998842e+00 5.478183937072753906e+01 3.000000000000000000e+00 1.900000000000000000e+01
7.994999999999998330e+00 5.478183937072753906e+01 4.000000000000000000e+00 1.900000000000000000e+01
8.595999999999998309e+00 5.478183937072753906e+01 5.000000000000000000e+00 3.900000000000000000e+01
9.150999999999998025e+00 5.478183937072753906e+01 6.000000000000000000e+00 3.200000000000000000e+01
1.034099999999999930e+01 5.478183937072753906e+01 7.000000000000000000e+00 5.200000000000000000e+01
1.069199999999999839e+01 5.478183937072753906e+01 8.000000000000000000e+00 5.300000000000000000e+01
1.134099999999999753e+01 5.478183937072753906e+01 9.000000000000000000e+00 3.400000000000000000e+01
1.149399999999999800e+01 5.478183937072753906e+01 1.000000000000000000e+01 4.300000000000000000e+01
1.219800000000000040e+01 5.478183937072753906e+01 1.100000000000000000e+01 5.600000000000000000e+01
1.284099999999999930e+01 5.478183937072753906e+01 1.200000000000000000e+01 8.100000000000000000e+01
1.342799999999999905e+01 5.478183937072753906e+01 1.300000000000000000e+01 5.100000000000000000e+01
1.405400000000000027e+01 5.478183937072753906e+01 1.400000000000000000e+01 5.300000000000000000e+01
1.464699999999999847e+01 5.478183937072753906e+01 1.500000000000000000e+01 1.090000000000000000e+02
1.570300000000000118e+01 5.478183937072753906e+01 1.600000000000000000e+01 9.100000000000000000e+01
1.635900000000000176e+01 5.478183937072753906e+01 1.700000000000000000e+01 9.500000000000000000e+01
1.638100000000000378e+01 5.478183937072753906e+01 1.800000000000000000e+01 1.250000000000000000e+02
1.698800000000000310e+01 5.478183937072753906e+01 1.900000000000000000e+01 1.170000000000000000e+02
1.733900000000000219e+01 5.478183937072753906e+01 2.000000000000000000e+01 1.600000000000000000e+02
1.779400000000000048e+01 5.478183937072753906e+01 2.100000000000000000e+01 1.150000000000000000e+02
1.784300000000000352e+01 5.478183937072753906e+01 2.200000000000000000e+01 9.600000000000000000e+01
1.892200000000000415e+01 5.478183937072753906e+01 2.300000000000000000e+01 1.920000000000000000e+02
1.931200000000000472e+01 5.478183937072753906e+01 2.400000000000000000e+01 2.210000000000000000e+02
2.007900000000000773e+01 5.478183937072753906e+01 2.500000000000000000e+01 1.920000000000000000e+02
2.047300000000000963e+01 5.478183937072753906e+01 2.600000000000000000e+01 1.500000000000000000e+02
2.068200000000000927e+01 5.478183937072753906e+01 2.700000000000000000e+01 1.860000000000000000e+02
2.168800000000001305e+01 5.478183937072753906e+01 2.800000000000000000e+01 2.200000000000000000e+02
2.238100000000001444e+01 5.478183937072753906e+01 2.900000000000000000e+01 1.760000000000000000e+02
2.252300000000001035e+01 5.478183937072753906e+01 3.000000000000000000e+01 2.160000000000000000e+02
2.299500000000001165e+01 5.478183937072753906e+01 3.100000000000000000e+01 2.500000000000000000e+02
2.295300000000001361e+01 5.478183937072753906e+01 3.200000000000000000e+01 2.270000000000000000e+02
2.370000000000001350e+01 5.478183937072753906e+01 3.300000000000000000e+01 2.470000000000000000e+02
2.423000000000001108e+01 5.478183937072753906e+01 3.400000000000000000e+01 3.530000000000000000e+02
2.462700000000000955e+01 5.478183937072753906e+01 3.500000000000000000e+01 2.960000000000000000e+02
2.511400000000001143e+01 5.478183937072753906e+01 3.600000000000000000e+01 3.190000000000000000e+02
2.599800000000000821e+01 5.478183937072753906e+01 3.700000000000000000e+01 3.610000000000000000e+02
2.634000000000001052e+01 5.478183937072753906e+01 3.800000000000000000e+01 3.110000000000000000e+02
2.669000000000000128e+01 5.478183937072753906e+01 3.900000000000000000e+01 3.270000000000000000e+02
2.695499999999999829e+01 5.478183937072753906e+01 4.000000000000000000e+01 3.340000000000000000e+02
2.831200000000000117e+01 5.478183937072753906e+01 4.100000000000000000e+01 5.280000000000000000e+02
2.894099999999999540e+01 5.478183937072753906e+01 4.200000000000000000e+01 5.270000000000000000e+02
2.909600000000000719e+01 5.478183937072753906e+01 4.300000000000000000e+01 4.460000000000000000e+02
2.974600000000000577e+01 5.478183937072753906e+01 4.400000000000000000e+01 4.370000000000000000e+02
3.018100000000000094e+01 5.478183937072753906e+01 4.500000000000000000e+01 7.040000000000000000e+02
3.041100000000000847e+01 5.478183937072753906e+01 4.600000000000000000e+01 6.050000000000000000e+02
3.138400000000000745e+01 5.478183937072753906e+01 4.700000000000000000e+01 7.050000000000000000e+02
3.189100000000000534e+01 5.478183937072753906e+01 4.800000000000000000e+01 6.080000000000000000e+02
3.240699999999999648e+01 5.478183937072753906e+01 4.900000000000000000e+01 5.280000000000000000e+02
3.337499999999995026e+01 5.478183937072753906e+01 5.000000000000000000e+01 6.770000000000000000e+02
3.398599999999998289e+01 5.478183937072753906e+01 5.100000000000000000e+01 6.540000000000000000e+02
3.410599999999997323e+01 5.478183937072753906e+01 5.200000000000000000e+01 9.020000000000000000e+02
3.470900000000001739e+01 5.478183937072753906e+01 5.300000000000000000e+01 8.670000000000000000e+02
3.541000000000000369e+01 5.478183937072753906e+01 5.400000000000000000e+01 7.030000000000000000e+02
3.641700000000006554e+01 5.478183937072753906e+01 5.500000000000000000e+01 6.370000000000000000e+02
3.703100000000006986e+01 5.478183937072753906e+01 5.600000000000000000e+01 9.250000000000000000e+02
3.756600000000005224e+01 5.478183937072753906e+01 5.700000000000000000e+01 1.262000000000000000e+03
3.845900000000009555e+01 5.478183937072753906e+01 5.800000000000000000e+01 9.820000000000000000e+02
4.004400000000019588e+01 5.478183937072753906e+01 5.900000000000000000e+01 8.620000000000000000e+02
4.085400000000019105e+01 5.478183937072753906e+01 6.000000000000000000e+01 1.686000000000000000e+03
4.133200000000022101e+01 5.478183937072753906e+01 6.100000000000000000e+01 1.652000000000000000e+03
4.261600000000029098e+01 5.478183937072753906e+01 6.200000000000000000e+01 1.736000000000000000e+03
4.304100000000032367e+01 5.478183937072753906e+01 6.300000000000000000e+01 1.480000000000000000e+03
4.409100000000034214e+01 5.478183937072753906e+01 6.400000000000000000e+01 1.477000000000000000e+03
4.480400000000036442e+01 5.478183937072753906e+01 6.500000000000000000e+01 1.247000000000000000e+03
4.586800000000041422e+01 5.478183937072753906e+01 6.600000000000000000e+01 1.463000000000000000e+03
4.785300000000048470e+01 5.478183937072753906e+01 6.700000000000000000e+01 1.381000000000000000e+03
4.900100000000055189e+01 5.478183937072753906e+01 6.800000000000000000e+01 1.899000000000000000e+03
5.024500000000057298e+01 5.478183937072753906e+01 6.900000000000000000e+01 3.134000000000000000e+03
5.134800000000060294e+01 5.478183937072753906e+01 7.000000000000000000e+01 1.810000000000000000e+03
5.299600000000067723e+01 5.478183937072753906e+01 7.100000000000000000e+01 1.221000000000000000e+03
5.476100000000073464e+01 5.478183937072753906e+01 7.200000000000000000e+01 1.452000000000000000e+03
5.478183937072753906e+01 5.478183937072753906e+01 7.300000000000000000e+01 8.530000000000000000e+02
5.478183937072753906e+01 5.478183937072753906e+01 7.400000000000000000e+01 8.790000000000000000e+02
5.206999999999999851e+00 5.649697375297546387e+01 0.000000000000000000e+00 1.300000000000000000e+01
6.514999999999998792e+00 5.649697375297546387e+01 1.000000000000000000e+00 2.400000000000000000e+01
7.435999999999998167e+00 5.649697375297546387e+01 2.000000000000000000e+00 3.000000000000000000e+01
7.976999999999998536e+00 5.649697375297546387e+01 3.000000000000000000e+00 2.500000000000000000e+01
8.527999999999998693e+00 5.649697375297546387e+01 4.000000000000000000e+00 2.500000000000000000e+01
9.560999999999999943e+00 5.649697375297546387e+01 5.000000000000000000e+00 5.100000000000000000e+01
9.736000000000000654e+00 5.649697375297546387e+01 6.000000000000000000e+00 6.700000000000000000e+01
1.056400000000000183e+01 5.649697375297546387e+01 7.000000000000000000e+00 4.400000000000000000e+01
1.121100000000000207e+01 5.649697375297546387e+01 8.000000000000000000e+00 4.200000000000000000e+01
1.230100000000000016e+01 5.649697375297546387e+01 9.000000000000000000e+00 4.800000000000000000e+01
1.245899999999999963e+01 5.649697375297546387e+01 1.000000000000000000e+01 5.200000000000000000e+01
1.318100000000000094e+01 5.649697375297546387e+01 1.100000000000000000e+01 1.020000000000000000e+02
1.346400000000000219e+01 5.649697375297546387e+01 1.200000000000000000e+01 5.300000000000000000e+01
1.416399999999999970e+01 5.649697375297546387e+01 1.300000000000000000e+01 8.200000000000000000e+01
1.444200000000000017e+01 5.649697375297546387e+01 1.400000000000000000e+01 8.900000000000000000e+01
1.508699999999999974e+01 5.649697375297546387e+01 1.500000000000000000e+01 7.700000000000000000e+01
1.567500000000000071e+01 5.649697375297546387e+01 1.600000000000000000e+01 8.100000000000000000e+01
1.577800000000000225e+01 5.649697375297546387e+01 1.700000000000000000e+01 1.170000000000000000e+02
1.654999999999999716e+01 5.649697375297546387e+01 1.800000000000000000e+01 1.320000000000000000e+02
1.700499999999999545e+01 5.649697375297546387e+01 1.900000000000000000e+01 1.250000000000000000e+02
1.711699999999999378e+01 5.649697375297546387e+01 2.000000000000000000e+01 1.450000000000000000e+02
1.754599999999999937e+01 5.649697375297546387e+01 2.100000000000000000e+01 1.190000000000000000e+02
1.793500000000000583e+01 5.649697375297546387e+01 2.200000000000000000e+01 1.050000000000000000e+02
1.825300000000000722e+01 5.649697375297546387e+01 2.300000000000000000e+01 1.040000000000000000e+02
1.886000000000000654e+01 5.649697375297546387e+01 2.400000000000000000e+01 1.140000000000000000e+02
1.942200000000000415e+01 5.649697375297546387e+01 2.500000000000000000e+01 1.530000000000000000e+02
1.996400000000000219e+01 5.649697375297546387e+01 2.600000000000000000e+01 1.630000000000000000e+02
2.022800000000000153e+01 5.649697375297546387e+01 2.700000000000000000e+01 1.640000000000000000e+02
2.081799999999999784e+01 5.649697375297546387e+01 2.800000000000000000e+01 2.020000000000000000e+02
2.111499999999999133e+01 5.649697375297546387e+01 2.900000000000000000e+01 1.710000000000000000e+02
2.295499999999999829e+01 5.649697375297546387e+01 3.000000000000000000e+01 2.890000000000000000e+02
2.363900000000000645e+01 5.649697375297546387e+01 3.100000000000000000e+01 3.480000000000000000e+02
2.533500000000000441e+01 5.649697375297546387e+01 3.200000000000000000e+01 3.900000000000000000e+02
2.597700000000000031e+01 5.649697375297546387e+01 3.300000000000000000e+01 2.940000000000000000e+02
2.597700000000000031e+01 5.649697375297546387e+01 3.400000000000000000e+01 2.920000000000000000e+02
2.619400000000000261e+01 5.649697375297546387e+01 3.500000000000000000e+01 3.280000000000000000e+02
2.692099999999999937e+01 5.649697375297546387e+01 3.600000000000000000e+01 5.190000000000000000e+02
2.698199999999999932e+01 5.649697375297546387e+01 3.700000000000000000e+01 4.970000000000000000e+02
2.728600000000000136e+01 5.649697375297546387e+01 3.800000000000000000e+01 3.750000000000000000e+02
2.797999999999998622e+01 5.649697375297546387e+01 3.900000000000000000e+01 3.570000000000000000e+02
2.858199999999997587e+01 5.649697375297546387e+01 4.000000000000000000e+01 4.400000000000000000e+02
2.931399999999996808e+01 5.649697375297546387e+01 4.100000000000000000e+01 5.250000000000000000e+02
2.950399999999996936e+01 5.649697375297546387e+01 4.200000000000000000e+01 4.880000000000000000e+02
3.012099999999998445e+01 5.649697375297546387e+01 4.300000000000000000e+01 5.620000000000000000e+02
3.043999999999999062e+01 5.649697375297546387e+01 4.400000000000000000e+01 7.260000000000000000e+02
3.231699999999995754e+01 5.649697375297546387e+01 4.500000000000000000e+01 6.410000000000000000e+02
3.297599999999994225e+01 5.649697375297546387e+01 4.600000000000000000e+01 5.530000000000000000e+02
3.323299999999994014e+01 5.649697375297546387e+01 4.700000000000000000e+01 5.340000000000000000e+02
3.356599999999992434e+01 5.649697375297546387e+01 4.800000000000000000e+01 8.240000000000000000e+02
3.409799999999990661e+01 5.649697375297546387e+01 4.900000000000000000e+01 7.200000000000000000e+02
3.492499999999988347e+01 5.649697375297546387e+01 5.000000000000000000e+01 8.980000000000000000e+02
3.537299999999993361e+01 5.649697375297546387e+01 5.100000000000000000e+01 8.030000000000000000e+02
3.624099999999994282e+01 5.649697375297546387e+01 5.200000000000000000e+01 9.980000000000000000e+02
3.691899999999996140e+01 5.649697375297546387e+01 5.300000000000000000e+01 1.045000000000000000e+03
3.737699999999995981e+01 5.649697375297546387e+01 5.400000000000000000e+01 9.830000000000000000e+02
3.805799999999995009e+01 5.649697375297546387e+01 5.500000000000000000e+01 1.114000000000000000e+03
3.864499999999998181e+01 5.649697375297546387e+01 5.600000000000000000e+01 1.057000000000000000e+03
3.957900000000000063e+01 5.649697375297546387e+01 5.700000000000000000e+01 7.630000000000000000e+02
4.011500000000003041e+01 5.649697375297546387e+01 5.800000000000000000e+01 8.660000000000000000e+02
4.068100000000008265e+01 5.649697375297546387e+01 5.900000000000000000e+01 1.539000000000000000e+03
4.138600000000008805e+01 5.649697375297546387e+01 6.000000000000000000e+01 1.451000000000000000e+03
4.354900000000038318e+01 5.649697375297546387e+01 6.100000000000000000e+01 1.907000000000000000e+03
4.444100000000042172e+01 5.649697375297546387e+01 6.200000000000000000e+01 1.661000000000000000e+03
4.619800000000051199e+01 5.649697375297546387e+01 6.300000000000000000e+01 2.707000000000000000e+03
4.687900000000053780e+01 5.649697375297546387e+01 6.400000000000000000e+01 1.657000000000000000e+03
4.834600000000057918e+01 5.649697375297546387e+01 6.500000000000000000e+01 1.656000000000000000e+03
4.894400000000059947e+01 5.649697375297546387e+01 6.600000000000000000e+01 1.635000000000000000e+03
4.951400000000062818e+01 5.649697375297546387e+01 6.700000000000000000e+01 2.033000000000000000e+03
5.092900000000066996e+01 5.649697375297546387e+01 6.800000000000000000e+01 1.894000000000000000e+03
5.269200000000073913e+01 5.649697375297546387e+01 6.900000000000000000e+01 1.807000000000000000e+03
5.370000000000078444e+01 5.649697375297546387e+01 7.000000000000000000e+01 2.037000000000000000e+03
5.476500000000083901e+01 5.649697375297546387e+01 7.100000000000000000e+01 1.255000000000000000e+03
5.651700000000089830e+01 5.649697375297546387e+01 7.200000000000000000e+01 1.349000000000000000e+03
5.649697375297546387e+01 5.649697375297546387e+01 7.300000000000000000e+01 8.730000000000000000e+02
5.649697375297546387e+01 5.649697375297546387e+01 7.400000000000000000e+01 8.200000000000000000e+02
4.265000000000000568e+00 5.417794251441955566e+01 0.000000000000000000e+00 1.000000000000000000e+00
5.435000000000002274e+00 5.417794251441955566e+01 1.000000000000000000e+00 7.000000000000000000e+00
6.175000000000002487e+00 5.417794251441955566e+01 2.000000000000000000e+00 1.100000000000000000e+01
6.937000000000002942e+00 5.417794251441955566e+01 3.000000000000000000e+00 1.300000000000000000e+01
7.701000000000003176e+00 5.417794251441955566e+01 4.000000000000000000e+00 2.900000000000000000e+01
8.736000000000000654e+00 5.417794251441955566e+01 5.000000000000000000e+00 3.000000000000000000e+01
9.407000000000000028e+00 5.417794251441955566e+01 6.000000000000000000e+00 2.900000000000000000e+01
1.039900000000000091e+01 5.417794251441955566e+01 7.000000000000000000e+00 4.400000000000000000e+01
1.103600000000000136e+01 5.417794251441955566e+01 8.000000000000000000e+00 4.600000000000000000e+01
1.151200000000000045e+01 5.417794251441955566e+01 9.000000000000000000e+00 6.500000000000000000e+01
1.177000000000000135e+01 5.417794251441955566e+01 1.000000000000000000e+01 3.600000000000000000e+01
1.255400000000000205e+01 5.417794251441955566e+01 1.100000000000000000e+01 5.700000000000000000e+01
1.312600000000000122e+01 5.417794251441955566e+01 1.200000000000000000e+01 5.500000000000000000e+01
1.340400000000000169e+01 5.417794251441955566e+01 1.300000000000000000e+01 5.900000000000000000e+01
1.380900000000000105e+01 5.417794251441955566e+01 1.400000000000000000e+01 1.000000000000000000e+02
1.419199999999999839e+01 5.417794251441955566e+01 1.500000000000000000e+01 5.500000000000000000e+01
1.483699999999999974e+01 5.417794251441955566e+01 1.600000000000000000e+01 9.200000000000000000e+01
1.520799999999999841e+01 5.417794251441955566e+01 1.700000000000000000e+01 1.050000000000000000e+02
1.580399999999999849e+01 5.417794251441955566e+01 1.800000000000000000e+01 8.700000000000000000e+01
1.626399999999999935e+01 5.417794251441955566e+01 1.900000000000000000e+01 9.900000000000000000e+01
1.635300000000000153e+01 5.417794251441955566e+01 2.000000000000000000e+01 1.300000000000000000e+02
1.687500000000000355e+01 5.417794251441955566e+01 2.100000000000000000e+01 1.080000000000000000e+02
1.764799999999999613e+01 5.417794251441955566e+01 2.200000000000000000e+01 1.590000000000000000e+02
1.815099999999999980e+01 5.417794251441955566e+01 2.300000000000000000e+01 1.660000000000000000e+02
1.845100000000000762e+01 5.417794251441955566e+01 2.400000000000000000e+01 1.110000000000000000e+02
1.913300000000000622e+01 5.417794251441955566e+01 2.500000000000000000e+01 1.670000000000000000e+02
1.953000000000000824e+01 5.417794251441955566e+01 2.600000000000000000e+01 2.290000000000000000e+02
2.019900000000000873e+01 5.417794251441955566e+01 2.700000000000000000e+01 1.230000000000000000e+02
2.093700000000000117e+01 5.417794251441955566e+01 2.800000000000000000e+01 1.400000000000000000e+02
2.147100000000000009e+01 5.417794251441955566e+01 2.900000000000000000e+01 2.550000000000000000e+02
2.196699999999999875e+01 5.417794251441955566e+01 3.000000000000000000e+01 1.900000000000000000e+02
2.248599999999999710e+01 5.417794251441955566e+01 3.100000000000000000e+01 1.730000000000000000e+02
2.292699999999999960e+01 5.417794251441955566e+01 3.200000000000000000e+01 2.190000000000000000e+02
2.355900000000000105e+01 5.417794251441955566e+01 3.300000000000000000e+01 3.110000000000000000e+02
2.344500000000000384e+01 5.417794251441955566e+01 3.400000000000000000e+01 2.030000000000000000e+02
2.447000000000000597e+01 5.417794251441955566e+01 3.500000000000000000e+01 2.750000000000000000e+02
2.496800000000000708e+01 5.417794251441955566e+01 3.600000000000000000e+01 2.080000000000000000e+02
2.515500000000001180e+01 5.417794251441955566e+01 3.700000000000000000e+01 2.390000000000000000e+02
2.572200000000000841e+01 5.417794251441955566e+01 3.800000000000000000e+01 3.220000000000000000e+02
2.637699999999999534e+01 5.417794251441955566e+01 3.900000000000000000e+01 2.430000000000000000e+02
2.687799999999998946e+01 5.417794251441955566e+01 4.000000000000000000e+01 3.320000000000000000e+02
2.715199999999998681e+01 5.417794251441955566e+01 4.100000000000000000e+01 3.550000000000000000e+02
2.812099999999996669e+01 5.417794251441955566e+01 4.200000000000000000e+01 3.320000000000000000e+02
2.839499999999996405e+01 5.417794251441955566e+01 4.300000000000000000e+01 2.720000000000000000e+02
2.900599999999996470e+01 5.417794251441955566e+01 4.400000000000000000e+01 3.710000000000000000e+02
2.940099999999997138e+01 5.417794251441955566e+01 4.500000000000000000e+01 4.740000000000000000e+02
2.987999999999997058e+01 5.417794251441955566e+01 4.600000000000000000e+01 5.230000000000000000e+02
3.053499999999997172e+01 5.417794251441955566e+01 4.700000000000000000e+01 3.620000000000000000e+02
3.065999999999997172e+01 5.417794251441955566e+01 4.800000000000000000e+01 3.790000000000000000e+02
3.134799999999998121e+01 5.417794251441955566e+01 4.900000000000000000e+01 4.850000000000000000e+02
3.190099999999998204e+01 5.417794251441955566e+01 5.000000000000000000e+01 4.070000000000000000e+02
3.254399999999999693e+01 5.417794251441955566e+01 5.100000000000000000e+01 6.360000000000000000e+02
3.329200000000000159e+01 5.417794251441955566e+01 5.200000000000000000e+01 6.200000000000000000e+02
3.419900000000006202e+01 5.417794251441955566e+01 5.300000000000000000e+01 6.900000000000000000e+02
3.474000000000007304e+01 5.417794251441955566e+01 5.400000000000000000e+01 9.330000000000000000e+02
3.563200000000008316e+01 5.417794251441955566e+01 5.500000000000000000e+01 7.510000000000000000e+02
3.680600000000011107e+01 5.417794251441955566e+01 5.600000000000000000e+01 1.129000000000000000e+03
3.753700000000015535e+01 5.417794251441955566e+01 5.700000000000000000e+01 6.940000000000000000e+02
3.819900000000016149e+01 5.417794251441955566e+01 5.800000000000000000e+01 8.500000000000000000e+02
3.858400000000023056e+01 5.417794251441955566e+01 5.900000000000000000e+01 1.232000000000000000e+03
3.954100000000020287e+01 5.417794251441955566e+01 6.000000000000000000e+01 7.680000000000000000e+02
4.021700000000032560e+01 5.417794251441955566e+01 6.100000000000000000e+01 1.365000000000000000e+03
4.094900000000036755e+01 5.417794251441955566e+01 6.200000000000000000e+01 1.616000000000000000e+03
4.244700000000041484e+01 5.417794251441955566e+01 6.300000000000000000e+01 1.688000000000000000e+03
4.310400000000045395e+01 5.417794251441955566e+01 6.400000000000000000e+01 1.447000000000000000e+03
4.445700000000049101e+01 5.417794251441955566e+01 6.500000000000000000e+01 1.945000000000000000e+03
4.548100000000054166e+01 5.417794251441955566e+01 6.600000000000000000e+01 1.229000000000000000e+03
4.663600000000057122e+01 5.417794251441955566e+01 6.700000000000000000e+01 1.143000000000000000e+03
4.789800000000064983e+01 5.417794251441955566e+01 6.800000000000000000e+01 1.586000000000000000e+03
4.887000000000065825e+01 5.417794251441955566e+01 6.900000000000000000e+01 1.136000000000000000e+03
4.983500000000071140e+01 5.417794251441955566e+01 7.000000000000000000e+01 1.485000000000000000e+03
5.286000000000082366e+01 5.417794251441955566e+01 7.100000000000000000e+01 1.114000000000000000e+03
5.424900000000087630e+01 5.417794251441955566e+01 7.200000000000000000e+01 1.719000000000000000e+03
5.417794251441955566e+01 5.417794251441955566e+01 7.300000000000000000e+01 9.480000000000000000e+02
5.417794251441955566e+01 5.417794251441955566e+01 7.400000000000000000e+01 1.056000000000000000e+03
3.232000000000000650e+00 5.427671670913696289e+01 0.000000000000000000e+00 0.000000000000000000e+00
5.756000000000000227e+00 5.427671670913696289e+01 1.000000000000000000e+00 1.500000000000000000e+01
7.056000000000000050e+00 5.427671670913696289e+01 2.000000000000000000e+00 2.200000000000000000e+01
7.985000000000000320e+00 5.427671670913696289e+01 3.000000000000000000e+00 3.300000000000000000e+01
8.172000000000000597e+00 5.427671670913696289e+01 4.000000000000000000e+00 2.000000000000000000e+01
8.861000000000000654e+00 5.427671670913696289e+01 5.000000000000000000e+00 4.000000000000000000e+01
9.346000000000000085e+00 5.427671670913696289e+01 6.000000000000000000e+00 3.200000000000000000e+01
1.035100000000000087e+01 5.427671670913696289e+01 7.000000000000000000e+00 3.400000000000000000e+01
1.035100000000000087e+01 5.427671670913696289e+01 8.000000000000000000e+00 4.500000000000000000e+01
1.082400000000000162e+01 5.427671670913696289e+01 9.000000000000000000e+00 6.300000000000000000e+01
1.128100000000000058e+01 5.427671670913696289e+01 1.000000000000000000e+01 4.100000000000000000e+01
1.143500000000000050e+01 5.427671670913696289e+01 1.100000000000000000e+01 9.600000000000000000e+01
1.243200000000000216e+01 5.427671670913696289e+01 1.200000000000000000e+01 5.300000000000000000e+01
1.311800000000000033e+01 5.427671670913696289e+01 1.300000000000000000e+01 9.200000000000000000e+01
1.338700000000000045e+01 5.427671670913696289e+01 1.400000000000000000e+01 5.100000000000000000e+01
1.363799999999999990e+01 5.427671670913696289e+01 1.500000000000000000e+01 7.800000000000000000e+01
1.440100000000000158e+01 5.427671670913696289e+01 1.600000000000000000e+01 1.800000000000000000e+02
1.477100000000000257e+01 5.427671670913696289e+01 1.700000000000000000e+01 1.040000000000000000e+02
1.527900000000000524e+01 5.427671670913696289e+01 1.800000000000000000e+01 1.290000000000000000e+02
1.616100000000000492e+01 5.427671670913696289e+01 1.900000000000000000e+01 1.160000000000000000e+02
1.611200000000000543e+01 5.427671670913696289e+01 2.000000000000000000e+01 1.470000000000000000e+02
1.670500000000000540e+01 5.427671670913696289e+01 2.100000000000000000e+01 1.410000000000000000e+02
1.709500000000000952e+01 5.427671670913696289e+01 2.200000000000000000e+01 1.260000000000000000e+02
1.772800000000000864e+01 5.427671670913696289e+01 2.300000000000000000e+01 1.370000000000000000e+02
1.831100000000001415e+01 5.427671670913696289e+01 2.400000000000000000e+01 1.540000000000000000e+02
1.878200000000001779e+01 5.427671670913696289e+01 2.500000000000000000e+01 2.420000000000000000e+02
1.923500000000001720e+01 5.427671670913696289e+01 2.600000000000000000e+01 1.600000000000000000e+02
1.976100000000001700e+01 5.427671670913696289e+01 2.700000000000000000e+01 2.670000000000000000e+02
2.010000000000001563e+01 5.427671670913696289e+01 2.800000000000000000e+01 1.940000000000000000e+02
2.051000000000001577e+01 5.427671670913696289e+01 2.900000000000000000e+01 2.350000000000000000e+02
2.095700000000001495e+01 5.427671670913696289e+01 3.000000000000000000e+01 2.430000000000000000e+02
2.184800000000001674e+01 5.427671670913696289e+01 3.100000000000000000e+01 2.410000000000000000e+02
2.207400000000001938e+01 5.427671670913696289e+01 3.200000000000000000e+01 2.920000000000000000e+02
2.249100000000002453e+01 5.427671670913696289e+01 3.300000000000000000e+01 3.410000000000000000e+02
2.304100000000002169e+01 5.427671670913696289e+01 3.400000000000000000e+01 1.730000000000000000e+02
2.369000000000002970e+01 5.427671670913696289e+01 3.500000000000000000e+01 3.120000000000000000e+02
2.419000000000003681e+01 5.427671670913696289e+01 3.600000000000000000e+01 2.080000000000000000e+02
2.467900000000003402e+01 5.427671670913696289e+01 3.700000000000000000e+01 3.760000000000000000e+02
2.491500000000003467e+01 5.427671670913696289e+01 3.800000000000000000e+01 3.510000000000000000e+02
2.524700000000003186e+01 5.427671670913696289e+01 3.900000000000000000e+01 3.910000000000000000e+02
2.631200000000003314e+01 5.427671670913696289e+01 4.000000000000000000e+01 3.700000000000000000e+02
2.642600000000003391e+01 5.427671670913696289e+01 4.100000000000000000e+01 3.690000000000000000e+02
2.713900000000003132e+01 5.427671670913696289e+01 4.200000000000000000e+01 5.640000000000000000e+02
2.759100000000004727e+01 5.427671670913696289e+01 4.300000000000000000e+01 5.450000000000000000e+02
2.841100000000004755e+01 5.427671670913696289e+01 4.400000000000000000e+01 4.500000000000000000e+02
2.858100000000004570e+01 5.427671670913696289e+01 4.500000000000000000e+01 6.300000000000000000e+02
2.923400000000005861e+01 5.427671670913696289e+01 4.600000000000000000e+01 4.030000000000000000e+02
3.006500000000005102e+01 5.427671670913696289e+01 4.700000000000000000e+01 7.290000000000000000e+02
3.096100000000004826e+01 5.427671670913696289e+01 4.800000000000000000e+01 5.120000000000000000e+02
3.159300000000006037e+01 5.427671670913696289e+01 4.900000000000000000e+01 5.530000000000000000e+02
3.186700000000005417e+01 5.427671670913696289e+01 5.000000000000000000e+01 6.950000000000000000e+02
3.238400000000009271e+01 5.427671670913696289e+01 5.100000000000000000e+01 7.690000000000000000e+02
3.277700000000009339e+01 5.427671670913696289e+01 5.200000000000000000e+01 9.470000000000000000e+02
3.395400000000016405e+01 5.427671670913696289e+01 5.300000000000000000e+01 1.085000000000000000e+03
3.474100000000018440e+01 5.427671670913696289e+01 5.400000000000000000e+01 6.900000000000000000e+02
3.478800000000018855e+01 5.427671670913696289e+01 5.500000000000000000e+01 9.960000000000000000e+02
3.596500000000024500e+01 5.427671670913696289e+01 5.600000000000000000e+01 9.740000000000000000e+02
3.693900000000034822e+01 5.427671670913696289e+01 5.700000000000000000e+01 1.321000000000000000e+03
3.737300000000035283e+01 5.427671670913696289e+01 5.800000000000000000e+01 1.423000000000000000e+03
3.798200000000041854e+01 5.427671670913696289e+01 5.900000000000000000e+01 1.073000000000000000e+03
3.902200000000039637e+01 5.427671670913696289e+01 6.000000000000000000e+01 1.020000000000000000e+03
3.982700000000053819e+01 5.427671670913696289e+01 6.100000000000000000e+01 9.390000000000000000e+02
4.071800000000058617e+01 5.427671670913696289e+01 6.200000000000000000e+01 1.486000000000000000e+03
4.142400000000061766e+01 5.427671670913696289e+01 6.300000000000000000e+01 1.175000000000000000e+03
4.255000000000065796e+01 5.427671670913696289e+01 6.400000000000000000e+01 1.843000000000000000e+03
4.364100000000070168e+01 5.427671670913696289e+01 6.500000000000000000e+01 1.279000000000000000e+03
4.495000000000074891e+01 5.427671670913696289e+01 6.600000000000000000e+01 2.430000000000000000e+03
4.564600000000076818e+01 5.427671670913696289e+01 6.700000000000000000e+01 1.357000000000000000e+03
4.880700000000089034e+01 5.427671670913696289e+01 6.800000000000000000e+01 1.091000000000000000e+03
4.987800000000093092e+01 5.427671670913696289e+01 6.900000000000000000e+01 2.181000000000000000e+03
5.161100000000099897e+01 5.427671670913696289e+01 7.000000000000000000e+01 1.591000000000000000e+03
5.263800000000103552e+01 5.427671670913696289e+01 7.100000000000000000e+01 1.325000000000000000e+03
5.431200000000109895e+01 5.427671670913696289e+01 7.200000000000000000e+01 1.567000000000000000e+03
5.427671670913696289e+01 5.427671670913696289e+01 7.300000000000000000e+01 4.810000000000000000e+02
5.427671670913696289e+01 5.427671670913696289e+01 7.400000000000000000e+01 7.310000000000000000e+02
3.808999999999999719e+00 5.659924554824829102e+01 0.000000000000000000e+00 0.000000000000000000e+00
5.522000000000000242e+00 5.659924554824829102e+01 1.000000000000000000e+00 2.000000000000000000e+00
6.627000000000000668e+00 5.659924554824829102e+01 2.000000000000000000e+00 1.700000000000000000e+01
7.352000000000001201e+00 5.659924554824829102e+01 3.000000000000000000e+00 2.900000000000000000e+01
8.573000000000000398e+00 5.659924554824829102e+01 4.000000000000000000e+00 1.900000000000000000e+01
9.258000000000000895e+00 5.659924554824829102e+01 5.000000000000000000e+00 2.400000000000000000e+01
1.008999999999999808e+01 5.659924554824829102e+01 6.000000000000000000e+00 2.700000000000000000e+01
1.058000000000000007e+01 5.659924554824829102e+01 7.000000000000000000e+00 4.200000000000000000e+01
1.121400000000000041e+01 5.659924554824829102e+01 8.000000000000000000e+00 4.500000000000000000e+01
1.198299999999999876e+01 5.659924554824829102e+01 9.000000000000000000e+00 4.200000000000000000e+01
1.258199999999999719e+01 5.659924554824829102e+01 1.000000000000000000e+01 4.100000000000000000e+01
1.388999999999999524e+01 5.659924554824829102e+01 1.100000000000000000e+01 7.200000000000000000e+01
1.417599999999999483e+01 5.659924554824829102e+01 1.200000000000000000e+01 9.000000000000000000e+01
1.542299999999999471e+01 5.659924554824829102e+01 1.300000000000000000e+01 8.300000000000000000e+01
1.582699999999999285e+01 5.659924554824829102e+01 1.400000000000000000e+01 8.800000000000000000e+01
1.595999999999999375e+01 5.659924554824829102e+01 1.500000000000000000e+01 9.600000000000000000e+01
1.633999999999999631e+01 5.659924554824829102e+01 1.600000000000000000e+01 1.280000000000000000e+02
1.646499999999999631e+01 5.659924554824829102e+01 1.700000000000000000e+01 9.100000000000000000e+01
1.694199999999999307e+01 5.659924554824829102e+01 1.800000000000000000e+01 1.030000000000000000e+02
1.751499999999999346e+01 5.659924554824829102e+01 1.900000000000000000e+01 1.440000000000000000e+02
1.840099999999999270e+01 5.659924554824829102e+01 2.000000000000000000e+01 1.570000000000000000e+02
1.937699999999999179e+01 5.659924554824829102e+01 2.100000000000000000e+01 1.510000000000000000e+02
1.937699999999999179e+01 5.659924554824829102e+01 2.200000000000000000e+01 1.640000000000000000e+02
1.955699999999998795e+01 5.659924554824829102e+01 2.300000000000000000e+01 1.180000000000000000e+02
2.012599999999999767e+01 5.659924554824829102e+01 2.400000000000000000e+01 1.410000000000000000e+02
2.059400000000000119e+01 5.659924554824829102e+01 2.500000000000000000e+01 1.750000000000000000e+02
2.130200000000000671e+01 5.659924554824829102e+01 2.600000000000000000e+01 1.550000000000000000e+02
2.156600000000000605e+01 5.659924554824829102e+01 2.700000000000000000e+01 2.040000000000000000e+02
2.204400000000000404e+01 5.659924554824829102e+01 2.800000000000000000e+01 1.320000000000000000e+02
2.239600000000000435e+01 5.659924554824829102e+01 2.900000000000000000e+01 2.560000000000000000e+02
2.287800000000000367e+01 5.659924554824829102e+01 3.000000000000000000e+01 2.100000000000000000e+02
2.318500000000000227e+01 5.659924554824829102e+01 3.100000000000000000e+01 3.390000000000000000e+02
2.355200000000000315e+01 5.659924554824829102e+01 3.200000000000000000e+01 2.510000000000000000e+02
2.409100000000000463e+01 5.659924554824829102e+01 3.300000000000000000e+01 2.460000000000000000e+02
2.439300000000000068e+01 5.659924554824829102e+01 3.400000000000000000e+01 2.560000000000000000e+02
2.515899999999999892e+01 5.659924554824829102e+01 3.500000000000000000e+01 2.460000000000000000e+02
2.554100000000000037e+01 5.659924554824829102e+01 3.600000000000000000e+01 3.460000000000000000e+02
2.601300000000000878e+01 5.659924554824829102e+01 3.700000000000000000e+01 3.640000000000000000e+02
2.627800000000000935e+01 5.659924554824829102e+01 3.800000000000000000e+01 3.100000000000000000e+02
2.678400000000000247e+01 5.659924554824829102e+01 3.900000000000000000e+01 4.860000000000000000e+02
2.748499999999999943e+01 5.659924554824829102e+01 4.000000000000000000e+01 3.570000000000000000e+02
2.796399999999999864e+01 5.659924554824829102e+01 4.100000000000000000e+01 3.630000000000000000e+02
2.851600000000000179e+01 5.659924554824829102e+01 4.200000000000000000e+01 4.840000000000000000e+02
2.896100000000001629e+01 5.659924554824829102e+01 4.300000000000000000e+01 3.630000000000000000e+02
3.025000000000002132e+01 5.659924554824829102e+01 4.400000000000000000e+01 6.230000000000000000e+02
3.044800000000001816e+01 5.659924554824829102e+01 4.500000000000000000e+01 4.970000000000000000e+02
3.117000000000002657e+01 5.659924554824829102e+01 4.600000000000000000e+01 6.920000000000000000e+02
3.161100000000002552e+01 5.659924554824829102e+01 4.700000000000000000e+01 5.110000000000000000e+02
3.190600000000002723e+01 5.659924554824829102e+01 4.800000000000000000e+01 6.090000000000000000e+02
3.306600000000000250e+01 5.659924554824829102e+01 4.900000000000000000e+01 6.430000000000000000e+02
3.322599999999998488e+01 5.659924554824829102e+01 5.000000000000000000e+01 5.900000000000000000e+02
3.375300000000003564e+01 5.659924554824829102e+01 5.100000000000000000e+01 6.790000000000000000e+02
3.463000000000002387e+01 5.659924554824829102e+01 5.200000000000000000e+01 8.530000000000000000e+02
3.557900000000007878e+01 5.659924554824829102e+01 5.300000000000000000e+01 8.580000000000000000e+02
3.645100000000009999e+01 5.659924554824829102e+01 5.400000000000000000e+01 8.600000000000000000e+02
3.678700000000011272e+01 5.659924554824829102e+01 5.500000000000000000e+01 7.620000000000000000e+02
3.764200000000012380e+01 5.659924554824829102e+01 5.600000000000000000e+01 9.590000000000000000e+02
3.811900000000015609e+01 5.659924554824829102e+01 5.700000000000000000e+01 7.930000000000000000e+02
3.866100000000015768e+01 5.659924554824829102e+01 5.800000000000000000e+01 8.300000000000000000e+02
3.951600000000021851e+01 5.659924554824829102e+01 5.900000000000000000e+01 1.230000000000000000e+03
4.245100000000032026e+01 5.659924554824829102e+01 6.000000000000000000e+01 1.653000000000000000e+03
4.300600000000041945e+01 5.659924554824829102e+01 6.100000000000000000e+01 1.419000000000000000e+03
4.356800000000043838e+01 5.659924554824829102e+01 6.200000000000000000e+01 1.191000000000000000e+03
4.432000000000047635e+01 5.659924554824829102e+01 6.300000000000000000e+01 1.029000000000000000e+03
4.608100000000054308e+01 5.659924554824829102e+01 6.400000000000000000e+01 2.381000000000000000e+03
4.676200000000057599e+01 5.659924554824829102e+01 6.500000000000000000e+01 2.009000000000000000e+03
4.809800000000061715e+01 5.659924554824829102e+01 6.600000000000000000e+01 1.754000000000000000e+03
4.929500000000066251e+01 5.659924554824829102e+01 6.700000000000000000e+01 2.489000000000000000e+03
5.111300000000073851e+01 5.659924554824829102e+01 6.800000000000000000e+01 1.858000000000000000e+03
5.211100000000077870e+01 5.659924554824829102e+01 6.900000000000000000e+01 1.834000000000000000e+03
5.310500000000081400e+01 5.659924554824829102e+01 7.000000000000000000e+01 2.226000000000000000e+03
5.455700000000086902e+01 5.659924554824829102e+01 7.100000000000000000e+01 1.231000000000000000e+03
5.644800000000093831e+01 5.659924554824829102e+01 7.200000000000000000e+01 1.459000000000000000e+03
5.659924554824829102e+01 5.659924554824829102e+01 7.300000000000000000e+01 7.690000000000000000e+02
5.659924554824829102e+01 5.659924554824829102e+01 7.400000000000000000e+01 7.410000000000000000e+02
4.602999999999999758e+00 6.385565137863159180e+01 0.000000000000000000e+00 0.000000000000000000e+00
6.445999999999999730e+00 6.385565137863159180e+01 1.000000000000000000e+00 1.600000000000000000e+01
7.343000000000000860e+00 6.385565137863159180e+01 2.000000000000000000e+00 1.800000000000000000e+01
7.869000000000000661e+00 6.385565137863159180e+01 3.000000000000000000e+00 1.300000000000000000e+01
8.720000000000002416e+00 6.385565137863159180e+01 4.000000000000000000e+00 1.500000000000000000e+01
9.215000000000003411e+00 6.385565137863159180e+01 5.000000000000000000e+00 2.600000000000000000e+01
9.874000000000004107e+00 6.385565137863159180e+01 6.000000000000000000e+00 2.000000000000000000e+01
1.081700000000000550e+01 6.385565137863159180e+01 7.000000000000000000e+00 3.600000000000000000e+01
1.112700000000000600e+01 6.385565137863159180e+01 8.000000000000000000e+00 4.800000000000000000e+01
1.157800000000000473e+01 6.385565137863159180e+01 9.000000000000000000e+00 7.300000000000000000e+01
1.184800000000000253e+01 6.385565137863159180e+01 1.000000000000000000e+01 2.500000000000000000e+01
1.261000000000000298e+01 6.385565137863159180e+01 1.100000000000000000e+01 6.700000000000000000e+01
1.302400000000000269e+01 6.385565137863159180e+01 1.200000000000000000e+01 3.000000000000000000e+01
1.369200000000000372e+01 6.385565137863159180e+01 1.300000000000000000e+01 7.600000000000000000e+01
1.499100000000000321e+01 6.385565137863159180e+01 1.400000000000000000e+01 7.000000000000000000e+01
1.549900000000000233e+01 6.385565137863159180e+01 1.500000000000000000e+01 6.500000000000000000e+01
1.582600000000000051e+01 6.385565137863159180e+01 1.600000000000000000e+01 1.060000000000000000e+02
1.645599999999999952e+01 6.385565137863159180e+01 1.700000000000000000e+01 8.600000000000000000e+01
1.693299999999999983e+01 6.385565137863159180e+01 1.800000000000000000e+01 1.470000000000000000e+02
1.773599999999999000e+01 6.385565137863159180e+01 1.900000000000000000e+01 1.240000000000000000e+02
1.806599999999999184e+01 6.385565137863159180e+01 2.000000000000000000e+01 1.550000000000000000e+02
1.848899999999999366e+01 6.385565137863159180e+01 2.100000000000000000e+01 9.000000000000000000e+01
1.919999999999998863e+01 6.385565137863159180e+01 2.200000000000000000e+01 1.660000000000000000e+02
1.959699999999998710e+01 6.385565137863159180e+01 2.300000000000000000e+01 1.400000000000000000e+02
1.998099999999998388e+01 6.385565137863159180e+01 2.400000000000000000e+01 1.580000000000000000e+02
2.035099999999998133e+01 6.385565137863159180e+01 2.500000000000000000e+01 1.760000000000000000e+02
2.070799999999998064e+01 6.385565137863159180e+01 2.600000000000000000e+01 2.190000000000000000e+02
2.096699999999997743e+01 6.385565137863159180e+01 2.700000000000000000e+01 1.570000000000000000e+02
2.179899999999996751e+01 6.385565137863159180e+01 2.800000000000000000e+01 1.570000000000000000e+02
2.188199999999996592e+01 6.385565137863159180e+01 2.900000000000000000e+01 2.490000000000000000e+02
2.241199999999997061e+01 6.385565137863159180e+01 3.000000000000000000e+01 2.660000000000000000e+02
2.283099999999997465e+01 6.385565137863159180e+01 3.100000000000000000e+01 2.070000000000000000e+02
2.324199999999998312e+01 6.385565137863159180e+01 3.200000000000000000e+01 2.060000000000000000e+02
2.348299999999998633e+01 6.385565137863159180e+01 3.300000000000000000e+01 2.440000000000000000e+02
2.405499999999998195e+01 6.385565137863159180e+01 3.400000000000000000e+01 2.390000000000000000e+02
2.446899999999997632e+01 6.385565137863159180e+01 3.500000000000000000e+01 2.290000000000000000e+02
2.483399999999997476e+01 6.385565137863159180e+01 3.600000000000000000e+01 3.060000000000000000e+02
2.519399999999997419e+01 6.385565137863159180e+01 3.700000000000000000e+01 2.300000000000000000e+02
2.590999999999997883e+01 6.385565137863159180e+01 3.800000000000000000e+01 3.230000000000000000e+02
2.648499999999997812e+01 6.385565137863159180e+01 3.900000000000000000e+01 3.070000000000000000e+02
2.677399999999997604e+01 6.385565137863159180e+01 4.000000000000000000e+01 3.170000000000000000e+02
2.719999999999996732e+01 6.385565137863159180e+01 4.100000000000000000e+01 4.170000000000000000e+02
2.778099999999996683e+01 6.385565137863159180e+01 4.200000000000000000e+01 4.130000000000000000e+02
2.785199999999996834e+01 6.385565137863159180e+01 4.300000000000000000e+01 2.840000000000000000e+02
2.859599999999998232e+01 6.385565137863159180e+01 4.400000000000000000e+01 3.940000000000000000e+02
2.919999999999997442e+01 6.385565137863159180e+01 4.500000000000000000e+01 3.630000000000000000e+02
2.963699999999998269e+01 6.385565137863159180e+01 4.600000000000000000e+01 4.260000000000000000e+02
3.041600000000000392e+01 6.385565137863159180e+01 4.700000000000000000e+01 4.830000000000000000e+02
3.073300000000000054e+01 6.385565137863159180e+01 4.800000000000000000e+01 4.800000000000000000e+02
3.136600000000000321e+01 6.385565137863159180e+01 4.900000000000000000e+01 4.410000000000000000e+02
3.199200000000000443e+01 6.385565137863159180e+01 5.000000000000000000e+01 7.120000000000000000e+02
3.263200000000003342e+01 6.385565137863159180e+01 5.100000000000000000e+01 4.080000000000000000e+02
3.347000000000006281e+01 6.385565137863159180e+01 5.200000000000000000e+01 7.150000000000000000e+02
3.428400000000006997e+01 6.385565137863159180e+01 5.300000000000000000e+01 9.090000000000000000e+02
3.474500000000010402e+01 6.385565137863159180e+01 5.400000000000000000e+01 9.630000000000000000e+02
3.601900000000002677e+01 6.385565137863159180e+01 5.500000000000000000e+01 9.610000000000000000e+02
3.709900000000011033e+01 6.385565137863159180e+01 5.600000000000000000e+01 7.660000000000000000e+02
3.819700000000007378e+01 6.385565137863159180e+01 5.700000000000000000e+01 6.230000000000000000e+02
3.879500000000012250e+01 6.385565137863159180e+01 5.800000000000000000e+01 8.410000000000000000e+02
3.960200000000013887e+01 6.385565137863159180e+01 5.900000000000000000e+01 1.351000000000000000e+03
4.033900000000016917e+01 6.385565137863159180e+01 6.000000000000000000e+01 1.666000000000000000e+03
4.196100000000026142e+01 6.385565137863159180e+01 6.100000000000000000e+01 1.300000000000000000e+03
4.268400000000028882e+01 6.385565137863159180e+01 6.200000000000000000e+01 1.148000000000000000e+03
4.348200000000031906e+01 6.385565137863159180e+01 6.300000000000000000e+01 1.730000000000000000e+03
4.674200000000045208e+01 6.385565137863159180e+01 6.400000000000000000e+01 2.410000000000000000e+03
4.898200000000053222e+01 6.385565137863159180e+01 6.500000000000000000e+01 2.251000000000000000e+03
4.957000000000054740e+01 6.385565137863159180e+01 6.600000000000000000e+01 2.337000000000000000e+03
5.031600000000057804e+01 6.385565137863159180e+01 6.700000000000000000e+01 3.155000000000000000e+03
5.262000000000065114e+01 6.385565137863159180e+01 6.800000000000000000e+01 2.395000000000000000e+03
5.570600000000078467e+01 6.385565137863159180e+01 6.900000000000000000e+01 2.327000000000000000e+03
5.690600000000083014e+01 6.385565137863159180e+01 7.000000000000000000e+01 2.422000000000000000e+03
5.809000000000087738e+01 6.385565137863159180e+01 7.100000000000000000e+01 1.699000000000000000e+03
6.389800000000109037e+01 6.385565137863159180e+01 7.200000000000000000e+01 2.509000000000000000e+03
6.385565137863159180e+01 6.385565137863159180e+01 7.300000000000000000e+01 7.720000000000000000e+02
6.385565137863159180e+01 6.385565137863159180e+01 7.400000000000000000e+01 7.590000000000000000e+02
3.862999999999999101e+00 5.319855308532714844e+01 0.000000000000000000e+00 1.200000000000000000e+01
4.963000000000000078e+00 5.319855308532714844e+01 1.000000000000000000e+00 1.500000000000000000e+01
5.900000000000000355e+00 5.319855308532714844e+01 2.000000000000000000e+00 1.400000000000000000e+01
6.076999999999999957e+00 5.319855308532714844e+01 3.000000000000000000e+00 2.100000000000000000e+01
6.758999999999999453e+00 5.319855308532714844e+01 4.000000000000000000e+00 2.400000000000000000e+01
6.909999999999999254e+00 5.319855308532714844e+01 5.000000000000000000e+00 3.100000000000000000e+01
8.066999999999998394e+00 5.319855308532714844e+01 6.000000000000000000e+00 3.700000000000000000e+01
8.696999999999999176e+00 5.319855308532714844e+01 7.000000000000000000e+00 4.600000000000000000e+01
8.852999999999999758e+00 5.319855308532714844e+01 8.000000000000000000e+00 3.400000000000000000e+01
9.453999999999998849e+00 5.319855308532714844e+01 9.000000000000000000e+00 6.700000000000000000e+01
9.887999999999998124e+00 5.319855308532714844e+01 1.000000000000000000e+01 6.300000000000000000e+01
1.003699999999999726e+01 5.319855308532714844e+01 1.100000000000000000e+01 5.100000000000000000e+01
1.073199999999999754e+01 5.319855308532714844e+01 1.200000000000000000e+01 7.500000000000000000e+01
1.113699999999999690e+01 5.319855308532714844e+01 1.300000000000000000e+01 6.900000000000000000e+01
1.165799999999999592e+01 5.319855308532714844e+01 1.400000000000000000e+01 5.700000000000000000e+01
1.200199999999999712e+01 5.319855308532714844e+01 1.500000000000000000e+01 6.800000000000000000e+01
1.253899999999999437e+01 5.319855308532714844e+01 1.600000000000000000e+01 9.600000000000000000e+01
1.337299999999999578e+01 5.319855308532714844e+01 1.700000000000000000e+01 9.200000000000000000e+01
1.418199999999999683e+01 5.319855308532714844e+01 1.800000000000000000e+01 1.010000000000000000e+02
1.429299999999999748e+01 5.319855308532714844e+01 1.900000000000000000e+01 9.700000000000000000e+01
1.495399999999999885e+01 5.319855308532714844e+01 2.000000000000000000e+01 1.540000000000000000e+02
1.529599999999999760e+01 5.319855308532714844e+01 2.100000000000000000e+01 1.700000000000000000e+02
1.599199999999999910e+01 5.319855308532714844e+01 2.200000000000000000e+01 1.560000000000000000e+02
1.688600000000000634e+01 5.319855308532714844e+01 2.300000000000000000e+01 1.120000000000000000e+02
1.717400000000000304e+01 5.319855308532714844e+01 2.400000000000000000e+01 1.910000000000000000e+02
1.770000000000000284e+01 5.319855308532714844e+01 2.500000000000000000e+01 2.090000000000000000e+02
1.768100000000000449e+01 5.319855308532714844e+01 2.600000000000000000e+01 1.720000000000000000e+02
1.851100000000000279e+01 5.319855308532714844e+01 2.700000000000000000e+01 2.190000000000000000e+02
1.917599999999999838e+01 5.319855308532714844e+01 2.800000000000000000e+01 2.120000000000000000e+02
1.925799999999999912e+01 5.319855308532714844e+01 2.900000000000000000e+01 2.150000000000000000e+02
1.995200000000000884e+01 5.319855308532714844e+01 3.000000000000000000e+01 1.820000000000000000e+02
2.049300000000001631e+01 5.319855308532714844e+01 3.100000000000000000e+01 2.120000000000000000e+02
2.091000000000002146e+01 5.319855308532714844e+01 3.200000000000000000e+01 2.370000000000000000e+02
2.147200000000002618e+01 5.319855308532714844e+01 3.300000000000000000e+01 2.500000000000000000e+02
2.151400000000002066e+01 5.319855308532714844e+01 3.400000000000000000e+01 2.320000000000000000e+02
2.224100000000001742e+01 5.319855308532714844e+01 3.500000000000000000e+01 3.050000000000000000e+02
2.280900000000001171e+01 5.319855308532714844e+01 3.600000000000000000e+01 2.370000000000000000e+02
2.314600000000001145e+01 5.319855308532714844e+01 3.700000000000000000e+01 2.580000000000000000e+02
2.367800000000001148e+01 5.319855308532714844e+01 3.800000000000000000e+01 2.910000000000000000e+02
2.539200000000001367e+01 5.319855308532714844e+01 3.900000000000000000e+01 2.670000000000000000e+02
2.579000000000000625e+01 5.319855308532714844e+01 4.000000000000000000e+01 5.430000000000000000e+02
2.667899999999998428e+01 5.319855308532714844e+01 4.100000000000000000e+01 4.980000000000000000e+02
2.728399999999998116e+01 5.319855308532714844e+01 4.200000000000000000e+01 4.940000000000000000e+02
2.810099999999999199e+01 5.319855308532714844e+01 4.300000000000000000e+01 4.380000000000000000e+02
2.850100000000000477e+01 5.319855308532714844e+01 4.400000000000000000e+01 4.790000000000000000e+02
2.911200000000000898e+01 5.319855308532714844e+01 4.500000000000000000e+01 5.540000000000000000e+02
2.955800000000001049e+01 5.319855308532714844e+01 4.600000000000000000e+01 4.930000000000000000e+02
2.970800000000001972e+01 5.319855308532714844e+01 4.700000000000000000e+01 6.670000000000000000e+02
3.068500000000000583e+01 5.319855308532714844e+01 4.800000000000000000e+01 6.950000000000000000e+02
3.120400000000000773e+01 5.319855308532714844e+01 4.900000000000000000e+01 6.410000000000000000e+02
3.153600000000001558e+01 5.319855308532714844e+01 5.000000000000000000e+01 6.920000000000000000e+02
3.205000000000000426e+01 5.319855308532714844e+01 5.100000000000000000e+01 8.180000000000000000e+02
3.405400000000012994e+01 5.319855308532714844e+01 5.200000000000000000e+01 1.099000000000000000e+03
3.402000000000011681e+01 5.319855308532714844e+01 5.300000000000000000e+01 7.670000000000000000e+02
3.498900000000018196e+01 5.319855308532714844e+01 5.400000000000000000e+01 9.180000000000000000e+02
3.552800000000016212e+01 5.319855308532714844e+01 5.500000000000000000e+01 8.640000000000000000e+02
3.595400000000019958e+01 5.319855308532714844e+01 5.600000000000000000e+01 9.630000000000000000e+02
3.680100000000013694e+01 5.319855308532714844e+01 5.700000000000000000e+01 9.710000000000000000e+02
3.772100000000022391e+01 5.319855308532714844e+01 5.800000000000000000e+01 1.491000000000000000e+03
3.869700000000025852e+01 5.319855308532714844e+01 5.900000000000000000e+01 1.045000000000000000e+03
3.943300000000027694e+01 5.319855308532714844e+01 6.000000000000000000e+01 1.222000000000000000e+03
4.010100000000033305e+01 5.319855308532714844e+01 6.100000000000000000e+01 1.864000000000000000e+03
4.094300000000036732e+01 5.319855308532714844e+01 6.200000000000000000e+01 1.500000000000000000e+03
4.152100000000039159e+01 5.319855308532714844e+01 6.300000000000000000e+01 1.200000000000000000e+03
4.253900000000042780e+01 5.319855308532714844e+01 6.400000000000000000e+01 2.244000000000000000e+03
4.351400000000046475e+01 5.319855308532714844e+01 6.500000000000000000e+01 1.704000000000000000e+03
4.546600000000054109e+01 5.319855308532714844e+01 6.600000000000000000e+01 1.766000000000000000e+03
4.788200000000063028e+01 5.319855308532714844e+01 6.700000000000000000e+01 1.671000000000000000e+03
4.816200000000063852e+01 5.319855308532714844e+01 6.800000000000000000e+01 1.698000000000000000e+03
4.927400000000068303e+01 5.319855308532714844e+01 6.900000000000000000e+01 1.360000000000000000e+03
5.060100000000073095e+01 5.319855308532714844e+01 7.000000000000000000e+01 2.221000000000000000e+03
5.191400000000078307e+01 5.319855308532714844e+01 7.100000000000000000e+01 1.576000000000000000e+03
5.321900000000083253e+01 5.319855308532714844e+01 7.200000000000000000e+01 1.242000000000000000e+03
5.319855308532714844e+01 5.319855308532714844e+01 7.300000000000000000e+01 6.270000000000000000e+02
5.319855308532714844e+01 5.319855308532714844e+01 7.400000000000000000e+01 8.390000000000000000e+02
