4.225000000000000533e+00 3.180600214004516602e+01 0.000000000000000000e+00 0.000000000000000000e+00
4.626000000000001222e+00 3.180600214004516602e+01 1.000000000000000000e+00 4.000000000000000000e+00
6.009999999999999787e+00 3.180600214004516602e+01 2.000000000000000000e+00 0.000000000000000000e+00
6.202999999999999403e+00 3.180600214004516602e+01 3.000000000000000000e+00 1.000000000000000000e+01
6.390999999999999126e+00 3.180600214004516602e+01 4.000000000000000000e+00 1.100000000000000000e+01
7.145999999999998131e+00 3.180600214004516602e+01 5.000000000000000000e+00 1.000000000000000000e+01
7.324999999999998401e+00 3.180600214004516602e+01 6.000000000000000000e+00 2.500000000000000000e+01
8.010999999999999233e+00 3.180600214004516602e+01 7.000000000000000000e+00 1.500000000000000000e+01
8.010999999999999233e+00 3.180600214004516602e+01 8.000000000000000000e+00 1.700000000000000000e+01
8.165999999999998593e+00 3.180600214004516602e+01 9.000000000000000000e+00 2.300000000000000000e+01
8.674999999999998934e+00 3.180600214004516602e+01 1.000000000000000000e+01 1.100000000000000000e+01
8.674999999999998934e+00 3.180600214004516602e+01 1.100000000000000000e+01 3.400000000000000000e+01
9.136999999999998678e+00 3.180600214004516602e+01 1.200000000000000000e+01 3.300000000000000000e+01
9.286999999999999034e+00 3.180600214004516602e+01 1.300000000000000000e+01 2.900000000000000000e+01
9.561999999999997613e+00 3.180600214004516602e+01 1.400000000000000000e+01 2.700000000000000000e+01
1.017599999999999838e+01 3.180600214004516602e+01 1.500000000000000000e+01 2.900000000000000000e+01
1.031099999999999817e+01 3.180600214004516602e+01 1.600000000000000000e+01 4.400000000000000000e+01
1.071199999999999797e+01 3.180600214004516602e+01 1.700000000000000000e+01 6.100000000000000000e+01
1.113299999999999734e+01 3.180600214004516602e+01 1.800000000000000000e+01 5.300000000000000000e+01
1.125999999999999801e+01 3.180600214004516602e+01 1.900000000000000000e+01 5.500000000000000000e+01
1.157399999999999629e+01 3.180600214004516602e+01 2.000000000000000000e+01 6.700000000000000000e+01
1.187399999999999700e+01 3.180600214004516602e+01 2.100000000000000000e+01 6.200000000000000000e+01
1.199099999999999788e+01 3.180600214004516602e+01 2.200000000000000000e+01 7.300000000000000000e+01
1.256699999999999839e+01 3.180600214004516602e+01 2.300000000000000000e+01 5.000000000000000000e+01
1.256699999999999839e+01 3.180600214004516602e+01 2.400000000000000000e+01 7.200000000000000000e+01
1.255999999999999694e+01 3.180600214004516602e+01 2.500000000000000000e+01 1.070000000000000000e+02
1.327099999999999902e+01 3.180600214004516602e+01 2.600000000000000000e+01 8.000000000000000000e+01
1.300699999999999790e+01 3.180600214004516602e+01 2.700000000000000000e+01 9.400000000000000000e+01
1.357700000000000173e+01 3.180600214004516602e+01 2.800000000000000000e+01 6.900000000000000000e+01
1.384200000000000230e+01 3.180600214004516602e+01 2.900000000000000000e+01 1.070000000000000000e+02
1.436400000000000077e+01 3.180600214004516602e+01 3.000000000000000000e+01 8.900000000000000000e+01
1.521900000000000119e+01 3.180600214004516602e+01 3.100000000000000000e+01 1.370000000000000000e+02
1.538600000000000279e+01 3.180600214004516602e+01 3.200000000000000000e+01 1.460000000000000000e+02
1.577900000000000347e+01 3.180600214004516602e+01 3.300000000000000000e+01 1.180000000000000000e+02
1.599700000000000344e+01 3.180600214004516602e+01 3.400000000000000000e+01 1.720000000000000000e+02
1.676400000000001000e+01 3.180600214004516602e+01 3.500000000000000000e+01 1.730000000000000000e+02
1.716800000000001347e+01 3.180600214004516602e+01 3.600000000000000000e+01 1.740000000000000000e+02
1.737900000000001555e+01 3.180600214004516602e+01 3.700000000000000000e+01 1.460000000000000000e+02
1.744500000000001450e+01 3.180600214004516602e+01 3.800000000000000000e+01 2.370000000000000000e+02
1.795200000000001239e+01 3.180600214004516602e+01 3.900000000000000000e+01 1.680000000000000000e+02
1.800600000000001089e+01 3.180600214004516602e+01 4.000000000000000000e+01 2.120000000000000000e+02
1.858100000000001017e+01 3.180600214004516602e+01 4.100000000000000000e+01 2.200000000000000000e+02
1.858100000000001017e+01 3.180600214004516602e+01 4.200000000000000000e+01 1.390000000000000000e+02
1.914200000000001012e+01 3.180600214004516602e+01 4.300000000000000000e+01 2.970000000000000000e+02
1.936600000000001032e+01 3.180600214004516602e+01 4.400000000000000000e+01 2.230000000000000000e+02
1.980800000000001759e+01 3.180600214004516602e+01 4.500000000000000000e+01 3.030000000000000000e+02
2.025700000000000855e+01 3.180600214004516602e+01 4.600000000000000000e+01 2.630000000000000000e+02
2.078900000000001214e+01 3.180600214004516602e+01 4.700000000000000000e+01 2.640000000000000000e+02
2.075400000000001199e+01 3.180600214004516602e+01 4.800000000000000000e+01 2.620000000000000000e+02
2.109600000000001074e+01 3.180600214004516602e+01 4.900000000000000000e+01 3.270000000000000000e+02
2.148000000000001464e+01 3.180600214004516602e+01 5.000000000000000000e+01 3.140000000000000000e+02
2.200800000000001688e+01 3.180600214004516602e+01 5.100000000000000000e+01 3.850000000000000000e+02
2.248500000000001720e+01 3.180600214004516602e+01 5.200000000000000000e+01 3.240000000000000000e+02
2.293300000000002470e+01 3.180600214004516602e+01 5.300000000000000000e+01 2.440000000000000000e+02
2.303400000000001668e+01 3.180600214004516602e+01 5.400000000000000000e+01 5.090000000000000000e+02
2.347200000000002262e+01 3.180600214004516602e+01 5.500000000000000000e+01 3.340000000000000000e+02
2.374400000000002109e+01 3.180600214004516602e+01 5.600000000000000000e+01 3.510000000000000000e+02
2.412099999999999156e+01 3.180600214004516602e+01 5.700000000000000000e+01 6.150000000000000000e+02
2.479899999999999949e+01 3.180600214004516602e+01 5.800000000000000000e+01 3.250000000000000000e+02
2.485599999999999099e+01 3.180600214004516602e+01 5.900000000000000000e+01 5.730000000000000000e+02
2.603900000000001214e+01 3.180600214004516602e+01 6.000000000000000000e+01 4.730000000000000000e+02
2.624299999999999500e+01 3.180600214004516602e+01 6.100000000000000000e+01 3.480000000000000000e+02
2.652899999999998570e+01 3.180600214004516602e+01 6.200000000000000000e+01 4.330000000000000000e+02
2.724999999999998934e+01 3.180600214004516602e+01 6.300000000000000000e+01 4.220000000000000000e+02
2.762899999999999778e+01 3.180600214004516602e+01 6.400000000000000000e+01 5.880000000000000000e+02
2.830500000000002103e+01 3.180600214004516602e+01 6.500000000000000000e+01 3.700000000000000000e+02
2.878600000000003334e+01 3.180600214004516602e+01 6.600000000000000000e+01 4.720000000000000000e+02
2.923700000000005161e+01 3.180600214004516602e+01 6.700000000000000000e+01 3.840000000000000000e+02
2.974700000000007449e+01 3.180600214004516602e+01 6.800000000000000000e+01 5.420000000000000000e+02
3.072300000000010911e+01 3.180600214004516602e+01 6.900000000000000000e+01 6.020000000000000000e+02
3.174200000000015010e+01 3.180600214004516602e+01 7.000000000000000000e+01 4.970000000000000000e+02
3.172900000000014842e+01 3.180600214004516602e+01 0.000000000000000000e+00 0.000000000000000000e+00
3.308123373985290527e+01 3.180600214004516602e+01 0.000000000000000000e+00 0.000000000000000000e+00
3.308123373985290527e+01 3.180600214004516602e+01 0.000000000000000000e+00 0.000000000000000000e+00
3.265300000000005554e+01 3.180600214004516602e+01 0.000000000000000000e+00 0.000000000000000000e+00
3.896000000000001240e+00 3.233981919288635254e+01 0.000000000000000000e+00 0.000000000000000000e+00
4.684000000000001052e+00 3.233981919288635254e+01 1.000000000000000000e+00 2.000000000000000000e+00
5.641000000000002679e+00 3.233981919288635254e+01 2.000000000000000000e+00 8.000000000000000000e+00
5.826000000000002288e+00 3.233981919288635254e+01 3.000000000000000000e+00 1.000000000000000000e+00
6.930000000000004157e+00 3.233981919288635254e+01 4.000000000000000000e+00 1.600000000000000000e+01
7.290000000000003588e+00 3.233981919288635254e+01 5.000000000000000000e+00 1.700000000000000000e+01
7.812000000000002942e+00 3.233981919288635254e+01 6.000000000000000000e+00 1.000000000000000000e+00
8.321000000000003283e+00 3.233981919288635254e+01 7.000000000000000000e+00 2.800000000000000000e+01
8.985000000000002984e+00 3.233981919288635254e+01 8.000000000000000000e+00 1.300000000000000000e+01
9.309000000000002828e+00 3.233981919288635254e+01 9.000000000000000000e+00 2.300000000000000000e+01
9.309000000000002828e+00 3.233981919288635254e+01 1.000000000000000000e+01 1.000000000000000000e+01
9.622000000000003439e+00 3.233981919288635254e+01 1.100000000000000000e+01 4.200000000000000000e+01
9.622000000000003439e+00 3.233981919288635254e+01 1.200000000000000000e+01 9.000000000000000000e+00
1.035100000000000264e+01 3.233981919288635254e+01 1.300000000000000000e+01 3.800000000000000000e+01
1.049600000000000222e+01 3.233981919288635254e+01 1.400000000000000000e+01 2.400000000000000000e+01
1.058600000000000207e+01 3.233981919288635254e+01 1.500000000000000000e+01 3.200000000000000000e+01
1.077200000000000202e+01 3.233981919288635254e+01 1.600000000000000000e+01 5.100000000000000000e+01
1.123000000000000043e+01 3.233981919288635254e+01 1.700000000000000000e+01 7.000000000000000000e+01
1.142300000000000004e+01 3.233981919288635254e+01 1.800000000000000000e+01 3.100000000000000000e+01
1.204000000000000092e+01 3.233981919288635254e+01 1.900000000000000000e+01 5.900000000000000000e+01
1.251400000000000290e+01 3.233981919288635254e+01 2.000000000000000000e+01 5.800000000000000000e+01
1.246300000000000274e+01 3.233981919288635254e+01 2.100000000000000000e+01 5.300000000000000000e+01
1.274600000000000399e+01 3.233981919288635254e+01 2.200000000000000000e+01 9.600000000000000000e+01
1.278300000000000480e+01 3.233981919288635254e+01 2.300000000000000000e+01 5.600000000000000000e+01
1.338700000000000223e+01 3.233981919288635254e+01 2.400000000000000000e+01 9.400000000000000000e+01
1.369200000000000195e+01 3.233981919288635254e+01 2.500000000000000000e+01 7.000000000000000000e+01
1.388600000000000101e+01 3.233981919288635254e+01 2.600000000000000000e+01 6.100000000000000000e+01
1.456700000000000017e+01 3.233981919288635254e+01 2.700000000000000000e+01 1.010000000000000000e+02
1.466200000000000081e+01 3.233981919288635254e+01 2.800000000000000000e+01 1.220000000000000000e+02
1.475200000000000067e+01 3.233981919288635254e+01 2.900000000000000000e+01 6.000000000000000000e+01
1.526300000000000168e+01 3.233981919288635254e+01 3.000000000000000000e+01 6.700000000000000000e+01
1.496499999999999986e+01 3.233981919288635254e+01 3.100000000000000000e+01 1.280000000000000000e+02
1.558200000000000074e+01 3.233981919288635254e+01 3.200000000000000000e+01 1.470000000000000000e+02
1.604000000000000270e+01 3.233981919288635254e+01 3.300000000000000000e+01 8.200000000000000000e+01
1.625600000000000378e+01 3.233981919288635254e+01 3.400000000000000000e+01 1.610000000000000000e+02
1.647800000000000509e+01 3.233981919288635254e+01 3.500000000000000000e+01 1.360000000000000000e+02
1.703800000000000736e+01 3.233981919288635254e+01 3.600000000000000000e+01 1.650000000000000000e+02
1.728800000000001091e+01 3.233981919288635254e+01 3.700000000000000000e+01 1.460000000000000000e+02
1.747900000000000986e+01 3.233981919288635254e+01 3.800000000000000000e+01 2.280000000000000000e+02
1.778000000000000824e+01 3.233981919288635254e+01 3.900000000000000000e+01 1.130000000000000000e+02
1.800600000000000023e+01 3.233981919288635254e+01 4.000000000000000000e+01 2.060000000000000000e+02
1.846399999999999864e+01 3.233981919288635254e+01 4.100000000000000000e+01 1.180000000000000000e+02
1.820799999999999486e+01 3.233981919288635254e+01 4.200000000000000000e+01 1.960000000000000000e+02
1.901699999999999591e+01 3.233981919288635254e+01 4.300000000000000000e+01 1.740000000000000000e+02
1.931199999999999406e+01 3.233981919288635254e+01 4.400000000000000000e+01 1.920000000000000000e+02
1.972200000000000131e+01 3.233981919288635254e+01 4.500000000000000000e+01 3.180000000000000000e+02
2.000699999999999790e+01 3.233981919288635254e+01 4.600000000000000000e+01 1.920000000000000000e+02
2.002399999999999736e+01 3.233981919288635254e+01 4.700000000000000000e+01 2.030000000000000000e+02
2.055100000000000549e+01 3.233981919288635254e+01 4.800000000000000000e+01 3.160000000000000000e+02
2.099500000000000455e+01 3.233981919288635254e+01 4.900000000000000000e+01 3.360000000000000000e+02
2.119900000000000517e+01 3.233981919288635254e+01 5.000000000000000000e+01 2.540000000000000000e+02
2.176700000000001722e+01 3.233981919288635254e+01 5.100000000000000000e+01 1.900000000000000000e+02
2.174700000000001410e+01 3.233981919288635254e+01 5.200000000000000000e+01 2.250000000000000000e+02
2.229600000000001359e+01 3.233981919288635254e+01 5.300000000000000000e+01 3.440000000000000000e+02
2.247100000000001430e+01 3.233981919288635254e+01 5.400000000000000000e+01 2.940000000000000000e+02
2.329299999999999216e+01 3.233981919288635254e+01 5.500000000000000000e+01 3.020000000000000000e+02
2.392100000000000293e+01 3.233981919288635254e+01 5.600000000000000000e+01 3.860000000000000000e+02
2.434699999999998710e+01 3.233981919288635254e+01 5.700000000000000000e+01 4.520000000000000000e+02
2.428299999999998704e+01 3.233981919288635254e+01 5.800000000000000000e+01 2.170000000000000000e+02
2.513999999999992951e+01 3.233981919288635254e+01 5.900000000000000000e+01 4.200000000000000000e+02
2.557499999999993179e+01 3.233981919288635254e+01 6.000000000000000000e+01 3.120000000000000000e+02
2.568599999999990757e+01 3.233981919288635254e+01 6.100000000000000000e+01 6.530000000000000000e+02
2.654799999999992011e+01 3.233981919288635254e+01 6.200000000000000000e+01 3.770000000000000000e+02
2.741999999999994131e+01 3.233981919288635254e+01 6.300000000000000000e+01 5.680000000000000000e+02
2.744599999999994466e+01 3.233981919288635254e+01 6.400000000000000000e+01 3.220000000000000000e+02
2.810799999999996146e+01 3.233981919288635254e+01 6.500000000000000000e+01 5.640000000000000000e+02
2.869299999999998363e+01 3.233981919288635254e+01 6.600000000000000000e+01 4.370000000000000000e+02
2.897799999999999798e+01 3.233981919288635254e+01 6.700000000000000000e+01 7.130000000000000000e+02
3.023400000000003729e+01 3.233981919288635254e+01 6.800000000000000000e+01 5.050000000000000000e+02
3.119200000000007833e+01 3.233981919288635254e+01 6.900000000000000000e+01 6.780000000000000000e+02
3.224400000000012056e+01 3.233981919288635254e+01 7.000000000000000000e+01 3.500000000000000000e+02
3.227400000000011460e+01 3.233981919288635254e+01 0.000000000000000000e+00 0.000000000000000000e+00
3.219030404090881348e+01 3.233981919288635254e+01 0.000000000000000000e+00 0.000000000000000000e+00
3.219030404090881348e+01 3.233981919288635254e+01 0.000000000000000000e+00 0.000000000000000000e+00
3.219030404090881348e+01 3.233981919288635254e+01 0.000000000000000000e+00 0.000000000000000000e+00
4.703999999999999737e+00 3.372975945472717285e+01 0.000000000000000000e+00 0.000000000000000000e+00
4.911999999999999922e+00 3.372975945472717285e+01 1.000000000000000000e+00 1.100000000000000000e+01
5.910999999999999588e+00 3.372975945472717285e+01 2.000000000000000000e+00 1.000000000000000000e+01
6.492999999999999439e+00 3.372975945472717285e+01 3.000000000000000000e+00 2.600000000000000000e+01
6.874999999999999112e+00 3.372975945472717285e+01 4.000000000000000000e+00 2.000000000000000000e+00
7.064999999999999503e+00 3.372975945472717285e+01 5.000000000000000000e+00 1.700000000000000000e+01
7.788999999999999702e+00 3.372975945472717285e+01 6.000000000000000000e+00 1.700000000000000000e+01
8.143000000000000682e+00 3.372975945472717285e+01 7.000000000000000000e+00 3.500000000000000000e+01
8.659000000000000696e+00 3.372975945472717285e+01 8.000000000000000000e+00 1.600000000000000000e+01
8.830000000000000071e+00 3.372975945472717285e+01 9.000000000000000000e+00 2.600000000000000000e+01
9.315999999999998948e+00 3.372975945472717285e+01 1.000000000000000000e+01 3.000000000000000000e+01
1.010299999999999976e+01 3.372975945472717285e+01 1.100000000000000000e+01 5.100000000000000000e+01
1.010299999999999976e+01 3.372975945472717285e+01 1.200000000000000000e+01 2.400000000000000000e+01
1.006999999999999851e+01 3.372975945472717285e+01 1.300000000000000000e+01 3.900000000000000000e+01
1.053800000000000026e+01 3.372975945472717285e+01 1.400000000000000000e+01 5.100000000000000000e+01
1.084200000000000053e+01 3.372975945472717285e+01 1.500000000000000000e+01 4.600000000000000000e+01
1.207700000000000173e+01 3.372975945472717285e+01 1.600000000000000000e+01 5.500000000000000000e+01
1.207700000000000173e+01 3.372975945472717285e+01 1.700000000000000000e+01 6.600000000000000000e+01
1.247300000000000253e+01 3.372975945472717285e+01 1.800000000000000000e+01 6.400000000000000000e+01
1.231600000000000250e+01 3.372975945472717285e+01 1.900000000000000000e+01 8.700000000000000000e+01
1.296500000000000341e+01 3.372975945472717285e+01 2.000000000000000000e+01 6.900000000000000000e+01
1.332200000000000450e+01 3.372975945472717285e+01 2.100000000000000000e+01 7.900000000000000000e+01
1.329600000000000470e+01 3.372975945472717285e+01 2.200000000000000000e+01 9.700000000000000000e+01
1.366500000000000448e+01 3.372975945472717285e+01 2.300000000000000000e+01 8.400000000000000000e+01
1.368700000000000472e+01 3.372975945472717285e+01 2.400000000000000000e+01 8.900000000000000000e+01
1.362000000000000455e+01 3.372975945472717285e+01 2.500000000000000000e+01 1.140000000000000000e+02
1.460400000000000631e+01 3.372975945472717285e+01 2.600000000000000000e+01 9.700000000000000000e+01
1.472900000000000809e+01 3.372975945472717285e+01 2.700000000000000000e+01 9.100000000000000000e+01
1.527900000000000702e+01 3.372975945472717285e+01 2.800000000000000000e+01 8.100000000000000000e+01
1.514000000000000412e+01 3.372975945472717285e+01 2.900000000000000000e+01 1.450000000000000000e+02
1.564500000000000490e+01 3.372975945472717285e+01 3.000000000000000000e+01 1.330000000000000000e+02
1.590200000000000458e+01 3.372975945472717285e+01 3.100000000000000000e+01 1.230000000000000000e+02
1.623300000000000409e+01 3.372975945472717285e+01 3.200000000000000000e+01 1.360000000000000000e+02
1.621300000000000452e+01 3.372975945472717285e+01 3.300000000000000000e+01 8.900000000000000000e+01
1.701500000000000767e+01 3.372975945472717285e+01 3.400000000000000000e+01 1.390000000000000000e+02
1.753400000000001668e+01 3.372975945472717285e+01 3.500000000000000000e+01 1.470000000000000000e+02
1.767200000000001836e+01 3.372975945472717285e+01 3.600000000000000000e+01 1.410000000000000000e+02
1.824500000000002942e+01 3.372975945472717285e+01 3.700000000000000000e+01 2.190000000000000000e+02
1.873100000000003007e+01 3.372975945472717285e+01 3.800000000000000000e+01 2.030000000000000000e+02
1.874800000000002598e+01 3.372975945472717285e+01 3.900000000000000000e+01 1.160000000000000000e+02
1.931600000000002382e+01 3.372975945472717285e+01 4.000000000000000000e+01 2.750000000000000000e+02
1.989200000000002078e+01 3.372975945472717285e+01 4.100000000000000000e+01 1.800000000000000000e+02
1.987100000000001998e+01 3.372975945472717285e+01 4.200000000000000000e+01 1.370000000000000000e+02
2.029500000000001592e+01 3.372975945472717285e+01 4.300000000000000000e+01 2.530000000000000000e+02
2.057700000000001594e+01 3.372975945472717285e+01 4.400000000000000000e+01 2.950000000000000000e+02
2.108400000000001029e+01 3.372975945472717285e+01 4.500000000000000000e+01 2.990000000000000000e+02
2.151000000000002288e+01 3.372975945472717285e+01 4.600000000000000000e+01 2.010000000000000000e+02
2.160200000000002518e+01 3.372975945472717285e+01 4.700000000000000000e+01 3.910000000000000000e+02
2.207700000000002660e+01 3.372975945472717285e+01 4.800000000000000000e+01 3.840000000000000000e+02
2.219100000000003092e+01 3.372975945472717285e+01 4.900000000000000000e+01 3.130000000000000000e+02
2.263400000000004653e+01 3.372975945472717285e+01 5.000000000000000000e+01 2.570000000000000000e+02
2.281300000000004502e+01 3.372975945472717285e+01 5.100000000000000000e+01 2.680000000000000000e+02
2.333300000000004815e+01 3.372975945472717285e+01 5.200000000000000000e+01 1.500000000000000000e+02
2.376000000000005485e+01 3.372975945472717285e+01 5.300000000000000000e+01 4.040000000000000000e+02
2.423200000000004906e+01 3.372975945472717285e+01 5.400000000000000000e+01 4.700000000000000000e+02
2.461500000000006239e+01 3.372975945472717285e+01 5.500000000000000000e+01 4.060000000000000000e+02
2.526200000000004309e+01 3.372975945472717285e+01 5.600000000000000000e+01 3.500000000000000000e+02
2.517000000000004434e+01 3.372975945472717285e+01 5.700000000000000000e+01 3.830000000000000000e+02
2.591000000000002146e+01 3.372975945472717285e+01 5.800000000000000000e+01 3.770000000000000000e+02
2.618300000000001759e+01 3.372975945472717285e+01 5.900000000000000000e+01 4.040000000000000000e+02
2.658200000000000074e+01 3.372975945472717285e+01 6.000000000000000000e+01 6.160000000000000000e+02
2.706199999999999051e+01 3.372975945472717285e+01 6.100000000000000000e+01 3.180000000000000000e+02
2.777699999999994773e+01 3.372975945472717285e+01 6.200000000000000000e+01 4.890000000000000000e+02
2.801499999999994017e+01 3.372975945472717285e+01 6.300000000000000000e+01 3.550000000000000000e+02
2.855699999999995242e+01 3.372975945472717285e+01 6.400000000000000000e+01 3.940000000000000000e+02
2.922499999999997300e+01 3.372975945472717285e+01 6.500000000000000000e+01 3.660000000000000000e+02
2.970599999999998886e+01 3.372975945472717285e+01 6.600000000000000000e+01 5.710000000000000000e+02
3.067800000000002925e+01 3.372975945472717285e+01 6.700000000000000000e+01 4.630000000000000000e+02
3.084300000000003550e+01 3.372975945472717285e+01 6.800000000000000000e+01 3.300000000000000000e+02
3.157800000000006690e+01 3.372975945472717285e+01 6.900000000000000000e+01 5.990000000000000000e+02
3.378000000000014325e+01 3.372975945472717285e+01 7.000000000000000000e+01 5.800000000000000000e+02
3.372975945472717285e+01 3.372975945472717285e+01 0.000000000000000000e+00 0.000000000000000000e+00
3.372975945472717285e+01 3.372975945472717285e+01 0.000000000000000000e+00 0.000000000000000000e+00
3.372975945472717285e+01 3.372975945472717285e+01 0.000000000000000000e+00 0.000000000000000000e+00
3.372975945472717285e+01 3.372975945472717285e+01 0.000000000000000000e+00 0.000000000000000000e+00
4.637999999999999901e+00 3.218532061576843262e+01 0.000000000000000000e+00 1.400000000000000000e+01
6.065999999999999837e+00 3.218532061576843262e+01 1.000000000000000000e+00 7.000000000000000000e+00
6.463999999999999524e+00 3.218532061576843262e+01 2.000000000000000000e+00 2.000000000000000000e+01
7.048999999999999488e+00 3.218532061576843262e+01 3.000000000000000000e+00 1.600000000000000000e+01
7.243999999999999773e+00 3.218532061576843262e+01 4.000000000000000000e+00 1.400000000000000000e+01
7.982999999999999652e+00 3.218532061576843262e+01 5.000000000000000000e+00 2.500000000000000000e+01
8.524000000000000909e+00 3.218532061576843262e+01 6.000000000000000000e+00 2.300000000000000000e+01
8.877000000000002444e+00 3.218532061576843262e+01 7.000000000000000000e+00 2.400000000000000000e+01
9.236000000000002430e+00 3.218532061576843262e+01 8.000000000000000000e+00 4.700000000000000000e+01
9.236000000000002430e+00 3.218532061576843262e+01 9.000000000000000000e+00 2.500000000000000000e+01
9.600000000000003197e+00 3.218532061576843262e+01 1.000000000000000000e+01 3.200000000000000000e+01
9.569000000000004391e+00 3.218532061576843262e+01 1.100000000000000000e+01 3.400000000000000000e+01
1.022500000000000497e+01 3.218532061576843262e+01 1.200000000000000000e+01 5.100000000000000000e+01
1.017200000000000415e+01 3.218532061576843262e+01 1.300000000000000000e+01 3.700000000000000000e+01
1.052600000000000513e+01 3.218532061576843262e+01 1.400000000000000000e+01 4.300000000000000000e+01
1.095500000000000362e+01 3.218532061576843262e+01 1.500000000000000000e+01 5.100000000000000000e+01
1.109700000000000308e+01 3.218532061576843262e+01 1.600000000000000000e+01 3.700000000000000000e+01
1.109700000000000308e+01 3.218532061576843262e+01 1.700000000000000000e+01 5.200000000000000000e+01
1.175300000000000544e+01 3.218532061576843262e+01 1.800000000000000000e+01 3.900000000000000000e+01
1.188300000000000622e+01 3.218532061576843262e+01 1.900000000000000000e+01 6.300000000000000000e+01
1.250000000000000533e+01 3.218532061576843262e+01 2.000000000000000000e+01 3.900000000000000000e+01
1.250000000000000533e+01 3.218532061576843262e+01 2.100000000000000000e+01 7.900000000000000000e+01
1.288900000000000645e+01 3.218532061576843262e+01 2.200000000000000000e+01 7.300000000000000000e+01
1.364300000000000779e+01 3.218532061576843262e+01 2.300000000000000000e+01 5.500000000000000000e+01
1.364300000000000779e+01 3.218532061576843262e+01 2.400000000000000000e+01 9.200000000000000000e+01
1.396400000000000929e+01 3.218532061576843262e+01 2.500000000000000000e+01 1.000000000000000000e+02
1.390800000000000836e+01 3.218532061576843262e+01 2.600000000000000000e+01 1.050000000000000000e+02
1.428000000000001180e+01 3.218532061576843262e+01 2.700000000000000000e+01 9.700000000000000000e+01
1.435900000000001242e+01 3.218532061576843262e+01 2.800000000000000000e+01 1.070000000000000000e+02
1.451100000000001344e+01 3.218532061576843262e+01 2.900000000000000000e+01 1.320000000000000000e+02
1.491000000000001258e+01 3.218532061576843262e+01 3.000000000000000000e+01 1.350000000000000000e+02
1.553500000000001435e+01 3.218532061576843262e+01 3.100000000000000000e+01 1.500000000000000000e+02
1.562400000000001299e+01 3.218532061576843262e+01 3.200000000000000000e+01 8.700000000000000000e+01
1.588900000000001533e+01 3.218532061576843262e+01 3.300000000000000000e+01 1.410000000000000000e+02
1.611100000000001131e+01 3.218532061576843262e+01 3.400000000000000000e+01 1.630000000000000000e+02
1.641100000000001558e+01 3.218532061576843262e+01 3.500000000000000000e+01 9.500000000000000000e+01
1.656500000000002260e+01 3.218532061576843262e+01 3.600000000000000000e+01 1.210000000000000000e+02
1.704600000000002424e+01 3.218532061576843262e+01 3.700000000000000000e+01 2.190000000000000000e+02
1.737300000000002953e+01 3.218532061576843262e+01 3.800000000000000000e+01 1.650000000000000000e+02
1.761000000000003496e+01 3.218532061576843262e+01 3.900000000000000000e+01 2.350000000000000000e+02
1.834800000000003806e+01 3.218532061576843262e+01 4.000000000000000000e+01 1.970000000000000000e+02
1.942600000000002680e+01 3.218532061576843262e+01 4.100000000000000000e+01 1.530000000000000000e+02
1.942600000000002680e+01 3.218532061576843262e+01 4.200000000000000000e+01 2.170000000000000000e+02
1.974500000000002231e+01 3.218532061576843262e+01 4.300000000000000000e+01 2.040000000000000000e+02
2.000600000000002154e+01 3.218532061576843262e+01 4.400000000000000000e+01 2.980000000000000000e+02
2.032300000000002527e+01 3.218532061576843262e+01 4.500000000000000000e+01 1.750000000000000000e+02
2.072700000000002163e+01 3.218532061576843262e+01 4.600000000000000000e+01 3.360000000000000000e+02
2.156800000000002981e+01 3.218532061576843262e+01 4.700000000000000000e+01 3.980000000000000000e+02
2.140600000000003078e+01 3.218532061576843262e+01 4.800000000000000000e+01 2.500000000000000000e+02
2.207800000000003848e+01 3.218532061576843262e+01 4.900000000000000000e+01 3.680000000000000000e+02
2.262600000000004741e+01 3.218532061576843262e+01 5.000000000000000000e+01 1.790000000000000000e+02
2.238900000000004198e+01 3.218532061576843262e+01 5.100000000000000000e+01 3.270000000000000000e+02
2.328800000000004999e+01 3.218532061576843262e+01 5.200000000000000000e+01 3.120000000000000000e+02
2.332100000000005124e+01 3.218532061576843262e+01 5.300000000000000000e+01 3.830000000000000000e+02
2.406600000000003803e+01 3.218532061576843262e+01 5.400000000000000000e+01 3.510000000000000000e+02
2.410600000000004073e+01 3.218532061576843262e+01 5.500000000000000000e+01 3.880000000000000000e+02
2.479900000000000659e+01 3.218532061576843262e+01 5.600000000000000000e+01 3.150000000000000000e+02
2.549100000000000676e+01 3.218532061576843262e+01 5.700000000000000000e+01 3.160000000000000000e+02
2.567900000000000205e+01 3.218532061576843262e+01 5.800000000000000000e+01 3.660000000000000000e+02
2.623899999999999721e+01 3.218532061576843262e+01 5.900000000000000000e+01 4.510000000000000000e+02
2.646999999999998820e+01 3.218532061576843262e+01 6.000000000000000000e+01 3.090000000000000000e+02
2.702199999999997360e+01 3.218532061576843262e+01 6.100000000000000000e+01 3.860000000000000000e+02
2.741999999999994841e+01 3.218532061576843262e+01 6.200000000000000000e+01 3.000000000000000000e+02
2.799799999999994071e+01 3.218532061576843262e+01 6.300000000000000000e+01 4.590000000000000000e+02
2.828399999999994918e+01 3.218532061576843262e+01 6.400000000000000000e+01 8.880000000000000000e+02
2.903899999999997661e+01 3.218532061576843262e+01 6.500000000000000000e+01 3.650000000000000000e+02
2.975500000000000966e+01 3.218532061576843262e+01 6.600000000000000000e+01 5.100000000000000000e+02
2.995200000000000884e+01 3.218532061576843262e+01 6.700000000000000000e+01 5.430000000000000000e+02
3.115900000000006287e+01 3.218532061576843262e+01 6.800000000000000000e+01 4.240000000000000000e+02
3.163600000000008450e+01 3.218532061576843262e+01 6.900000000000000000e+01 4.940000000000000000e+02
3.218000000000009209e+01 3.218532061576843262e+01 7.000000000000000000e+01 5.730000000000000000e+02
3.218532061576843262e+01 3.218532061576843262e+01 0.000000000000000000e+00 0.000000000000000000e+00
3.218532061576843262e+01 3.218532061576843262e+01 0.000000000000000000e+00 0.000000000000000000e+00
3.218532061576843262e+01 3.218532061576843262e+01 0.000000000000000000e+00 0.000000000000000000e+00
3.218532061576843262e+01 3.218532061576843262e+01 0.000000000000000000e+00 0.000000000000000000e+00
4.430000000000000604e+00 3.212210559844970703e+01 0.000000000000000000e+00 2.000000000000000000e+00
5.106000000000000760e+00 3.212210559844970703e+01 1.000000000000000000e+00 8.000000000000000000e+00
5.551000000000001044e+00 3.212210559844970703e+01 2.000000000000000000e+00 8.000000000000000000e+00
6.193000000000000504e+00 3.212210559844970703e+01 3.000000000000000000e+00 8.000000000000000000e+00
6.824000000000000732e+00 3.212210559844970703e+01 4.000000000000000000e+00 1.300000000000000000e+01
7.031000000000000583e+00 3.212210559844970703e+01 5.000000000000000000e+00 1.300000000000000000e+01
7.234000000000000874e+00 3.212210559844970703e+01 6.000000000000000000e+00 1.000000000000000000e+01
7.626000000000001222e+00 3.212210559844970703e+01 7.000000000000000000e+00 1.400000000000000000e+01
7.626000000000001222e+00 3.212210559844970703e+01 8.000000000000000000e+00 1.100000000000000000e+01
7.419000000000001371e+00 3.212210559844970703e+01 9.000000000000000000e+00 2.500000000000000000e+01
8.529000000000001691e+00 3.212210559844970703e+01 1.000000000000000000e+01 2.800000000000000000e+01
8.483000000000000540e+00 3.212210559844970703e+01 1.100000000000000000e+01 1.000000000000000000e+01
9.220000000000002416e+00 3.212210559844970703e+01 1.200000000000000000e+01 2.900000000000000000e+01
9.389000000000002899e+00 3.212210559844970703e+01 1.300000000000000000e+01 3.200000000000000000e+01
1.003400000000000425e+01 3.212210559844970703e+01 1.400000000000000000e+01 2.100000000000000000e+01
9.848000000000004306e+00 3.212210559844970703e+01 1.500000000000000000e+01 3.800000000000000000e+01
1.061100000000000243e+01 3.212210559844970703e+01 1.600000000000000000e+01 4.200000000000000000e+01
1.080500000000000327e+01 3.212210559844970703e+01 1.700000000000000000e+01 2.700000000000000000e+01
1.090500000000000291e+01 3.212210559844970703e+01 1.800000000000000000e+01 4.000000000000000000e+01
1.151900000000000368e+01 3.212210559844970703e+01 1.900000000000000000e+01 4.100000000000000000e+01
1.219900000000000162e+01 3.212210559844970703e+01 2.000000000000000000e+01 5.000000000000000000e+01
1.233300000000000196e+01 3.212210559844970703e+01 2.100000000000000000e+01 7.500000000000000000e+01
1.230500000000000149e+01 3.212210559844970703e+01 2.200000000000000000e+01 3.800000000000000000e+01
1.259200000000000230e+01 3.212210559844970703e+01 2.300000000000000000e+01 2.900000000000000000e+01
1.283500000000000085e+01 3.212210559844970703e+01 2.400000000000000000e+01 6.600000000000000000e+01
1.318300000000000161e+01 3.212210559844970703e+01 2.500000000000000000e+01 7.600000000000000000e+01
1.363200000000000145e+01 3.212210559844970703e+01 2.600000000000000000e+01 7.500000000000000000e+01
1.374300000000000210e+01 3.212210559844970703e+01 2.700000000000000000e+01 7.300000000000000000e+01
1.405800000000000161e+01 3.212210559844970703e+01 2.800000000000000000e+01 4.200000000000000000e+01
1.416100000000000136e+01 3.212210559844970703e+01 2.900000000000000000e+01 8.700000000000000000e+01
1.454900000000000126e+01 3.212210559844970703e+01 3.000000000000000000e+01 9.100000000000000000e+01
1.464500000000000135e+01 3.212210559844970703e+01 3.100000000000000000e+01 1.190000000000000000e+02
1.509900000000000020e+01 3.212210559844970703e+01 3.200000000000000000e+01 9.300000000000000000e+01
1.518900000000000006e+01 3.212210559844970703e+01 3.300000000000000000e+01 1.060000000000000000e+02
1.544299999999999962e+01 3.212210559844970703e+01 3.400000000000000000e+01 6.800000000000000000e+01
1.590899999999999714e+01 3.212210559844970703e+01 3.500000000000000000e+01 9.400000000000000000e+01
1.656000000000000227e+01 3.212210559844970703e+01 3.600000000000000000e+01 1.780000000000000000e+02
1.683800000000000807e+01 3.212210559844970703e+01 3.700000000000000000e+01 1.200000000000000000e+02
1.728200000000001779e+01 3.212210559844970703e+01 3.800000000000000000e+01 1.600000000000000000e+02
1.761400000000002564e+01 3.212210559844970703e+01 3.900000000000000000e+01 1.040000000000000000e+02
1.786000000000002785e+01 3.212210559844970703e+01 4.000000000000000000e+01 1.470000000000000000e+02
1.853900000000002635e+01 3.212210559844970703e+01 4.100000000000000000e+01 2.080000000000000000e+02
1.846700000000002717e+01 3.212210559844970703e+01 4.200000000000000000e+01 1.760000000000000000e+02
1.922800000000002285e+01 3.212210559844970703e+01 4.300000000000000000e+01 2.240000000000000000e+02
1.922000000000000597e+01 3.212210559844970703e+01 4.400000000000000000e+01 1.810000000000000000e+02
1.978900000000000858e+01 3.212210559844970703e+01 4.500000000000000000e+01 1.330000000000000000e+02
2.030700000000000216e+01 3.212210559844970703e+01 4.600000000000000000e+01 1.760000000000000000e+02
2.102400000000000091e+01 3.212210559844970703e+01 4.700000000000000000e+01 2.320000000000000000e+02
2.133500000000000441e+01 3.212210559844970703e+01 4.800000000000000000e+01 2.320000000000000000e+02
2.143100000000000804e+01 3.212210559844970703e+01 4.900000000000000000e+01 2.690000000000000000e+02
2.185300000000001575e+01 3.212210559844970703e+01 5.000000000000000000e+01 3.590000000000000000e+02
2.226800000000000779e+01 3.212210559844970703e+01 5.100000000000000000e+01 2.230000000000000000e+02
2.285500000000000753e+01 3.212210559844970703e+01 5.200000000000000000e+01 1.920000000000000000e+02
2.315100000000001401e+01 3.212210559844970703e+01 5.300000000000000000e+01 2.070000000000000000e+02
2.282800000000000651e+01 3.212210559844970703e+01 5.400000000000000000e+01 4.600000000000000000e+02
2.416899999999999693e+01 3.212210559844970703e+01 5.500000000000000000e+01 4.150000000000000000e+02
2.401999999999999957e+01 3.212210559844970703e+01 5.600000000000000000e+01 4.030000000000000000e+02
2.480199999999997473e+01 3.212210559844970703e+01 5.700000000000000000e+01 4.910000000000000000e+02
2.487899999999997647e+01 3.212210559844970703e+01 5.800000000000000000e+01 4.460000000000000000e+02
2.570299999999995677e+01 3.212210559844970703e+01 5.900000000000000000e+01 2.710000000000000000e+02
2.579399999999994719e+01 3.212210559844970703e+01 6.000000000000000000e+01 3.960000000000000000e+02
2.660199999999995057e+01 3.212210559844970703e+01 6.100000000000000000e+01 3.870000000000000000e+02
2.676799999999993318e+01 3.212210559844970703e+01 6.200000000000000000e+01 2.510000000000000000e+02
2.750699999999992329e+01 3.212210559844970703e+01 6.300000000000000000e+01 8.660000000000000000e+02
2.803399999999991365e+01 3.212210559844970703e+01 6.400000000000000000e+01 5.020000000000000000e+02
2.864199999999993551e+01 3.212210559844970703e+01 6.500000000000000000e+01 5.020000000000000000e+02
2.909799999999994924e+01 3.212210559844970703e+01 6.600000000000000000e+01 3.100000000000000000e+02
2.956399999999996808e+01 3.212210559844970703e+01 6.700000000000000000e+01 4.460000000000000000e+02
3.011799999999998079e+01 3.212210559844970703e+01 6.800000000000000000e+01 4.940000000000000000e+02
3.137100000000003419e+01 3.212210559844970703e+01 6.900000000000000000e+01 3.940000000000000000e+02
3.206700000000005701e+01 3.212210559844970703e+01 7.000000000000000000e+01 5.300000000000000000e+02
3.212210559844970703e+01 3.212210559844970703e+01 0.000000000000000000e+00 0.000000000000000000e+00
3.212210559844970703e+01 3.212210559844970703e+01 0.000000000000000000e+00 0.000000000000000000e+00
3.212210559844970703e+01 3.212210559844970703e+01 0.000000000000000000e+00 0.000000000000000000e+00
3.212210559844970703e+01 3.212210559844970703e+01 0.000000000000000000e+00 0.000000000000000000e+00
3.419000000000000039e+00 3.108758687973022461e+01 0.000000000000000000e+00 0.000000000000000000e+00
4.030000000000000249e+00 3.108758687973022461e+01 1.000000000000000000e+00 0.000000000000000000e+00
5.228000000000000647e+00 3.108758687973022461e+01 2.000000000000000000e+00 1.000000000000000000e+00
5.425000000000000711e+00 3.108758687973022461e+01 3.000000000000000000e+00 7.000000000000000000e+00
6.187000000000000277e+00 3.108758687973022461e+01 4.000000000000000000e+00 8.000000000000000000e+00
6.374000000000000554e+00 3.108758687973022461e+01 5.000000000000000000e+00 1.300000000000000000e+01
6.737000000000000099e+00 3.108758687973022461e+01 6.000000000000000000e+00 1.600000000000000000e+01
7.091000000000000192e+00 3.108758687973022461e+01 7.000000000000000000e+00 1.800000000000000000e+01
7.781000000000001471e+00 3.108758687973022461e+01 8.000000000000000000e+00 1.800000000000000000e+01
8.285000000000000142e+00 3.108758687973022461e+01 9.000000000000000000e+00 3.000000000000000000e+01
8.774000000000000909e+00 3.108758687973022461e+01 1.000000000000000000e+01 2.200000000000000000e+01
9.091000000000001080e+00 3.108758687973022461e+01 1.100000000000000000e+01 2.800000000000000000e+01
9.403000000000002245e+00 3.108758687973022461e+01 1.200000000000000000e+01 1.800000000000000000e+01
9.556000000000002714e+00 3.108758687973022461e+01 1.300000000000000000e+01 4.100000000000000000e+01
9.706000000000003070e+00 3.108758687973022461e+01 1.400000000000000000e+01 3.100000000000000000e+01
9.851000000000002643e+00 3.108758687973022461e+01 1.500000000000000000e+01 3.900000000000000000e+01
1.026900000000000368e+01 3.108758687973022461e+01 1.600000000000000000e+01 2.200000000000000000e+01
1.067400000000000304e+01 3.108758687973022461e+01 1.700000000000000000e+01 3.700000000000000000e+01
1.093900000000000183e+01 3.108758687973022461e+01 1.800000000000000000e+01 6.200000000000000000e+01
1.106900000000000261e+01 3.108758687973022461e+01 1.900000000000000000e+01 2.500000000000000000e+01
1.132600000000000406e+01 3.108758687973022461e+01 2.000000000000000000e+01 5.500000000000000000e+01
1.145000000000000462e+01 3.108758687973022461e+01 2.100000000000000000e+01 5.900000000000000000e+01
1.206300000000000416e+01 3.108758687973022461e+01 2.200000000000000000e+01 6.600000000000000000e+01
1.229300000000000459e+01 3.108758687973022461e+01 2.300000000000000000e+01 6.200000000000000000e+01
1.273200000000000642e+01 3.108758687973022461e+01 2.400000000000000000e+01 4.200000000000000000e+01
1.264000000000000767e+01 3.108758687973022461e+01 2.500000000000000000e+01 6.900000000000000000e+01
1.304800000000000715e+01 3.108758687973022461e+01 2.600000000000000000e+01 9.600000000000000000e+01
1.331400000000000894e+01 3.108758687973022461e+01 2.700000000000000000e+01 8.800000000000000000e+01
1.354300000000000992e+01 3.108758687973022461e+01 2.800000000000000000e+01 1.110000000000000000e+02
1.363200000000001033e+01 3.108758687973022461e+01 2.900000000000000000e+01 8.600000000000000000e+01
1.378200000000000891e+01 3.108758687973022461e+01 3.000000000000000000e+01 8.500000000000000000e+01
1.414700000000000912e+01 3.108758687973022461e+01 3.100000000000000000e+01 1.040000000000000000e+02
1.442700000000001026e+01 3.108758687973022461e+01 3.200000000000000000e+01 1.190000000000000000e+02
1.498700000000001076e+01 3.108758687973022461e+01 3.300000000000000000e+01 1.100000000000000000e+02
1.512700000000001133e+01 3.108758687973022461e+01 3.400000000000000000e+01 1.000000000000000000e+02
1.566200000000000969e+01 3.108758687973022461e+01 3.500000000000000000e+01 1.340000000000000000e+02
1.594100000000000961e+01 3.108758687973022461e+01 3.600000000000000000e+01 1.390000000000000000e+02
1.622500000000001208e+01 3.108758687973022461e+01 3.700000000000000000e+01 1.430000000000000000e+02
1.677100000000002211e+01 3.108758687973022461e+01 3.800000000000000000e+01 8.900000000000000000e+01
1.722500000000002274e+01 3.108758687973022461e+01 3.900000000000000000e+01 2.020000000000000000e+02
1.740200000000002234e+01 3.108758687973022461e+01 4.000000000000000000e+01 2.290000000000000000e+02
1.793900000000002493e+01 3.108758687973022461e+01 4.100000000000000000e+01 1.440000000000000000e+02
1.835400000000001697e+01 3.108758687973022461e+01 4.200000000000000000e+01 1.550000000000000000e+02
1.841400000000001569e+01 3.108758687973022461e+01 4.300000000000000000e+01 2.540000000000000000e+02
1.917700000000002802e+01 3.108758687973022461e+01 4.400000000000000000e+01 2.890000000000000000e+02
1.941700000000002291e+01 3.108758687973022461e+01 4.500000000000000000e+01 9.800000000000000000e+01
1.960800000000002896e+01 3.108758687973022461e+01 4.600000000000000000e+01 2.110000000000000000e+02
2.020400000000003260e+01 3.108758687973022461e+01 4.700000000000000000e+01 2.810000000000000000e+02
2.024700000000003186e+01 3.108758687973022461e+01 4.800000000000000000e+01 3.540000000000000000e+02
2.066100000000004044e+01 3.108758687973022461e+01 4.900000000000000000e+01 1.900000000000000000e+02
2.060700000000003840e+01 3.108758687973022461e+01 5.000000000000000000e+01 2.260000000000000000e+02
2.123400000000004084e+01 3.108758687973022461e+01 5.100000000000000000e+01 4.170000000000000000e+02
2.159900000000004283e+01 3.108758687973022461e+01 5.200000000000000000e+01 3.780000000000000000e+02
2.236000000000005627e+01 3.108758687973022461e+01 5.300000000000000000e+01 3.930000000000000000e+02
2.270400000000005036e+01 3.108758687973022461e+01 5.400000000000000000e+01 4.570000000000000000e+02
2.308000000000005869e+01 3.108758687973022461e+01 5.500000000000000000e+01 5.670000000000000000e+02
2.309100000000004371e+01 3.108758687973022461e+01 5.600000000000000000e+01 1.740000000000000000e+02
2.400900000000005008e+01 3.108758687973022461e+01 5.700000000000000000e+01 5.450000000000000000e+02
2.391400000000004766e+01 3.108758687973022461e+01 5.800000000000000000e+01 5.820000000000000000e+02
2.496200000000003882e+01 3.108758687973022461e+01 5.900000000000000000e+01 2.520000000000000000e+02
2.493200000000003769e+01 3.108758687973022461e+01 6.000000000000000000e+01 3.390000000000000000e+02
2.562900000000002620e+01 3.108758687973022461e+01 6.100000000000000000e+01 3.430000000000000000e+02
2.561600000000002453e+01 3.108758687973022461e+01 6.200000000000000000e+01 6.310000000000000000e+02
2.648899999999999721e+01 3.108758687973022461e+01 6.300000000000000000e+01 3.410000000000000000e+02
2.638800000000000168e+01 3.108758687973022461e+01 6.400000000000000000e+01 4.080000000000000000e+02
2.719900000000003004e+01 3.108758687973022461e+01 6.500000000000000000e+01 3.870000000000000000e+02
2.726200000000003598e+01 3.108758687973022461e+01 6.600000000000000000e+01 3.970000000000000000e+02
2.872600000000007725e+01 3.108758687973022461e+01 6.700000000000000000e+01 3.620000000000000000e+02
2.905500000000009209e+01 3.108758687973022461e+01 6.800000000000000000e+01 4.790000000000000000e+02
2.946600000000010766e+01 3.108758687973022461e+01 6.900000000000000000e+01 5.280000000000000000e+02
3.101200000000016388e+01 3.108758687973022461e+01 7.000000000000000000e+01 5.780000000000000000e+02
3.108758687973022461e+01 3.108758687973022461e+01 0.000000000000000000e+00 0.000000000000000000e+00
3.108758687973022461e+01 3.108758687973022461e+01 0.000000000000000000e+00 0.000000000000000000e+00
3.108758687973022461e+01 3.108758687973022461e+01 0.000000000000000000e+00 0.000000000000000000e+00
3.108758687973022461e+01 3.108758687973022461e+01 0.000000000000000000e+00 0.000000000000000000e+00
3.033000000000000362e+00 3.299543261528015137e+01 0.000000000000000000e+00 0.000000000000000000e+00
4.862000000000000099e+00 3.299543261528015137e+01 1.000000000000000000e+00 2.000000000000000000e+00
5.466000000000001080e+00 3.299543261528015137e+01 2.000000000000000000e+00 8.000000000000000000e+00
5.859000000000000874e+00 3.299543261528015137e+01 3.000000000000000000e+00 4.000000000000000000e+00
6.239000000000000767e+00 3.299543261528015137e+01 4.000000000000000000e+00 2.000000000000000000e+01
6.794000000000000483e+00 3.299543261528015137e+01 5.000000000000000000e+00 1.300000000000000000e+01
7.153999999999999915e+00 3.299543261528015137e+01 6.000000000000000000e+00 1.700000000000000000e+01
7.683000000000000718e+00 3.299543261528015137e+01 7.000000000000000000e+00 1.000000000000000000e+01
7.857000000000001094e+00 3.299543261528015137e+01 8.000000000000000000e+00 2.800000000000000000e+01
8.026000000000001577e+00 3.299543261528015137e+01 9.000000000000000000e+00 1.600000000000000000e+01
8.351000000000000867e+00 3.299543261528015137e+01 1.000000000000000000e+01 1.800000000000000000e+01
8.826000000000000512e+00 3.299543261528015137e+01 1.100000000000000000e+01 3.600000000000000000e+01
8.965000000000001634e+00 3.299543261528015137e+01 1.200000000000000000e+01 2.300000000000000000e+01
9.296000000000001151e+00 3.299543261528015137e+01 1.300000000000000000e+01 2.500000000000000000e+01
9.591000000000001080e+00 3.299543261528015137e+01 1.400000000000000000e+01 3.100000000000000000e+01
1.001900000000000013e+01 3.299543261528015137e+01 1.500000000000000000e+01 4.800000000000000000e+01
1.026600000000000001e+01 3.299543261528015137e+01 1.600000000000000000e+01 4.000000000000000000e+01
1.043500000000000050e+01 3.299543261528015137e+01 1.700000000000000000e+01 4.200000000000000000e+01
1.105000000000000071e+01 3.299543261528015137e+01 1.800000000000000000e+01 4.300000000000000000e+01
1.135500000000000220e+01 3.299543261528015137e+01 1.900000000000000000e+01 6.700000000000000000e+01
1.153100000000000058e+01 3.299543261528015137e+01 2.000000000000000000e+01 5.200000000000000000e+01
1.183600000000000030e+01 3.299543261528015137e+01 2.100000000000000000e+01 6.700000000000000000e+01
1.206300000000000061e+01 3.299543261528015137e+01 2.200000000000000000e+01 8.400000000000000000e+01
1.211300000000000132e+01 3.299543261528015137e+01 2.300000000000000000e+01 7.700000000000000000e+01
1.264300000000000246e+01 3.299543261528015137e+01 2.400000000000000000e+01 1.030000000000000000e+02
1.282400000000000162e+01 3.299543261528015137e+01 2.500000000000000000e+01 6.800000000000000000e+01
1.316800000000000281e+01 3.299543261528015137e+01 2.600000000000000000e+01 7.700000000000000000e+01
1.359800000000000431e+01 3.299543261528015137e+01 2.700000000000000000e+01 7.900000000000000000e+01
1.423400000000000531e+01 3.299543261528015137e+01 2.800000000000000000e+01 7.600000000000000000e+01
1.414100000000000534e+01 3.299543261528015137e+01 2.900000000000000000e+01 1.290000000000000000e+02
1.459500000000000419e+01 3.299543261528015137e+01 3.000000000000000000e+01 1.160000000000000000e+02
1.476900000000000368e+01 3.299543261528015137e+01 3.100000000000000000e+01 1.000000000000000000e+02
1.477500000000000568e+01 3.299543261528015137e+01 3.200000000000000000e+01 1.610000000000000000e+02
1.534000000000000874e+01 3.299543261528015137e+01 3.300000000000000000e+01 8.100000000000000000e+01
1.559400000000000830e+01 3.299543261528015137e+01 3.400000000000000000e+01 1.900000000000000000e+02
1.580100000000000904e+01 3.299543261528015137e+01 3.500000000000000000e+01 1.150000000000000000e+02
1.626800000000001134e+01 3.299543261528015137e+01 3.600000000000000000e+01 1.750000000000000000e+02
1.657200000000001694e+01 3.299543261528015137e+01 3.700000000000000000e+01 6.400000000000000000e+01
1.683500000000002217e+01 3.299543261528015137e+01 3.800000000000000000e+01 1.050000000000000000e+02
1.689900000000002223e+01 3.299543261528015137e+01 3.900000000000000000e+01 1.610000000000000000e+02
1.731900000000002038e+01 3.299543261528015137e+01 4.000000000000000000e+01 2.390000000000000000e+02
1.731100000000001060e+01 3.299543261528015137e+01 4.100000000000000000e+01 1.160000000000000000e+02
1.771900000000000475e+01 3.299543261528015137e+01 4.200000000000000000e+01 2.620000000000000000e+02
1.792800000000000438e+01 3.299543261528015137e+01 4.300000000000000000e+01 2.670000000000000000e+02
1.879400000000000759e+01 3.299543261528015137e+01 4.400000000000000000e+01 3.190000000000000000e+02
1.950600000000000378e+01 3.299543261528015137e+01 4.500000000000000000e+01 1.840000000000000000e+02
1.955300000000000438e+01 3.299543261528015137e+01 4.600000000000000000e+01 1.320000000000000000e+02
1.992600000000000193e+01 3.299543261528015137e+01 4.700000000000000000e+01 3.040000000000000000e+02
2.059900000000000020e+01 3.299543261528015137e+01 4.800000000000000000e+01 2.990000000000000000e+02
2.048000000000000043e+01 3.299543261528015137e+01 4.900000000000000000e+01 3.050000000000000000e+02
2.140600000000001302e+01 3.299543261528015137e+01 5.000000000000000000e+01 1.730000000000000000e+02
2.176500000000000767e+01 3.299543261528015137e+01 5.100000000000000000e+01 2.980000000000000000e+02
2.186500000000000909e+01 3.299543261528015137e+01 5.200000000000000000e+01 4.260000000000000000e+02
2.241400000000001214e+01 3.299543261528015137e+01 5.300000000000000000e+01 4.230000000000000000e+02
2.307499999999999929e+01 3.299543261528015137e+01 5.400000000000000000e+01 5.070000000000000000e+02
2.286799999999999855e+01 3.299543261528015137e+01 5.500000000000000000e+01 3.580000000000000000e+02
2.378799999999997894e+01 3.299543261528015137e+01 5.600000000000000000e+01 4.900000000000000000e+02
2.409799999999998477e+01 3.299543261528015137e+01 5.700000000000000000e+01 1.720000000000000000e+02
2.481699999999995399e+01 3.299543261528015137e+01 5.800000000000000000e+01 4.650000000000000000e+02
2.479799999999995208e+01 3.299543261528015137e+01 5.900000000000000000e+01 4.030000000000000000e+02
2.561699999999991562e+01 3.299543261528015137e+01 6.000000000000000000e+01 3.600000000000000000e+02
2.576299999999990931e+01 3.299543261528015137e+01 6.100000000000000000e+01 6.530000000000000000e+02
2.640099999999987190e+01 3.299543261528015137e+01 6.200000000000000000e+01 6.440000000000000000e+02
2.704999999999985860e+01 3.299543261528015137e+01 6.300000000000000000e+01 3.180000000000000000e+02
2.771099999999988128e+01 3.299543261528015137e+01 6.400000000000000000e+01 4.210000000000000000e+02
2.805999999999990280e+01 3.299543261528015137e+01 6.500000000000000000e+01 9.710000000000000000e+02
2.913899999999993540e+01 3.299543261528015137e+01 6.600000000000000000e+01 4.460000000000000000e+02
3.006999999999997542e+01 3.299543261528015137e+01 6.700000000000000000e+01 3.780000000000000000e+02
3.004399999999997206e+01 3.299543261528015137e+01 6.800000000000000000e+01 6.420000000000000000e+02
3.101800000000000779e+01 3.299543261528015137e+01 6.900000000000000000e+01 3.480000000000000000e+02
3.289300000000007174e+01 3.299543261528015137e+01 7.000000000000000000e+01 5.500000000000000000e+02
3.299543261528015137e+01 3.299543261528015137e+01 0.000000000000000000e+00 0.000000000000000000e+00
3.299543261528015137e+01 3.299543261528015137e+01 0.000000000000000000e+00 0.000000000000000000e+00
3.299543261528015137e+01 3.299543261528015137e+01 0.000000000000000000e+00 0.000000000000000000e+00
3.299543261528015137e+01 3.299543261528015137e+01 0.000000000000000000e+00 0.000000000000000000e+00
3.644000000000000128e+00 3.333667683601379395e+01 0.000000000000000000e+00 0.000000000000000000e+00
4.258000000000000007e+00 3.333667683601379395e+01 1.000000000000000000e+00 0.000000000000000000e+00
5.449000000000000732e+00 3.333667683601379395e+01 2.000000000000000000e+00 2.000000000000000000e+00
5.449000000000000732e+00 3.333667683601379395e+01 3.000000000000000000e+00 1.300000000000000000e+01
5.837000000000000632e+00 3.333667683601379395e+01 4.000000000000000000e+00 9.000000000000000000e+00
6.027000000000001023e+00 3.333667683601379395e+01 5.000000000000000000e+00 1.900000000000000000e+01
6.935000000000001386e+00 3.333667683601379395e+01 6.000000000000000000e+00 1.400000000000000000e+01
6.935000000000001386e+00 3.333667683601379395e+01 7.000000000000000000e+00 7.000000000000000000e+00
7.456000000000001293e+00 3.333667683601379395e+01 8.000000000000000000e+00 1.700000000000000000e+01
7.797000000000001485e+00 3.333667683601379395e+01 9.000000000000000000e+00 1.200000000000000000e+01
7.965000000000001634e+00 3.333667683601379395e+01 1.000000000000000000e+01 2.100000000000000000e+01
8.284000000000000696e+00 3.333667683601379395e+01 1.100000000000000000e+01 1.500000000000000000e+01
9.210000000000000853e+00 3.333667683601379395e+01 1.200000000000000000e+01 2.600000000000000000e+01
9.210000000000000853e+00 3.333667683601379395e+01 1.300000000000000000e+01 3.500000000000000000e+01
9.946000000000003283e+00 3.333667683601379395e+01 1.400000000000000000e+01 3.400000000000000000e+01
1.009200000000000408e+01 3.333667683601379395e+01 1.500000000000000000e+01 2.100000000000000000e+01
1.064500000000000490e+01 3.333667683601379395e+01 1.600000000000000000e+01 6.300000000000000000e+01
1.078200000000000536e+01 3.333667683601379395e+01 1.700000000000000000e+01 2.100000000000000000e+01
1.117400000000000482e+01 3.333667683601379395e+01 1.800000000000000000e+01 7.300000000000000000e+01
1.130500000000000504e+01 3.333667683601379395e+01 1.900000000000000000e+01 3.100000000000000000e+01
1.192000000000000348e+01 3.333667683601379395e+01 2.000000000000000000e+01 3.900000000000000000e+01
1.187200000000000344e+01 3.333667683601379395e+01 2.100000000000000000e+01 5.700000000000000000e+01
1.250400000000000489e+01 3.333667683601379395e+01 2.200000000000000000e+01 9.500000000000000000e+01
1.284300000000000530e+01 3.333667683601379395e+01 2.300000000000000000e+01 4.700000000000000000e+01
1.306300000000000594e+01 3.333667683601379395e+01 2.400000000000000000e+01 7.300000000000000000e+01
1.369300000000000495e+01 3.333667683601379395e+01 2.500000000000000000e+01 8.100000000000000000e+01
1.382100000000000506e+01 3.333667683601379395e+01 2.600000000000000000e+01 1.280000000000000000e+02
1.400000000000000533e+01 3.333667683601379395e+01 2.700000000000000000e+01 7.700000000000000000e+01
1.456700000000000550e+01 3.333667683601379395e+01 2.800000000000000000e+01 1.170000000000000000e+02
1.476100000000000634e+01 3.333667683601379395e+01 2.900000000000000000e+01 9.000000000000000000e+01
1.465400000000000702e+01 3.333667683601379395e+01 3.000000000000000000e+01 7.200000000000000000e+01
1.514500000000000668e+01 3.333667683601379395e+01 3.100000000000000000e+01 9.500000000000000000e+01
1.536600000000000676e+01 3.333667683601379395e+01 3.200000000000000000e+01 1.270000000000000000e+02
1.631900000000000972e+01 3.333667683601379395e+01 3.300000000000000000e+01 1.400000000000000000e+02
1.662700000000001310e+01 3.333667683601379395e+01 3.400000000000000000e+01 1.520000000000000000e+02
1.692400000000001725e+01 3.333667683601379395e+01 3.500000000000000000e+01 1.960000000000000000e+02
1.713800000000001944e+01 3.333667683601379395e+01 3.600000000000000000e+01 1.370000000000000000e+02
1.742400000000002791e+01 3.333667683601379395e+01 3.700000000000000000e+01 2.270000000000000000e+02
1.852300000000003521e+01 3.333667683601379395e+01 3.800000000000000000e+01 1.680000000000000000e+02
1.843400000000003658e+01 3.333667683601379395e+01 3.900000000000000000e+01 1.620000000000000000e+02
1.901100000000003476e+01 3.333667683601379395e+01 4.000000000000000000e+01 2.180000000000000000e+02
1.958200000000002916e+01 3.333667683601379395e+01 4.100000000000000000e+01 1.210000000000000000e+02
1.956300000000002726e+01 3.333667683601379395e+01 4.200000000000000000e+01 2.700000000000000000e+02
2.000700000000002277e+01 3.333667683601379395e+01 4.300000000000000000e+01 2.700000000000000000e+02
2.017200000000002191e+01 3.333667683601379395e+01 4.400000000000000000e+01 2.730000000000000000e+02
2.082700000000001950e+01 3.333667683601379395e+01 4.500000000000000000e+01 2.800000000000000000e+02
2.086500000000003041e+01 3.333667683601379395e+01 4.600000000000000000e+01 2.470000000000000000e+02
2.103600000000002623e+01 3.333667683601379395e+01 4.700000000000000000e+01 3.610000000000000000e+02
2.163300000000002754e+01 3.333667683601379395e+01 4.800000000000000000e+01 3.340000000000000000e+02
2.195200000000003726e+01 3.333667683601379395e+01 4.900000000000000000e+01 3.220000000000000000e+02
2.250300000000003919e+01 3.333667683601379395e+01 5.000000000000000000e+01 3.010000000000000000e+02
2.290100000000003533e+01 3.333667683601379395e+01 5.100000000000000000e+01 3.570000000000000000e+02
2.315600000000003433e+01 3.333667683601379395e+01 5.200000000000000000e+01 4.780000000000000000e+02
2.376200000000003243e+01 3.333667683601379395e+01 5.300000000000000000e+01 3.400000000000000000e+02
2.390800000000003322e+01 3.333667683601379395e+01 5.400000000000000000e+01 5.720000000000000000e+02
2.438100000000004997e+01 3.333667683601379395e+01 5.500000000000000000e+01 2.650000000000000000e+02
2.445200000000004792e+01 3.333667683601379395e+01 5.600000000000000000e+01 2.150000000000000000e+02
2.512700000000004508e+01 3.333667683601379395e+01 5.700000000000000000e+01 2.910000000000000000e+02
2.528600000000004755e+01 3.333667683601379395e+01 5.800000000000000000e+01 4.990000000000000000e+02
2.632500000000003482e+01 3.333667683601379395e+01 5.900000000000000000e+01 2.330000000000000000e+02
2.635200000000003229e+01 3.333667683601379395e+01 6.000000000000000000e+01 3.690000000000000000e+02
2.654900000000001725e+01 3.333667683601379395e+01 6.100000000000000000e+01 8.060000000000000000e+02
2.698600000000001486e+01 3.333667683601379395e+01 6.200000000000000000e+01 7.560000000000000000e+02
2.802899999999999281e+01 3.333667683601379395e+01 6.300000000000000000e+01 3.460000000000000000e+02
2.817100000000000293e+01 3.333667683601379395e+01 6.400000000000000000e+01 5.860000000000000000e+02
2.911200000000002319e+01 3.333667683601379395e+01 6.500000000000000000e+01 3.940000000000000000e+02
2.935500000000002885e+01 3.333667683601379395e+01 6.600000000000000000e+01 5.390000000000000000e+02
3.086600000000008492e+01 3.333667683601379395e+01 6.700000000000000000e+01 4.050000000000000000e+02
3.098300000000009646e+01 3.333667683601379395e+01 6.800000000000000000e+01 7.490000000000000000e+02
3.220600000000013097e+01 3.333667683601379395e+01 6.900000000000000000e+01 6.110000000000000000e+02
3.319000000000018247e+01 3.333667683601379395e+01 7.000000000000000000e+01 6.540000000000000000e+02
3.333667683601379395e+01 3.333667683601379395e+01 0.000000000000000000e+00 0.000000000000000000e+00
3.333667683601379395e+01 3.333667683601379395e+01 0.000000000000000000e+00 0.000000000000000000e+00
3.333667683601379395e+01 3.333667683601379395e+01 0.000000000000000000e+00 0.000000000000000000e+00
3.333667683601379395e+01 3.333667683601379395e+01 0.000000000000000000e+00 0.000000000000000000e+00
4.466999999999999638e+00 3.352172064781188965e+01 0.000000000000000000e+00 0.000000000000000000e+00
4.673000000000000043e+00 3.352172064781188965e+01 1.000000000000000000e+00 1.700000000000000000e+01
5.471999999999999531e+00 3.352172064781188965e+01 2.000000000000000000e+00 1.700000000000000000e+01
5.669999999999999929e+00 3.352172064781188965e+01 3.000000000000000000e+00 2.700000000000000000e+01
6.049999999999999822e+00 3.352172064781188965e+01 4.000000000000000000e+00 1.400000000000000000e+01
6.238999999999999879e+00 3.352172064781188965e+01 5.000000000000000000e+00 2.000000000000000000e+01
6.769999999999999574e+00 3.352172064781188965e+01 6.000000000000000000e+00 2.000000000000000000e+01
6.958999999999999631e+00 3.352172064781188965e+01 7.000000000000000000e+00 1.600000000000000000e+01
7.138999999999999346e+00 3.352172064781188965e+01 8.000000000000000000e+00 2.700000000000000000e+01
7.811999999999999389e+00 3.352172064781188965e+01 9.000000000000000000e+00 3.100000000000000000e+01
8.462999999999999190e+00 3.352172064781188965e+01 1.000000000000000000e+01 1.600000000000000000e+01
8.462999999999999190e+00 3.352172064781188965e+01 1.100000000000000000e+01 3.400000000000000000e+01
8.861000000000000654e+00 3.352172064781188965e+01 1.200000000000000000e+01 4.200000000000000000e+01
9.213000000000000966e+00 3.352172064781188965e+01 1.300000000000000000e+01 2.100000000000000000e+01
9.833000000000000185e+00 3.352172064781188965e+01 1.400000000000000000e+01 4.600000000000000000e+01
9.977999999999999758e+00 3.352172064781188965e+01 1.500000000000000000e+01 2.600000000000000000e+01
9.977999999999999758e+00 3.352172064781188965e+01 1.600000000000000000e+01 2.700000000000000000e+01
1.038799999999999990e+01 3.352172064781188965e+01 1.700000000000000000e+01 5.400000000000000000e+01
1.077999999999999936e+01 3.352172064781188965e+01 1.800000000000000000e+01 4.600000000000000000e+01
1.103700000000000081e+01 3.352172064781188965e+01 1.900000000000000000e+01 4.200000000000000000e+01
1.116300000000000026e+01 3.352172064781188965e+01 2.000000000000000000e+01 7.800000000000000000e+01
1.112299999999999933e+01 3.352172064781188965e+01 2.100000000000000000e+01 5.900000000000000000e+01
1.167900000000000027e+01 3.352172064781188965e+01 2.200000000000000000e+01 4.200000000000000000e+01
1.209399999999999942e+01 3.352172064781188965e+01 2.300000000000000000e+01 5.100000000000000000e+01
1.210899999999999999e+01 3.352172064781188965e+01 2.400000000000000000e+01 7.600000000000000000e+01
1.273599999999999888e+01 3.352172064781188965e+01 2.500000000000000000e+01 6.300000000000000000e+01
1.304300000000000104e+01 3.352172064781188965e+01 2.600000000000000000e+01 1.070000000000000000e+02
1.324200000000000266e+01 3.352172064781188965e+01 2.700000000000000000e+01 6.000000000000000000e+01
1.352900000000000347e+01 3.352172064781188965e+01 2.800000000000000000e+01 1.020000000000000000e+02
1.417500000000000249e+01 3.352172064781188965e+01 2.900000000000000000e+01 1.080000000000000000e+02
1.395400000000000240e+01 3.352172064781188965e+01 3.000000000000000000e+01 1.050000000000000000e+02
1.460500000000000398e+01 3.352172064781188965e+01 3.100000000000000000e+01 1.610000000000000000e+02
1.460900000000000531e+01 3.352172064781188965e+01 3.200000000000000000e+01 1.260000000000000000e+02
1.525100000000000833e+01 3.352172064781188965e+01 3.300000000000000000e+01 9.200000000000000000e+01
1.525100000000000833e+01 3.352172064781188965e+01 3.400000000000000000e+01 1.070000000000000000e+02
1.584000000000000874e+01 3.352172064781188965e+01 3.500000000000000000e+01 1.610000000000000000e+02
1.668700000000001182e+01 3.352172064781188965e+01 3.600000000000000000e+01 1.390000000000000000e+02
1.668700000000001182e+01 3.352172064781188965e+01 3.700000000000000000e+01 1.480000000000000000e+02
1.682200000000001339e+01 3.352172064781188965e+01 3.800000000000000000e+01 1.960000000000000000e+02
1.704500000000001592e+01 3.352172064781188965e+01 3.900000000000000000e+01 1.370000000000000000e+02
1.754400000000002180e+01 3.352172064781188965e+01 4.000000000000000000e+01 2.690000000000000000e+02
1.748200000000001708e+01 3.352172064781188965e+01 4.100000000000000000e+01 1.100000000000000000e+02
1.833100000000000662e+01 3.352172064781188965e+01 4.200000000000000000e+01 1.840000000000000000e+02
1.882000000000000028e+01 3.352172064781188965e+01 4.300000000000000000e+01 2.300000000000000000e+02
1.887800000000000011e+01 3.352172064781188965e+01 4.400000000000000000e+01 1.470000000000000000e+02
1.972899999999999920e+01 3.352172064781188965e+01 4.500000000000000000e+01 1.410000000000000000e+02
2.013600000000001344e+01 3.352172064781188965e+01 4.600000000000000000e+01 3.120000000000000000e+02
2.060600000000001586e+01 3.352172064781188965e+01 4.700000000000000000e+01 2.410000000000000000e+02
2.089100000000001600e+01 3.352172064781188965e+01 4.800000000000000000e+01 4.120000000000000000e+02
2.089700000000001268e+01 3.352172064781188965e+01 4.900000000000000000e+01 3.990000000000000000e+02
2.160600000000003007e+01 3.352172064781188965e+01 5.000000000000000000e+01 4.500000000000000000e+02
2.239900000000002223e+01 3.352172064781188965e+01 5.100000000000000000e+01 5.280000000000000000e+02
2.234700000000002262e+01 3.352172064781188965e+01 5.200000000000000000e+01 2.300000000000000000e+02
2.289300000000002200e+01 3.352172064781188965e+01 5.300000000000000000e+01 4.820000000000000000e+02
2.331800000000001916e+01 3.352172064781188965e+01 5.400000000000000000e+01 3.840000000000000000e+02
2.396700000000003783e+01 3.352172064781188965e+01 5.500000000000000000e+01 3.850000000000000000e+02
2.409300000000003195e+01 3.352172064781188965e+01 5.600000000000000000e+01 2.590000000000000000e+02
2.480600000000003647e+01 3.352172064781188965e+01 5.700000000000000000e+01 6.630000000000000000e+02
2.596799999999999997e+01 3.352172064781188965e+01 5.800000000000000000e+01 3.750000000000000000e+02
2.559699999999999420e+01 3.352172064781188965e+01 5.900000000000000000e+01 4.120000000000000000e+02
2.642799999999997951e+01 3.352172064781188965e+01 6.000000000000000000e+01 5.340000000000000000e+02
2.709599999999996811e+01 3.352172064781188965e+01 6.100000000000000000e+01 3.530000000000000000e+02
2.749999999999993960e+01 3.352172064781188965e+01 6.200000000000000000e+01 4.820000000000000000e+02
2.762799999999993261e+01 3.352172064781188965e+01 6.300000000000000000e+01 9.300000000000000000e+02
2.847799999999996245e+01 3.352172064781188965e+01 6.400000000000000000e+01 4.690000000000000000e+02
2.891699999999997672e+01 3.352172064781188965e+01 6.500000000000000000e+01 3.380000000000000000e+02
2.945199999999999463e+01 3.352172064781188965e+01 6.600000000000000000e+01 1.157000000000000000e+03
3.054600000000003490e+01 3.352172064781188965e+01 6.700000000000000000e+01 4.590000000000000000e+02
3.088100000000004997e+01 3.352172064781188965e+01 6.800000000000000000e+01 4.920000000000000000e+02
3.270600000000010965e+01 3.352172064781188965e+01 6.900000000000000000e+01 5.730000000000000000e+02
3.347400000000014586e+01 3.352172064781188965e+01 7.000000000000000000e+01 5.550000000000000000e+02
3.352172064781188965e+01 3.352172064781188965e+01 0.000000000000000000e+00 0.000000000000000000e+00
3.352172064781188965e+01 3.352172064781188965e+01 0.000000000000000000e+00 0.000000000000000000e+00
3.352172064781188965e+01 3.352172064781188965e+01 0.000000000000000000e+00 0.000000000000000000e+00
3.352172064781188965e+01 3.352172064781188965e+01 0.000000000000000000e+00 0.000000000000000000e+00
3.607999999999999652e+00 3.257790398597717285e+01 0.000000000000000000e+00 3.000000000000000000e+00
4.434999999999999609e+00 3.257790398597717285e+01 1.000000000000000000e+00 7.000000000000000000e+00
4.434999999999999609e+00 3.257790398597717285e+01 2.000000000000000000e+00 0.000000000000000000e+00
5.838999999999998636e+00 3.257790398597717285e+01 3.000000000000000000e+00 8.000000000000000000e+00
6.047999999999998266e+00 3.257790398597717285e+01 4.000000000000000000e+00 7.000000000000000000e+00
6.441999999999998394e+00 3.257790398597717285e+01 5.000000000000000000e+00 1.400000000000000000e+01
6.783999999999998920e+00 3.257790398597717285e+01 6.000000000000000000e+00 2.100000000000000000e+01
7.232999999999998764e+00 3.257790398597717285e+01 7.000000000000000000e+00 2.000000000000000000e+01
7.636999999999998678e+00 3.257790398597717285e+01 8.000000000000000000e+00 1.300000000000000000e+01
7.981999999999998430e+00 3.257790398597717285e+01 9.000000000000000000e+00 1.600000000000000000e+01
8.477000000000000313e+00 3.257790398597717285e+01 1.000000000000000000e+01 3.300000000000000000e+01
9.004999999999999005e+00 3.257790398597717285e+01 1.100000000000000000e+01 2.700000000000000000e+01
9.168999999999998707e+00 3.257790398597717285e+01 1.200000000000000000e+01 2.500000000000000000e+01
9.481999999999999318e+00 3.257790398597717285e+01 1.300000000000000000e+01 3.300000000000000000e+01
9.636999999999998678e+00 3.257790398597717285e+01 1.400000000000000000e+01 5.200000000000000000e+01
9.954999999999998295e+00 3.257790398597717285e+01 1.500000000000000000e+01 5.100000000000000000e+01
1.010799999999999876e+01 3.257790398597717285e+01 1.600000000000000000e+01 4.400000000000000000e+01
1.028399999999999892e+01 3.257790398597717285e+01 1.700000000000000000e+01 2.500000000000000000e+01
1.058600000000000030e+01 3.257790398597717285e+01 1.800000000000000000e+01 6.600000000000000000e+01
1.097700000000000209e+01 3.257790398597717285e+01 1.900000000000000000e+01 5.100000000000000000e+01
1.064200000000000301e+01 3.257790398597717285e+01 2.000000000000000000e+01 4.400000000000000000e+01
1.120300000000000118e+01 3.257790398597717285e+01 2.100000000000000000e+01 4.900000000000000000e+01
1.163000000000000256e+01 3.257790398597717285e+01 2.200000000000000000e+01 3.600000000000000000e+01
1.187100000000000222e+01 3.257790398597717285e+01 2.300000000000000000e+01 5.300000000000000000e+01
1.187100000000000222e+01 3.257790398597717285e+01 2.400000000000000000e+01 7.500000000000000000e+01
1.230500000000000149e+01 3.257790398597717285e+01 2.500000000000000000e+01 9.800000000000000000e+01
1.220199999999999818e+01 3.257790398597717285e+01 2.600000000000000000e+01 4.700000000000000000e+01
1.310800000000000587e+01 3.257790398597717285e+01 2.700000000000000000e+01 5.700000000000000000e+01
1.320500000000000540e+01 3.257790398597717285e+01 2.800000000000000000e+01 6.200000000000000000e+01
1.366600000000000392e+01 3.257790398597717285e+01 2.900000000000000000e+01 9.100000000000000000e+01
1.393500000000000405e+01 3.257790398597717285e+01 3.000000000000000000e+01 9.100000000000000000e+01
1.402400000000000446e+01 3.257790398597717285e+01 3.100000000000000000e+01 6.800000000000000000e+01
1.425000000000000355e+01 3.257790398597717285e+01 3.200000000000000000e+01 1.030000000000000000e+02
1.486100000000000776e+01 3.257790398597717285e+01 3.300000000000000000e+01 7.600000000000000000e+01
1.501700000000000834e+01 3.257790398597717285e+01 3.400000000000000000e+01 1.140000000000000000e+02
1.508600000000000740e+01 3.257790398597717285e+01 3.500000000000000000e+01 1.770000000000000000e+02
1.539800000000000679e+01 3.257790398597717285e+01 3.600000000000000000e+01 1.160000000000000000e+02
1.611200000000001253e+01 3.257790398597717285e+01 3.700000000000000000e+01 1.820000000000000000e+02
1.693700000000001538e+01 3.257790398597717285e+01 3.800000000000000000e+01 1.370000000000000000e+02
1.696000000000000796e+01 3.257790398597717285e+01 3.900000000000000000e+01 1.330000000000000000e+02
1.745600000000001728e+01 3.257790398597717285e+01 4.000000000000000000e+01 1.840000000000000000e+02
1.804800000000001603e+01 3.257790398597717285e+01 4.100000000000000000e+01 2.060000000000000000e+02
1.820000000000001350e+01 3.257790398597717285e+01 4.200000000000000000e+01 2.010000000000000000e+02
1.830600000000001870e+01 3.257790398597717285e+01 4.300000000000000000e+01 9.500000000000000000e+01
1.892300000000001603e+01 3.257790398597717285e+01 4.400000000000000000e+01 1.610000000000000000e+02
1.947700000000001097e+01 3.257790398597717285e+01 4.500000000000000000e+01 3.500000000000000000e+02
1.928700000000000614e+01 3.257790398597717285e+01 4.600000000000000000e+01 3.150000000000000000e+02
2.003000000000001180e+01 3.257790398597717285e+01 4.700000000000000000e+01 2.730000000000000000e+02
2.055800000000000693e+01 3.257790398597717285e+01 4.800000000000000000e+01 3.000000000000000000e+02
2.081200000000001182e+01 3.257790398597717285e+01 4.900000000000000000e+01 2.700000000000000000e+02
2.163100000000001444e+01 3.257790398597717285e+01 5.000000000000000000e+01 2.260000000000000000e+02
2.204300000000001702e+01 3.257790398597717285e+01 5.100000000000000000e+01 4.720000000000000000e+02
2.227000000000001378e+01 3.257790398597717285e+01 5.200000000000000000e+01 4.320000000000000000e+02
2.278700000000001680e+01 3.257790398597717285e+01 5.300000000000000000e+01 4.130000000000000000e+02
2.330300000000000793e+01 3.257790398597717285e+01 5.400000000000000000e+01 5.040000000000000000e+02
2.395000000000001350e+01 3.257790398597717285e+01 5.500000000000000000e+01 4.770000000000000000e+02
2.392900000000001626e+01 3.257790398597717285e+01 5.600000000000000000e+01 4.540000000000000000e+02
2.470800000000001972e+01 3.257790398597717285e+01 5.700000000000000000e+01 2.660000000000000000e+02
2.480500000000000682e+01 3.257790398597717285e+01 5.800000000000000000e+01 6.020000000000000000e+02
2.564499999999999602e+01 3.257790398597717285e+01 5.900000000000000000e+01 3.070000000000000000e+02
2.565999999999998948e+01 3.257790398597717285e+01 6.000000000000000000e+01 4.670000000000000000e+02
2.640799999999997283e+01 3.257790398597717285e+01 6.100000000000000000e+01 4.230000000000000000e+02
2.664499999999996760e+01 3.257790398597717285e+01 6.200000000000000000e+01 3.340000000000000000e+02
2.706599999999995632e+01 3.257790398597717285e+01 6.300000000000000000e+01 5.020000000000000000e+02
2.766199999999997061e+01 3.257790398597717285e+01 6.400000000000000000e+01 3.530000000000000000e+02
2.781099999999998218e+01 3.257790398597717285e+01 6.500000000000000000e+01 6.220000000000000000e+02
2.889800000000001390e+01 3.257790398597717285e+01 6.600000000000000000e+01 3.940000000000000000e+02
2.955900000000003303e+01 3.257790398597717285e+01 6.700000000000000000e+01 5.190000000000000000e+02
3.044700000000007023e+01 3.257790398597717285e+01 6.800000000000000000e+01 6.560000000000000000e+02
3.128600000000010795e+01 3.257790398597717285e+01 6.900000000000000000e+01 6.400000000000000000e+02
3.242300000000014393e+01 3.257790398597717285e+01 7.000000000000000000e+01 5.880000000000000000e+02
3.227600000000014546e+01 3.257790398597717285e+01 0.000000000000000000e+00 0.000000000000000000e+00
2.883961772918701172e+01 3.257790398597717285e+01 0.000000000000000000e+00 0.000000000000000000e+00
2.862299999999999756e+01 3.257790398597717285e+01 0.000000000000000000e+00 0.000000000000000000e+00
2.863799999999999812e+01 3.257790398597717285e+01 0.000000000000000000e+00 0.000000000000000000e+00
