3.150999999999999357e+00 4.937668967247009277e+01 0.000000000000000000e+00 4.000000000000000000e+00
4.386999999999999567e+00 4.937668967247009277e+01 1.000000000000000000e+00 2.000000000000000000e+00
5.982999999999998764e+00 4.937668967247009277e+01 2.000000000000000000e+00 1.000000000000000000e+01
6.941999999999999282e+00 4.937668967247009277e+01 3.000000000000000000e+00 1.900000000000000000e+01
7.131999999999999673e+00 4.937668967247009277e+01 4.000000000000000000e+00 8.000000000000000000e+00
8.065999999999998948e+00 4.937668967247009277e+01 5.000000000000000000e+00 1.600000000000000000e+01
9.483999999999999986e+00 4.937668967247009277e+01 6.000000000000000000e+00 3.300000000000000000e+01
9.831000000000001293e+00 4.937668967247009277e+01 7.000000000000000000e+00 1.700000000000000000e+01
9.999000000000000554e+00 4.937668967247009277e+01 8.000000000000000000e+00 3.600000000000000000e+01
1.066300000000000203e+01 4.937668967247009277e+01 9.000000000000000000e+00 3.700000000000000000e+01
1.142900000000000382e+01 4.937668967247009277e+01 1.000000000000000000e+01 4.000000000000000000e+01
1.189100000000000357e+01 4.937668967247009277e+01 1.100000000000000000e+01 6.900000000000000000e+01
1.224800000000000466e+01 4.937668967247009277e+01 1.200000000000000000e+01 5.400000000000000000e+01
1.238200000000000323e+01 4.937668967247009277e+01 1.300000000000000000e+01 6.700000000000000000e+01
1.267000000000000348e+01 4.937668967247009277e+01 1.400000000000000000e+01 4.300000000000000000e+01
1.338600000000000634e+01 4.937668967247009277e+01 1.500000000000000000e+01 7.900000000000000000e+01
1.396900000000000830e+01 4.937668967247009277e+01 1.600000000000000000e+01 4.400000000000000000e+01
1.462100000000000755e+01 4.937668967247009277e+01 1.700000000000000000e+01 1.080000000000000000e+02
1.494000000000000661e+01 4.937668967247009277e+01 1.800000000000000000e+01 5.900000000000000000e+01
1.525600000000000733e+01 4.937668967247009277e+01 1.900000000000000000e+01 7.800000000000000000e+01
1.533400000000000674e+01 4.937668967247009277e+01 2.000000000000000000e+01 9.300000000000000000e+01
1.586600000000000676e+01 4.937668967247009277e+01 2.100000000000000000e+01 9.800000000000000000e+01
1.614200000000000657e+01 4.937668967247009277e+01 2.200000000000000000e+01 8.100000000000000000e+01
1.672800000000000509e+01 4.937668967247009277e+01 2.300000000000000000e+01 1.600000000000000000e+02
1.706400000000000716e+01 4.937668967247009277e+01 2.400000000000000000e+01 1.050000000000000000e+02
1.727800000000000580e+01 4.937668967247009277e+01 2.500000000000000000e+01 1.160000000000000000e+02
1.757600000000000762e+01 4.937668967247009277e+01 2.600000000000000000e+01 1.100000000000000000e+02
1.818700000000000827e+01 4.937668967247009277e+01 2.700000000000000000e+01 1.100000000000000000e+02
1.870400000000000773e+01 4.937668967247009277e+01 2.800000000000000000e+01 1.570000000000000000e+02
1.906300000000000949e+01 4.937668967247009277e+01 2.900000000000000000e+01 1.470000000000000000e+02
1.920300000000001006e+01 4.937668967247009277e+01 3.000000000000000000e+01 1.330000000000000000e+02
1.996700000000000941e+01 4.937668967247009277e+01 3.100000000000000000e+01 1.930000000000000000e+02
2.053800000000001091e+01 4.937668967247009277e+01 3.200000000000000000e+01 2.180000000000000000e+02
2.130100000000001614e+01 4.937668967247009277e+01 3.300000000000000000e+01 2.760000000000000000e+02
2.182200000000001694e+01 4.937668967247009277e+01 3.400000000000000000e+01 1.870000000000000000e+02
2.173700000000001609e+01 4.937668967247009277e+01 3.500000000000000000e+01 2.130000000000000000e+02
2.223200000000002063e+01 4.937668967247009277e+01 3.600000000000000000e+01 2.440000000000000000e+02
2.276300000000002299e+01 4.937668967247009277e+01 3.700000000000000000e+01 2.390000000000000000e+02
2.288900000000002422e+01 4.937668967247009277e+01 3.800000000000000000e+01 3.170000000000000000e+02
2.356200000000002959e+01 4.937668967247009277e+01 3.900000000000000000e+01 3.410000000000000000e+02
2.368800000000002015e+01 4.937668967247009277e+01 4.000000000000000000e+01 3.160000000000000000e+02
2.483900000000000574e+01 4.937668967247009277e+01 4.100000000000000000e+01 3.590000000000000000e+02
2.543100000000000094e+01 4.937668967247009277e+01 4.200000000000000000e+01 2.920000000000000000e+02
2.526399999999999935e+01 4.937668967247009277e+01 4.300000000000000000e+01 3.480000000000000000e+02
2.605699999999999505e+01 4.937668967247009277e+01 4.400000000000000000e+01 4.470000000000000000e+02
2.671499999999999631e+01 4.937668967247009277e+01 4.500000000000000000e+01 3.700000000000000000e+02
2.709300000000000352e+01 4.937668967247009277e+01 4.600000000000000000e+01 4.530000000000000000e+02
2.799900000000001654e+01 4.937668967247009277e+01 4.700000000000000000e+01 5.420000000000000000e+02
2.847100000000002851e+01 4.937668967247009277e+01 4.800000000000000000e+01 4.820000000000000000e+02
2.911000000000002785e+01 4.937668967247009277e+01 4.900000000000000000e+01 5.160000000000000000e+02
2.994900000000001938e+01 4.937668967247009277e+01 5.000000000000000000e+01 4.620000000000000000e+02
2.998400000000001953e+01 4.937668967247009277e+01 5.100000000000000000e+01 4.730000000000000000e+02
3.077900000000001057e+01 4.937668967247009277e+01 5.200000000000000000e+01 5.960000000000000000e+02
3.113200000000000500e+01 4.937668967247009277e+01 5.300000000000000000e+01 5.480000000000000000e+02
3.176200000000001822e+01 4.937668967247009277e+01 5.400000000000000000e+01 6.040000000000000000e+02
3.249900000000001654e+01 4.937668967247009277e+01 5.500000000000000000e+01 5.450000000000000000e+02
3.302500000000007674e+01 4.937668967247009277e+01 5.600000000000000000e+01 8.260000000000000000e+02
3.413000000000003809e+01 4.937668967247009277e+01 5.700000000000000000e+01 6.460000000000000000e+02
3.439000000000005031e+01 4.937668967247009277e+01 5.800000000000000000e+01 6.330000000000000000e+02
3.554400000000006088e+01 4.937668967247009277e+01 5.900000000000000000e+01 8.050000000000000000e+02
3.588700000000006440e+01 4.937668967247009277e+01 6.000000000000000000e+01 1.312000000000000000e+03
3.647700000000010334e+01 4.937668967247009277e+01 6.100000000000000000e+01 6.730000000000000000e+02
3.694700000000012352e+01 4.937668967247009277e+01 6.200000000000000000e+01 1.601000000000000000e+03
3.794800000000018514e+01 4.937668967247009277e+01 6.300000000000000000e+01 9.430000000000000000e+02
3.869100000000022987e+01 4.937668967247009277e+01 6.400000000000000000e+01 6.660000000000000000e+02
4.039000000000028479e+01 4.937668967247009277e+01 6.500000000000000000e+01 1.047000000000000000e+03
4.142300000000032867e+01 4.937668967247009277e+01 6.600000000000000000e+01 1.891000000000000000e+03
4.265400000000037295e+01 4.937668967247009277e+01 6.700000000000000000e+01 1.082000000000000000e+03
4.359000000000040131e+01 4.937668967247009277e+01 6.800000000000000000e+01 8.220000000000000000e+02
4.472000000000044651e+01 4.937668967247009277e+01 6.900000000000000000e+01 1.081000000000000000e+03
4.612300000000050204e+01 4.937668967247009277e+01 7.000000000000000000e+01 8.510000000000000000e+02
4.850200000000059219e+01 4.937668967247009277e+01 7.100000000000000000e+01 1.229000000000000000e+03
4.920700000000061181e+01 4.937668967247009277e+01 7.200000000000000000e+01 8.570000000000000000e+02
4.937668967247009277e+01 4.937668967247009277e+01 0.000000000000000000e+00 0.000000000000000000e+00
4.937668967247009277e+01 4.937668967247009277e+01 0.000000000000000000e+00 0.000000000000000000e+00
0.000000000000000000e+00 0.000000000000000000e+00 0.000000000000000000e+00 0.000000000000000000e+00
0.000000000000000000e+00 0.000000000000000000e+00 0.000000000000000000e+00 0.000000000000000000e+00
0.000000000000000000e+00 0.000000000000000000e+00 0.000000000000000000e+00 0.000000000000000000e+00
0.000000000000000000e+00 0.000000000000000000e+00 0.000000000000000000e+00 0.000000000000000000e+00
0.000000000000000000e+00 0.000000000000000000e+00 0.000000000000000000e+00 0.000000000000000000e+00
0.000000000000000000e+00 0.000000000000000000e+00 0.000000000000000000e+00 0.000000000000000000e+00
0.000000000000000000e+00 0.000000000000000000e+00 0.000000000000000000e+00 0.000000000000000000e+00
0.000000000000000000e+00 0.000000000000000000e+00 0.000000000000000000e+00 0.000000000000000000e+00
0.000000000000000000e+00 0.000000000000000000e+00 0.000000000000000000e+00 0.000000000000000000e+00
0.000000000000000000e+00 0.000000000000000000e+00 0.000000000000000000e+00 0.000000000000000000e+00
0.000000000000000000e+00 0.000000000000000000e+00 0.000000000000000000e+00 0.000000000000000000e+00
0.000000000000000000e+00 0.000000000000000000e+00 0.000000000000000000e+00 0.000000000000000000e+00
0.000000000000000000e+00 0.000000000000000000e+00 0.000000000000000000e+00 0.000000000000000000e+00
0.000000000000000000e+00 0.000000000000000000e+00 0.000000000000000000e+00 0.000000000000000000e+00
0.000000000000000000e+00 0.000000000000000000e+00 0.000000000000000000e+00 0.000000000000000000e+00
0.000000000000000000e+00 0.000000000000000000e+00 0.000000000000000000e+00 0.000000000000000000e+00
0.000000000000000000e+00 0.000000000000000000e+00 0.000000000000000000e+00 0.000000000000000000e+00
0.000000000000000000e+00 0.000000000000000000e+00 0.000000000000000000e+00 0.000000000000000000e+00
0.000000000000000000e+00 0.000000000000000000e+00 0.000000000000000000e+00 0.000000000000000000e+00
0.000000000000000000e+00 0.000000000000000000e+00 0.000000000000000000e+00 0.000000000000000000e+00
0.000000000000000000e+00 0.000000000000000000e+00 0.000000000000000000e+00 0.000000000000000000e+00
0.000000000000000000e+00 0.000000000000000000e+00 0.000000000000000000e+00 0.000000000000000000e+00
0.000000000000000000e+00 0.000000000000000000e+00 0.000000000000000000e+00 0.000000000000000000e+00
0.000000000000000000e+00 0.000000000000000000e+00 0.000000000000000000e+00 0.000000000000000000e+00
0.000000000000000000e+00 0.000000000000000000e+00 0.000000000000000000e+00 0.000000000000000000e+00
0.000000000000000000e+00 0.000000000000000000e+00 0.000000000000000000e+00 0.000000000000000000e+00
0.000000000000000000e+00 0.000000000000000000e+00 0.000000000000000000e+00 0.000000000000000000e+00
0.000000000000000000e+00 0.000000000000000000e+00 0.000000000000000000e+00 0.000000000000000000e+00
0.000000000000000000e+00 0.000000000000000000e+00 0.000000000000000000e+00 0.000000000000000000e+00
0.000000000000000000e+00 0.000000000000000000e+00 0.000000000000000000e+00 0.000000000000000000e+00
0.000000000000000000e+00 0.000000000000000000e+00 0.000000000000000000e+00 0.000000000000000000e+00
0.000000000000000000e+00 0.000000000000000000e+00 0.000000000000000000e+00 0.000000000000000000e+00
0.000000000000000000e+00 0.000000000000000000e+00 0.000000000000000000e+00 0.000000000000000000e+00
0.000000000000000000e+00 0.000000000000000000e+00 0.000000000000000000e+00 0.000000000000000000e+00
0.000000000000000000e+00 0.000000000000000000e+00 0.000000000000000000e+00 0.000000000000000000e+00
0.000000000000000000e+00 0.000000000000000000e+00 0.000000000000000000e+00 0.000000000000000000e+00
0.000000000000000000e+00 0.000000000000000000e+00 0.000000000000000000e+00 0.000000000000000000e+00
0.000000000000000000e+00 0.000000000000000000e+00 0.000000000000000000e+00 0.000000000000000000e+00
0.000000000000000000e+00 0.000000000000000000e+00 0.000000000000000000e+00 0.000000000000000000e+00
0.000000000000000000e+00 0.000000000000000000e+00 0.000000000000000000e+00 0.000000000000000000e+00
0.000000000000000000e+00 0.000000000000000000e+00 0.000000000000000000e+00 0.000000000000000000e+00
0.000000000000000000e+00 0.000000000000000000e+00 0.000000000000000000e+00 0.000000000000000000e+00
0.000000000000000000e+00 0.000000000000000000e+00 0.000000000000000000e+00 0.000000000000000000e+00
0.000000000000000000e+00 0.000000000000000000e+00 0.000000000000000000e+00 0.000000000000000000e+00
0.000000000000000000e+00 0.000000000000000000e+00 0.000000000000000000e+00 0.000000000000000000e+00
0.000000000000000000e+00 0.000000000000000000e+00 0.000000000000000000e+00 0.000000000000000000e+00
0.000000000000000000e+00 0.000000000000000000e+00 0.000000000000000000e+00 0.000000000000000000e+00
0.000000000000000000e+00 0.000000000000000000e+00 0.000000000000000000e+00 0.000000000000000000e+00
0.000000000000000000e+00 0.000000000000000000e+00 0.000000000000000000e+00 0.000000000000000000e+00
0.000000000000000000e+00 0.000000000000000000e+00 0.000000000000000000e+00 0.000000000000000000e+00
0.000000000000000000e+00 0.000000000000000000e+00 0.000000000000000000e+00 0.000000000000000000e+00
0.000000000000000000e+00 0.000000000000000000e+00 0.000000000000000000e+00 0.000000000000000000e+00
0.000000000000000000e+00 0.000000000000000000e+00 0.000000000000000000e+00 0.000000000000000000e+00
0.000000000000000000e+00 0.000000000000000000e+00 0.000000000000000000e+00 0.000000000000000000e+00
0.000000000000000000e+00 0.000000000000000000e+00 0.000000000000000000e+00 0.000000000000000000e+00
0.000000000000000000e+00 0.000000000000000000e+00 0.000000000000000000e+00 0.000000000000000000e+00
0.000000000000000000e+00 0.000000000000000000e+00 0.000000000000000000e+00 0.000000000000000000e+00
0.000000000000000000e+00 0.000000000000000000e+00 0.000000000000000000e+00 0.000000000000000000e+00
0.000000000000000000e+00 0.000000000000000000e+00 0.000000000000000000e+00 0.000000000000000000e+00
0.000000000000000000e+00 0.000000000000000000e+00 0.000000000000000000e+00 0.000000000000000000e+00
0.000000000000000000e+00 0.000000000000000000e+00 0.000000000000000000e+00 0.000000000000000000e+00
0.000000000000000000e+00 0.000000000000000000e+00 0.000000000000000000e+00 0.000000000000000000e+00
0.000000000000000000e+00 0.000000000000000000e+00 0.000000000000000000e+00 0.000000000000000000e+00
0.000000000000000000e+00 0.000000000000000000e+00 0.000000000000000000e+00 0.000000000000000000e+00
0.000000000000000000e+00 0.000000000000000000e+00 0.000000000000000000e+00 0.000000000000000000e+00
0.000000000000000000e+00 0.000000000000000000e+00 0.000000000000000000e+00 0.000000000000000000e+00
0.000000000000000000e+00 0.000000000000000000e+00 0.000000000000000000e+00 0.000000000000000000e+00
0.000000000000000000e+00 0.000000000000000000e+00 0.000000000000000000e+00 0.000000000000000000e+00
0.000000000000000000e+00 0.000000000000000000e+00 0.000000000000000000e+00 0.000000000000000000e+00
0.000000000000000000e+00 0.000000000000000000e+00 0.000000000000000000e+00 0.000000000000000000e+00
0.000000000000000000e+00 0.000000000000000000e+00 0.000000000000000000e+00 0.000000000000000000e+00
0.000000000000000000e+00 0.000000000000000000e+00 0.000000000000000000e+00 0.000000000000000000e+00
0.000000000000000000e+00 0.000000000000000000e+00 0.000000000000000000e+00 0.000000000000000000e+00
0.000000000000000000e+00 0.000000000000000000e+00 0.000000000000000000e+00 0.000000000000000000e+00
0.000000000000000000e+00 0.000000000000000000e+00 0.000000000000000000e+00 0.000000000000000000e+00
3.592000000000000526e+00 5.210603165626525879e+01 0.000000000000000000e+00 0.000000000000000000e+00
5.175000000000000711e+00 5.210603165626525879e+01 1.000000000000000000e+00 0.000000000000000000e+00
6.919000000000000483e+00 5.210603165626525879e+01 2.000000000000000000e+00 9.000000000000000000e+00
7.491999999999999993e+00 5.210603165626525879e+01 3.000000000000000000e+00 1.100000000000000000e+01
8.226000000000000867e+00 5.210603165626525879e+01 4.000000000000000000e+00 1.700000000000000000e+01
8.769999999999999574e+00 5.210603165626525879e+01 5.000000000000000000e+00 1.400000000000000000e+01
9.473000000000000753e+00 5.210603165626525879e+01 6.000000000000000000e+00 1.500000000000000000e+01
1.015799999999999947e+01 5.210603165626525879e+01 7.000000000000000000e+00 2.700000000000000000e+01
1.029099999999999859e+01 5.210603165626525879e+01 8.000000000000000000e+00 1.500000000000000000e+01
1.065900000000000070e+01 5.210603165626525879e+01 9.000000000000000000e+00 3.100000000000000000e+01
1.145199999999999996e+01 5.210603165626525879e+01 1.000000000000000000e+01 2.700000000000000000e+01
1.176299999999999990e+01 5.210603165626525879e+01 1.100000000000000000e+01 3.800000000000000000e+01
1.236299999999999777e+01 5.210603165626525879e+01 1.200000000000000000e+01 3.500000000000000000e+01
1.294599999999999618e+01 5.210603165626525879e+01 1.300000000000000000e+01 4.600000000000000000e+01
1.323199999999999577e+01 5.210603165626525879e+01 1.400000000000000000e+01 4.200000000000000000e+01
1.360299999999999621e+01 5.210603165626525879e+01 1.500000000000000000e+01 6.200000000000000000e+01
1.444699999999999740e+01 5.210603165626525879e+01 1.600000000000000000e+01 5.400000000000000000e+01
1.510999999999999588e+01 5.210603165626525879e+01 1.700000000000000000e+01 7.400000000000000000e+01
1.549299999999999677e+01 5.210603165626525879e+01 1.800000000000000000e+01 7.900000000000000000e+01
1.573999999999999666e+01 5.210603165626525879e+01 1.900000000000000000e+01 7.700000000000000000e+01
1.633699999999999619e+01 5.210603165626525879e+01 2.000000000000000000e+01 9.100000000000000000e+01
1.668499999999999517e+01 5.210603165626525879e+01 2.100000000000000000e+01 9.400000000000000000e+01
1.720199999999998752e+01 5.210603165626525879e+01 2.200000000000000000e+01 1.170000000000000000e+02
1.790099999999998914e+01 5.210603165626525879e+01 2.300000000000000000e+01 1.640000000000000000e+02
1.821799999999998931e+01 5.210603165626525879e+01 2.400000000000000000e+01 1.180000000000000000e+02
1.842399999999998883e+01 5.210603165626525879e+01 2.500000000000000000e+01 1.100000000000000000e+02
1.901199999999998980e+01 5.210603165626525879e+01 2.600000000000000000e+01 1.250000000000000000e+02
1.929899999999998883e+01 5.210603165626525879e+01 2.700000000000000000e+01 1.720000000000000000e+02
1.956499999999999062e+01 5.210603165626525879e+01 2.800000000000000000e+01 1.490000000000000000e+02
1.993499999999999162e+01 5.210603165626525879e+01 2.900000000000000000e+01 1.760000000000000000e+02
2.044899999999999451e+01 5.210603165626525879e+01 3.000000000000000000e+01 1.180000000000000000e+02
2.079799999999999116e+01 5.210603165626525879e+01 3.100000000000000000e+01 1.920000000000000000e+02
2.134599999999998943e+01 5.210603165626525879e+01 3.200000000000000000e+01 2.030000000000000000e+02
2.185699999999999577e+01 5.210603165626525879e+01 3.300000000000000000e+01 1.920000000000000000e+02
2.203499999999999659e+01 5.210603165626525879e+01 3.400000000000000000e+01 1.540000000000000000e+02
2.232000000000000028e+01 5.210603165626525879e+01 3.500000000000000000e+01 2.690000000000000000e+02
2.294900000000000517e+01 5.210603165626525879e+01 3.600000000000000000e+01 2.900000000000000000e+02
2.362200000000001054e+01 5.210603165626525879e+01 3.700000000000000000e+01 2.900000000000000000e+02
2.436300000000001020e+01 5.210603165626525879e+01 3.800000000000000000e+01 2.610000000000000000e+02
2.466400000000000858e+01 5.210603165626525879e+01 3.900000000000000000e+01 3.360000000000000000e+02
2.523699999999999832e+01 5.210603165626525879e+01 4.000000000000000000e+01 3.060000000000000000e+02
2.540699999999999648e+01 5.210603165626525879e+01 4.100000000000000000e+01 3.580000000000000000e+02
2.594099999999999540e+01 5.210603165626525879e+01 4.200000000000000000e+01 2.580000000000000000e+02
2.659399999999999409e+01 5.210603165626525879e+01 4.300000000000000000e+01 4.600000000000000000e+02
2.721499999999998565e+01 5.210603165626525879e+01 4.400000000000000000e+01 3.340000000000000000e+02
2.739799999999998903e+01 5.210603165626525879e+01 4.500000000000000000e+01 4.500000000000000000e+02
2.782899999999998997e+01 5.210603165626525879e+01 4.600000000000000000e+01 4.060000000000000000e+02
2.857299999999999329e+01 5.210603165626525879e+01 4.700000000000000000e+01 4.910000000000000000e+02
2.881200000000000472e+01 5.210603165626525879e+01 4.800000000000000000e+01 4.610000000000000000e+02
2.920200000000000529e+01 5.210603165626525879e+01 4.900000000000000000e+01 4.910000000000000000e+02
2.998199999999999577e+01 5.210603165626525879e+01 5.000000000000000000e+01 4.850000000000000000e+02
3.051700000000000301e+01 5.210603165626525879e+01 5.100000000000000000e+01 5.410000000000000000e+02
3.096700000000000585e+01 5.210603165626525879e+01 5.200000000000000000e+01 7.130000000000000000e+02
3.178999999999999559e+01 5.210603165626525879e+01 5.300000000000000000e+01 4.930000000000000000e+02
3.244200000000002149e+01 5.210603165626525879e+01 5.400000000000000000e+01 6.260000000000000000e+02
3.291500000000002046e+01 5.210603165626525879e+01 5.500000000000000000e+01 6.460000000000000000e+02
3.345700000000007179e+01 5.210603165626525879e+01 5.600000000000000000e+01 5.830000000000000000e+02
3.405400000000003047e+01 5.210603165626525879e+01 5.700000000000000000e+01 5.830000000000000000e+02
3.534000000000014552e+01 5.210603165626525879e+01 5.800000000000000000e+01 5.600000000000000000e+02
3.611200000000009425e+01 5.210603165626525879e+01 5.900000000000000000e+01 7.170000000000000000e+02
3.722900000000020526e+01 5.210603165626525879e+01 6.000000000000000000e+01 9.610000000000000000e+02
3.794000000000021799e+01 5.210603165626525879e+01 6.100000000000000000e+01 1.266000000000000000e+03
3.939100000000033930e+01 5.210603165626525879e+01 6.200000000000000000e+01 1.561000000000000000e+03
3.997800000000037812e+01 5.210603165626525879e+01 6.300000000000000000e+01 1.832000000000000000e+03
4.118000000000043315e+01 5.210603165626525879e+01 6.400000000000000000e+01 1.165000000000000000e+03
4.205200000000046145e+01 5.210603165626525879e+01 6.500000000000000000e+01 2.168000000000000000e+03
4.313100000000050471e+01 5.210603165626525879e+01 6.600000000000000000e+01 7.090000000000000000e+02
4.621400000000062391e+01 5.210603165626525879e+01 6.700000000000000000e+01 1.947000000000000000e+03
4.777500000000068781e+01 5.210603165626525879e+01 6.800000000000000000e+01 1.111000000000000000e+03
4.844100000000071304e+01 5.210603165626525879e+01 6.900000000000000000e+01 1.266000000000000000e+03
4.945600000000075624e+01 5.210603165626525879e+01 7.000000000000000000e+01 1.223000000000000000e+03
5.058700000000080621e+01 5.210603165626525879e+01 7.100000000000000000e+01 1.284000000000000000e+03
5.201300000000085788e+01 5.210603165626525879e+01 7.200000000000000000e+01 1.067000000000000000e+03
5.210603165626525879e+01 5.210603165626525879e+01 0.000000000000000000e+00 0.000000000000000000e+00
5.210603165626525879e+01 5.210603165626525879e+01 0.000000000000000000e+00 0.000000000000000000e+00
3.822000000000000064e+00 5.231477856636047363e+01 0.000000000000000000e+00 7.000000000000000000e+00
4.740000000000001101e+00 5.231477856636047363e+01 1.000000000000000000e+00 1.600000000000000000e+01
5.560000000000001386e+00 5.231477856636047363e+01 2.000000000000000000e+00 7.000000000000000000e+00
6.937000000000001165e+00 5.231477856636047363e+01 3.000000000000000000e+00 1.600000000000000000e+01
7.312000000000001165e+00 5.231477856636047363e+01 4.000000000000000000e+00 1.500000000000000000e+01
8.231000000000001648e+00 5.231477856636047363e+01 5.000000000000000000e+00 1.900000000000000000e+01
8.588000000000000966e+00 5.231477856636047363e+01 6.000000000000000000e+00 2.400000000000000000e+01
8.945000000000002061e+00 5.231477856636047363e+01 7.000000000000000000e+00 5.100000000000000000e+01
9.479000000000002757e+00 5.231477856636047363e+01 8.000000000000000000e+00 2.400000000000000000e+01
9.816000000000002501e+00 5.231477856636047363e+01 9.000000000000000000e+00 4.300000000000000000e+01
1.063600000000000279e+01 5.231477856636047363e+01 1.000000000000000000e+01 2.800000000000000000e+01
1.125700000000000323e+01 5.231477856636047363e+01 1.100000000000000000e+01 4.100000000000000000e+01
1.216300000000000203e+01 5.231477856636047363e+01 1.200000000000000000e+01 6.900000000000000000e+01
1.284200000000000230e+01 5.231477856636047363e+01 1.300000000000000000e+01 7.000000000000000000e+01
1.347300000000000253e+01 5.231477856636047363e+01 1.400000000000000000e+01 6.000000000000000000e+01
1.389200000000000124e+01 5.231477856636047363e+01 1.500000000000000000e+01 5.200000000000000000e+01
1.430300000000000082e+01 5.231477856636047363e+01 1.600000000000000000e+01 9.500000000000000000e+01
1.458200000000000074e+01 5.231477856636047363e+01 1.700000000000000000e+01 9.500000000000000000e+01
1.507600000000000051e+01 5.231477856636047363e+01 1.800000000000000000e+01 8.700000000000000000e+01
1.613700000000000045e+01 5.231477856636047363e+01 1.900000000000000000e+01 1.000000000000000000e+02
1.661499999999999844e+01 5.231477856636047363e+01 2.000000000000000000e+01 9.600000000000000000e+01
1.696599999999999753e+01 5.231477856636047363e+01 2.100000000000000000e+01 1.060000000000000000e+02
1.752799999999999159e+01 5.231477856636047363e+01 2.200000000000000000e+01 8.900000000000000000e+01
1.807199999999999562e+01 5.231477856636047363e+01 2.300000000000000000e+01 1.400000000000000000e+02
1.828799999999999315e+01 5.231477856636047363e+01 2.400000000000000000e+01 1.050000000000000000e+02
1.902199999999999136e+01 5.231477856636047363e+01 2.500000000000000000e+01 1.200000000000000000e+02
1.954399999999998983e+01 5.231477856636047363e+01 2.600000000000000000e+01 1.560000000000000000e+02
1.954399999999998983e+01 5.231477856636047363e+01 2.700000000000000000e+01 1.770000000000000000e+02
1.994899999999999096e+01 5.231477856636047363e+01 2.800000000000000000e+01 1.440000000000000000e+02
2.047899999999998855e+01 5.231477856636047363e+01 2.900000000000000000e+01 1.430000000000000000e+02
2.099699999999998923e+01 5.231477856636047363e+01 3.000000000000000000e+01 1.960000000000000000e+02
2.176899999999999125e+01 5.231477856636047363e+01 3.100000000000000000e+01 1.870000000000000000e+02
2.210899999999998755e+01 5.231477856636047363e+01 3.200000000000000000e+01 2.170000000000000000e+02
2.247599999999998843e+01 5.231477856636047363e+01 3.300000000000000000e+01 1.930000000000000000e+02
2.289399999999998769e+01 5.231477856636047363e+01 3.400000000000000000e+01 2.170000000000000000e+02
2.316399999999999082e+01 5.231477856636047363e+01 3.500000000000000000e+01 2.170000000000000000e+02
2.356899999999999551e+01 5.231477856636047363e+01 3.600000000000000000e+01 2.240000000000000000e+02
2.428099999999999881e+01 5.231477856636047363e+01 3.700000000000000000e+01 2.390000000000000000e+02
2.460700000000000287e+01 5.231477856636047363e+01 3.800000000000000000e+01 3.030000000000000000e+02
2.481200000000000472e+01 5.231477856636047363e+01 3.900000000000000000e+01 3.140000000000000000e+02
2.599599999999998445e+01 5.231477856636047363e+01 4.000000000000000000e+01 2.920000000000000000e+02
2.607699999999998042e+01 5.231477856636047363e+01 4.100000000000000000e+01 4.360000000000000000e+02
2.690999999999998238e+01 5.231477856636047363e+01 4.200000000000000000e+01 3.310000000000000000e+02
2.738899999999997803e+01 5.231477856636047363e+01 4.300000000000000000e+01 3.790000000000000000e+02
2.820099999999997564e+01 5.231477856636047363e+01 4.400000000000000000e+01 5.050000000000000000e+02
2.892699999999997118e+01 5.231477856636047363e+01 4.500000000000000000e+01 4.210000000000000000e+02
2.932099999999996953e+01 5.231477856636047363e+01 4.600000000000000000e+01 4.260000000000000000e+02
2.955299999999997240e+01 5.231477856636047363e+01 4.700000000000000000e+01 5.770000000000000000e+02
3.042499999999997584e+01 5.231477856636047363e+01 4.800000000000000000e+01 4.860000000000000000e+02
3.089999999999998082e+01 5.231477856636047363e+01 4.900000000000000000e+01 5.240000000000000000e+02
3.162699999999997047e+01 5.231477856636047363e+01 5.000000000000000000e+01 5.690000000000000000e+02
3.251599999999996271e+01 5.231477856636047363e+01 5.100000000000000000e+01 5.590000000000000000e+02
3.299199999999993338e+01 5.231477856636047363e+01 5.200000000000000000e+01 6.560000000000000000e+02
3.398199999999999221e+01 5.231477856636047363e+01 5.300000000000000000e+01 6.710000000000000000e+02
3.501599999999996982e+01 5.231477856636047363e+01 5.400000000000000000e+01 7.100000000000000000e+02
3.540100000000001756e+01 5.231477856636047363e+01 5.500000000000000000e+01 6.650000000000000000e+02
3.596600000000005792e+01 5.231477856636047363e+01 5.600000000000000000e+01 6.290000000000000000e+02
3.704300000000004189e+01 5.231477856636047363e+01 5.700000000000000000e+01 6.120000000000000000e+02
3.830300000000011806e+01 5.231477856636047363e+01 5.800000000000000000e+01 6.910000000000000000e+02
3.898500000000009180e+01 5.231477856636047363e+01 5.900000000000000000e+01 8.140000000000000000e+02
3.987700000000018719e+01 5.231477856636047363e+01 6.000000000000000000e+01 1.374000000000000000e+03
4.093000000000019156e+01 5.231477856636047363e+01 6.100000000000000000e+01 6.570000000000000000e+02
4.175800000000019452e+01 5.231477856636047363e+01 6.200000000000000000e+01 7.870000000000000000e+02
4.229700000000021731e+01 5.231477856636047363e+01 6.300000000000000000e+01 2.047000000000000000e+03
4.297700000000024545e+01 5.231477856636047363e+01 6.400000000000000000e+01 1.834000000000000000e+03
4.368200000000028638e+01 5.231477856636047363e+01 6.500000000000000000e+01 1.039000000000000000e+03
4.511800000000032185e+01 5.231477856636047363e+01 6.600000000000000000e+01 2.236000000000000000e+03
4.673000000000038057e+01 5.231477856636047363e+01 6.700000000000000000e+01 1.071000000000000000e+03
4.708600000000041064e+01 5.231477856636047363e+01 6.800000000000000000e+01 8.210000000000000000e+02
4.823900000000044486e+01 5.231477856636047363e+01 6.900000000000000000e+01 2.111000000000000000e+03
4.926800000000048385e+01 5.231477856636047363e+01 7.000000000000000000e+01 1.119000000000000000e+03
5.086500000000053490e+01 5.231477856636047363e+01 7.100000000000000000e+01 1.006000000000000000e+03
5.231600000000058515e+01 5.231477856636047363e+01 7.200000000000000000e+01 8.300000000000000000e+02
5.231477856636047363e+01 5.231477856636047363e+01 0.000000000000000000e+00 0.000000000000000000e+00
5.231477856636047363e+01 5.231477856636047363e+01 0.000000000000000000e+00 0.000000000000000000e+00
3.954000000000000181e+00 4.850493502616882324e+01 0.000000000000000000e+00 1.000000000000000000e+00
4.746000000000000441e+00 4.850493502616882324e+01 1.000000000000000000e+00 4.000000000000000000e+00
5.529000000000000803e+00 4.850493502616882324e+01 2.000000000000000000e+00 1.300000000000000000e+01
6.854000000000000092e+00 4.850493502616882324e+01 3.000000000000000000e+00 1.400000000000000000e+01
7.225999999999999979e+00 4.850493502616882324e+01 4.000000000000000000e+00 1.500000000000000000e+01
7.770999999999999908e+00 4.850493502616882324e+01 5.000000000000000000e+00 2.600000000000000000e+01
8.299999999999998934e+00 4.850493502616882324e+01 6.000000000000000000e+00 1.600000000000000000e+01
9.647999999999999687e+00 4.850493502616882324e+01 7.000000000000000000e+00 2.600000000000000000e+01
1.000999999999999801e+01 4.850493502616882324e+01 8.000000000000000000e+00 2.900000000000000000e+01
1.067599999999999838e+01 4.850493502616882324e+01 9.000000000000000000e+00 3.500000000000000000e+01
1.067599999999999838e+01 4.850493502616882324e+01 1.000000000000000000e+01 6.600000000000000000e+01
1.145199999999999996e+01 4.850493502616882324e+01 1.100000000000000000e+01 6.200000000000000000e+01
1.175399999999999956e+01 4.850493502616882324e+01 1.200000000000000000e+01 4.100000000000000000e+01
1.233899999999999864e+01 4.850493502616882324e+01 1.300000000000000000e+01 6.600000000000000000e+01
1.248399999999999821e+01 4.850493502616882324e+01 1.400000000000000000e+01 3.100000000000000000e+01
1.317799999999999727e+01 4.850493502616882324e+01 1.500000000000000000e+01 4.800000000000000000e+01
1.366899999999999693e+01 4.850493502616882324e+01 1.600000000000000000e+01 4.700000000000000000e+01
1.407599999999999518e+01 4.850493502616882324e+01 1.700000000000000000e+01 6.500000000000000000e+01
1.538099999999999667e+01 4.850493502616882324e+01 1.800000000000000000e+01 9.500000000000000000e+01
1.599599999999999511e+01 4.850493502616882324e+01 1.900000000000000000e+01 7.200000000000000000e+01
1.623699999999999477e+01 4.850493502616882324e+01 2.000000000000000000e+01 8.000000000000000000e+01
1.693199999999999150e+01 4.850493502616882324e+01 2.100000000000000000e+01 1.320000000000000000e+02
1.738199999999998724e+01 4.850493502616882324e+01 2.200000000000000000e+01 1.220000000000000000e+02
1.749299999999998789e+01 4.850493502616882324e+01 2.300000000000000000e+01 1.010000000000000000e+02
1.781099999999998929e+01 4.850493502616882324e+01 2.400000000000000000e+01 1.490000000000000000e+02
1.862499999999998579e+01 4.850493502616882324e+01 2.500000000000000000e+01 1.710000000000000000e+02
1.901599999999998758e+01 4.850493502616882324e+01 2.600000000000000000e+01 1.140000000000000000e+02
1.911599999999998900e+01 4.850493502616882324e+01 2.700000000000000000e+01 1.420000000000000000e+02
1.977099999999999369e+01 4.850493502616882324e+01 2.800000000000000000e+01 1.460000000000000000e+02
2.021599999999999042e+01 4.850493502616882324e+01 2.900000000000000000e+01 1.470000000000000000e+02
2.016599999999999326e+01 4.850493502616882324e+01 3.000000000000000000e+01 1.550000000000000000e+02
2.080599999999999028e+01 4.850493502616882324e+01 3.100000000000000000e+01 1.530000000000000000e+02
2.120499999999999119e+01 4.850493502616882324e+01 3.200000000000000000e+01 2.220000000000000000e+02
2.173999999999999488e+01 4.850493502616882324e+01 3.300000000000000000e+01 1.970000000000000000e+02
2.233100000000000307e+01 4.850493502616882324e+01 3.400000000000000000e+01 1.690000000000000000e+02
2.264800000000000679e+01 4.850493502616882324e+01 3.500000000000000000e+01 2.240000000000000000e+02
2.303300000000001191e+01 4.850493502616882324e+01 3.600000000000000000e+01 2.000000000000000000e+02
2.329900000000001370e+01 4.850493502616882324e+01 3.700000000000000000e+01 2.750000000000000000e+02
2.408500000000001506e+01 4.850493502616882324e+01 3.800000000000000000e+01 2.700000000000000000e+02
2.452800000000001290e+01 4.850493502616882324e+01 3.900000000000000000e+01 2.720000000000000000e+02
2.513300000000000267e+01 4.850493502616882324e+01 4.000000000000000000e+01 3.140000000000000000e+02
2.518800000000000239e+01 4.850493502616882324e+01 4.100000000000000000e+01 2.610000000000000000e+02
2.582799999999999585e+01 4.850493502616882324e+01 4.200000000000000000e+01 3.950000000000000000e+02
2.670299999999999585e+01 4.850493502616882324e+01 4.300000000000000000e+01 2.870000000000000000e+02
2.686399999999999366e+01 4.850493502616882324e+01 4.400000000000000000e+01 3.330000000000000000e+02
2.726399999999999935e+01 4.850493502616882324e+01 4.500000000000000000e+01 3.620000000000000000e+02
2.765100000000000335e+01 4.850493502616882324e+01 4.600000000000000000e+01 4.070000000000000000e+02
2.814000000000000057e+01 4.850493502616882324e+01 4.700000000000000000e+01 5.960000000000000000e+02
2.891100000000001202e+01 4.850493502616882324e+01 4.800000000000000000e+01 4.910000000000000000e+02
2.964200000000001722e+01 4.850493502616882324e+01 4.900000000000000000e+01 3.720000000000000000e+02
2.942100000000002069e+01 4.850493502616882324e+01 5.000000000000000000e+01 4.410000000000000000e+02
3.046300000000003294e+01 4.850493502616882324e+01 5.100000000000000000e+01 5.600000000000000000e+02
3.109400000000001540e+01 4.850493502616882324e+01 5.200000000000000000e+01 5.500000000000000000e+02
3.120600000000001373e+01 4.850493502616882324e+01 5.300000000000000000e+01 3.820000000000000000e+02
3.179100000000001813e+01 4.850493502616882324e+01 5.400000000000000000e+01 4.630000000000000000e+02
3.257700000000002660e+01 4.850493502616882324e+01 5.500000000000000000e+01 6.080000000000000000e+02
3.365200000000011471e+01 4.850493502616882324e+01 5.600000000000000000e+01 6.830000000000000000e+02
3.381600000000008777e+01 4.850493502616882324e+01 5.700000000000000000e+01 8.510000000000000000e+02
3.492500000000021743e+01 4.850493502616882324e+01 5.800000000000000000e+01 7.370000000000000000e+02
3.538800000000021129e+01 4.850493502616882324e+01 5.900000000000000000e+01 5.220000000000000000e+02
3.602400000000029223e+01 4.850493502616882324e+01 6.000000000000000000e+01 6.780000000000000000e+02
3.693400000000028882e+01 4.850493502616882324e+01 6.100000000000000000e+01 8.330000000000000000e+02
3.792600000000037852e+01 4.850493502616882324e+01 6.200000000000000000e+01 1.506000000000000000e+03
3.888400000000041956e+01 4.850493502616882324e+01 6.300000000000000000e+01 8.980000000000000000e+02
3.967100000000046123e+01 4.850493502616882324e+01 6.400000000000000000e+01 1.753000000000000000e+03
4.058900000000050312e+01 4.850493502616882324e+01 6.500000000000000000e+01 8.290000000000000000e+02
4.133600000000052432e+01 4.850493502616882324e+01 6.600000000000000000e+01 7.640000000000000000e+02
4.227500000000055280e+01 4.850493502616882324e+01 6.700000000000000000e+01 8.680000000000000000e+02
4.390200000000061920e+01 4.850493502616882324e+01 6.800000000000000000e+01 1.067000000000000000e+03
4.458600000000064512e+01 4.850493502616882324e+01 6.900000000000000000e+01 8.880000000000000000e+02
4.587700000000069167e+01 4.850493502616882324e+01 7.000000000000000000e+01 7.190000000000000000e+02
4.772300000000076636e+01 4.850493502616882324e+01 7.100000000000000000e+01 9.080000000000000000e+02
4.853900000000079729e+01 4.850493502616882324e+01 7.200000000000000000e+01 1.589000000000000000e+03
4.850493502616882324e+01 4.850493502616882324e+01 0.000000000000000000e+00 0.000000000000000000e+00
4.850493502616882324e+01 4.850493502616882324e+01 0.000000000000000000e+00 0.000000000000000000e+00
4.180000000000000604e+00 5.195617699623107910e+01 0.000000000000000000e+00 2.000000000000000000e+00
4.979000000000000981e+00 5.195617699623107910e+01 1.000000000000000000e+00 7.000000000000000000e+00
5.570000000000002061e+00 5.195617699623107910e+01 2.000000000000000000e+00 1.500000000000000000e+01
5.757000000000001450e+00 5.195617699623107910e+01 3.000000000000000000e+00 7.000000000000000000e+00
7.809000000000001052e+00 5.195617699623107910e+01 4.000000000000000000e+00 1.700000000000000000e+01
8.712999999999999190e+00 5.195617699623107910e+01 5.000000000000000000e+00 2.800000000000000000e+01
9.242999999999998550e+00 5.195617699623107910e+01 6.000000000000000000e+00 4.300000000000000000e+01
9.958999999999999631e+00 5.195617699623107910e+01 7.000000000000000000e+00 4.200000000000000000e+01
1.062800000000000011e+01 5.195617699623107910e+01 8.000000000000000000e+00 2.300000000000000000e+01
1.128300000000000125e+01 5.195617699623107910e+01 9.000000000000000000e+00 3.800000000000000000e+01
1.176400000000000290e+01 5.195617699623107910e+01 1.000000000000000000e+01 4.900000000000000000e+01
1.269200000000000372e+01 5.195617699623107910e+01 1.100000000000000000e+01 5.600000000000000000e+01
1.329500000000000348e+01 5.195617699623107910e+01 1.200000000000000000e+01 4.700000000000000000e+01
1.402700000000000280e+01 5.195617699623107910e+01 1.300000000000000000e+01 6.800000000000000000e+01
1.441500000000000270e+01 5.195617699623107910e+01 1.400000000000000000e+01 8.400000000000000000e+01
1.458300000000000196e+01 5.195617699623107910e+01 1.500000000000000000e+01 6.800000000000000000e+01
1.500800000000000267e+01 5.195617699623107910e+01 1.600000000000000000e+01 6.100000000000000000e+01
1.553000000000000291e+01 5.195617699623107910e+01 1.700000000000000000e+01 1.030000000000000000e+02
1.591100000000000314e+01 5.195617699623107910e+01 1.800000000000000000e+01 9.900000000000000000e+01
1.677000000000000313e+01 5.195617699623107910e+01 1.900000000000000000e+01 1.020000000000000000e+02
1.717500000000000071e+01 5.195617699623107910e+01 2.000000000000000000e+01 9.700000000000000000e+01
1.759999999999999787e+01 5.195617699623107910e+01 2.100000000000000000e+01 1.260000000000000000e+02
1.768799999999999528e+01 5.195617699623107910e+01 2.200000000000000000e+01 1.150000000000000000e+02
1.814799999999999613e+01 5.195617699623107910e+01 2.300000000000000000e+01 1.570000000000000000e+02
1.848199999999999577e+01 5.195617699623107910e+01 2.400000000000000000e+01 1.640000000000000000e+02
1.909399999999999409e+01 5.195617699623107910e+01 2.500000000000000000e+01 1.250000000000000000e+02
1.959099999999999397e+01 5.195617699623107910e+01 2.600000000000000000e+01 1.290000000000000000e+02
2.051099999999999213e+01 5.195617699623107910e+01 2.700000000000000000e+01 1.570000000000000000e+02
2.106599999999998829e+01 5.195617699623107910e+01 2.800000000000000000e+01 2.110000000000000000e+02
2.122699999999998610e+01 5.195617699623107910e+01 2.900000000000000000e+01 1.500000000000000000e+02
2.168199999999998440e+01 5.195617699623107910e+01 3.000000000000000000e+01 1.340000000000000000e+02
2.197799999999998022e+01 5.195617699623107910e+01 3.100000000000000000e+01 2.330000000000000000e+02
2.266299999999997894e+01 5.195617699623107910e+01 3.200000000000000000e+01 2.190000000000000000e+02
2.278399999999998116e+01 5.195617699623107910e+01 3.300000000000000000e+01 1.940000000000000000e+02
2.360499999999998977e+01 5.195617699623107910e+01 3.400000000000000000e+01 2.170000000000000000e+02
2.448799999999999955e+01 5.195617699623107910e+01 3.500000000000000000e+01 2.370000000000000000e+02
2.496600000000000463e+01 5.195617699623107910e+01 3.600000000000000000e+01 2.340000000000000000e+02
2.522900000000000631e+01 5.195617699623107910e+01 3.700000000000000000e+01 2.930000000000000000e+02
2.573200000000000642e+01 5.195617699623107910e+01 3.800000000000000000e+01 3.240000000000000000e+02
2.627399999999999736e+01 5.195617699623107910e+01 3.900000000000000000e+01 3.130000000000000000e+02
2.639099999999999469e+01 5.195617699623107910e+01 4.000000000000000000e+01 2.820000000000000000e+02
2.705299999999999017e+01 5.195617699623107910e+01 4.100000000000000000e+01 3.110000000000000000e+02
2.750199999999999179e+01 5.195617699623107910e+01 4.200000000000000000e+01 3.320000000000000000e+02
2.778399999999999537e+01 5.195617699623107910e+01 4.300000000000000000e+01 3.480000000000000000e+02
2.819999999999999218e+01 5.195617699623107910e+01 4.400000000000000000e+01 3.780000000000000000e+02
2.895100000000000051e+01 5.195617699623107910e+01 4.500000000000000000e+01 4.310000000000000000e+02
2.924599999999999511e+01 5.195617699623107910e+01 4.600000000000000000e+01 2.930000000000000000e+02
2.987699999999999889e+01 5.195617699623107910e+01 4.700000000000000000e+01 3.800000000000000000e+02
3.052800000000002356e+01 5.195617699623107910e+01 4.800000000000000000e+01 5.690000000000000000e+02
3.183800000000001873e+01 5.195617699623107910e+01 4.900000000000000000e+01 5.890000000000000000e+02
3.246299999999998676e+01 5.195617699623107910e+01 5.000000000000000000e+01 6.060000000000000000e+02
3.283199999999997942e+01 5.195617699623107910e+01 5.100000000000000000e+01 4.900000000000000000e+02
3.346099999999997721e+01 5.195617699623107910e+01 5.200000000000000000e+01 7.950000000000000000e+02
3.450700000000000500e+01 5.195617699623107910e+01 5.300000000000000000e+01 6.170000000000000000e+02
3.489000000000002188e+01 5.195617699623107910e+01 5.400000000000000000e+01 6.590000000000000000e+02
3.567300000000002314e+01 5.195617699623107910e+01 5.500000000000000000e+01 6.990000000000000000e+02
3.604700000000006099e+01 5.195617699623107910e+01 5.600000000000000000e+01 8.560000000000000000e+02
3.642500000000004690e+01 5.195617699623107910e+01 5.700000000000000000e+01 9.910000000000000000e+02
3.731900000000011630e+01 5.195617699623107910e+01 5.800000000000000000e+01 1.060000000000000000e+03
3.858300000000006946e+01 5.195617699623107910e+01 5.900000000000000000e+01 1.085000000000000000e+03
3.939600000000017843e+01 5.195617699623107910e+01 6.000000000000000000e+01 1.503000000000000000e+03
3.993100000000018923e+01 5.195617699623107910e+01 6.100000000000000000e+01 9.540000000000000000e+02
4.081200000000026051e+01 5.195617699623107910e+01 6.200000000000000000e+01 6.350000000000000000e+02
4.177800000000034686e+01 5.195617699623107910e+01 6.300000000000000000e+01 9.930000000000000000e+02
4.256800000000036732e+01 5.195617699623107910e+01 6.400000000000000000e+01 7.050000000000000000e+02
4.395300000000043639e+01 5.195617699623107910e+01 6.500000000000000000e+01 1.055000000000000000e+03
4.431700000000044071e+01 5.195617699623107910e+01 6.600000000000000000e+01 1.529000000000000000e+03
4.546600000000048425e+01 5.195617699623107910e+01 6.700000000000000000e+01 7.210000000000000000e+02
4.662600000000053768e+01 5.195617699623107910e+01 6.800000000000000000e+01 8.740000000000000000e+02
4.741300000000060066e+01 5.195617699623107910e+01 6.900000000000000000e+01 2.529000000000000000e+03
4.917700000000061777e+01 5.195617699623107910e+01 7.000000000000000000e+01 7.930000000000000000e+02
5.034200000000068087e+01 5.195617699623107910e+01 7.100000000000000000e+01 1.250000000000000000e+03
5.155700000000074823e+01 5.195617699623107910e+01 7.200000000000000000e+01 9.480000000000000000e+02
5.195617699623107910e+01 5.195617699623107910e+01 0.000000000000000000e+00 0.000000000000000000e+00
5.195617699623107910e+01 5.195617699623107910e+01 0.000000000000000000e+00 0.000000000000000000e+00
4.954000000000000625e+00 5.353181743621826172e+01 0.000000000000000000e+00 7.000000000000000000e+00
6.146000000000000796e+00 5.353181743621826172e+01 1.000000000000000000e+00 1.000000000000000000e+01
6.729000000000000092e+00 5.353181743621826172e+01 2.000000000000000000e+00 1.200000000000000000e+01
7.684000000000000163e+00 5.353181743621826172e+01 3.000000000000000000e+00 1.600000000000000000e+01
8.242000000000000881e+00 5.353181743621826172e+01 4.000000000000000000e+00 2.200000000000000000e+01
8.964999999999999858e+00 5.353181743621826172e+01 5.000000000000000000e+00 4.700000000000000000e+01
9.144000000000000128e+00 5.353181743621826172e+01 6.000000000000000000e+00 2.200000000000000000e+01
1.052800000000000047e+01 5.353181743621826172e+01 7.000000000000000000e+00 4.400000000000000000e+01
1.082600000000000051e+01 5.353181743621826172e+01 8.000000000000000000e+00 2.600000000000000000e+01
1.119600000000000151e+01 5.353181743621826172e+01 9.000000000000000000e+00 6.400000000000000000e+01
1.150200000000000244e+01 5.353181743621826172e+01 1.000000000000000000e+01 6.800000000000000000e+01
1.229499999999999993e+01 5.353181743621826172e+01 1.100000000000000000e+01 5.200000000000000000e+01
1.259799999999999898e+01 5.353181743621826172e+01 1.200000000000000000e+01 7.900000000000000000e+01
1.284600000000000009e+01 5.353181743621826172e+01 1.300000000000000000e+01 5.500000000000000000e+01
1.360800000000000054e+01 5.353181743621826172e+01 1.400000000000000000e+01 7.800000000000000000e+01
1.457999999999999829e+01 5.353181743621826172e+01 1.500000000000000000e+01 7.300000000000000000e+01
1.471799999999999820e+01 5.353181743621826172e+01 1.600000000000000000e+01 7.000000000000000000e+01
1.576400000000000112e+01 5.353181743621826172e+01 1.700000000000000000e+01 1.290000000000000000e+02
1.627200000000000557e+01 5.353181743621826172e+01 1.800000000000000000e+01 1.130000000000000000e+02
1.652200000000000557e+01 5.353181743621826172e+01 1.900000000000000000e+01 1.250000000000000000e+02
1.663700000000000401e+01 5.353181743621826172e+01 2.000000000000000000e+01 9.600000000000000000e+01
1.734299999999999997e+01 5.353181743621826172e+01 2.100000000000000000e+01 1.380000000000000000e+02
1.745799999999999841e+01 5.353181743621826172e+01 2.200000000000000000e+01 1.290000000000000000e+02
1.832499999999999929e+01 5.353181743621826172e+01 2.300000000000000000e+01 1.540000000000000000e+02
1.885100000000000264e+01 5.353181743621826172e+01 2.400000000000000000e+01 1.210000000000000000e+02
1.895600000000000307e+01 5.353181743621826172e+01 2.500000000000000000e+01 1.440000000000000000e+02
1.948599999999999710e+01 5.353181743621826172e+01 2.600000000000000000e+01 1.470000000000000000e+02
2.002799999999999869e+01 5.353181743621826172e+01 2.700000000000000000e+01 1.960000000000000000e+02
2.030099999999999838e+01 5.353181743621826172e+01 2.800000000000000000e+01 2.050000000000000000e+02
2.075399999999999778e+01 5.353181743621826172e+01 2.900000000000000000e+01 1.900000000000000000e+02
2.092899999999999494e+01 5.353181743621826172e+01 3.000000000000000000e+01 1.710000000000000000e+02
2.087799999999999301e+01 5.353181743621826172e+01 3.100000000000000000e+01 2.430000000000000000e+02
2.166499999999998849e+01 5.353181743621826172e+01 3.200000000000000000e+01 2.350000000000000000e+02
2.194899999999999096e+01 5.353181743621826172e+01 3.300000000000000000e+01 2.070000000000000000e+02
2.261100000000000065e+01 5.353181743621826172e+01 3.400000000000000000e+01 2.270000000000000000e+02
2.341700000000000870e+01 5.353181743621826172e+01 3.500000000000000000e+01 2.420000000000000000e+02
2.389500000000001378e+01 5.353181743621826172e+01 3.600000000000000000e+01 2.990000000000000000e+02
2.406500000000001549e+01 5.353181743621826172e+01 3.700000000000000000e+01 3.010000000000000000e+02
2.491300000000002512e+01 5.353181743621826172e+01 3.800000000000000000e+01 3.150000000000000000e+02
2.557100000000002282e+01 5.353181743621826172e+01 3.900000000000000000e+01 3.370000000000000000e+02
2.608700000000001396e+01 5.353181743621826172e+01 4.000000000000000000e+01 4.300000000000000000e+02
2.588300000000000622e+01 5.353181743621826172e+01 4.100000000000000000e+01 3.750000000000000000e+02
2.699300000000000210e+01 5.353181743621826172e+01 4.200000000000000000e+01 4.290000000000000000e+02
2.767400000000001370e+01 5.353181743621826172e+01 4.300000000000000000e+01 3.630000000000000000e+02
2.786300000000001020e+01 5.353181743621826172e+01 4.400000000000000000e+01 4.000000000000000000e+02
2.861600000000002808e+01 5.353181743621826172e+01 4.500000000000000000e+01 4.880000000000000000e+02
2.926200000000003243e+01 5.353181743621826172e+01 4.600000000000000000e+01 5.660000000000000000e+02
3.019900000000003359e+01 5.353181743621826172e+01 4.700000000000000000e+01 4.750000000000000000e+02
3.006100000000003192e+01 5.353181743621826172e+01 4.800000000000000000e+01 6.620000000000000000e+02
3.078100000000004144e+01 5.353181743621826172e+01 4.900000000000000000e+01 6.830000000000000000e+02
3.135200000000003229e+01 5.353181743621826172e+01 5.000000000000000000e+01 5.980000000000000000e+02
3.229900000000003502e+01 5.353181743621826172e+01 5.100000000000000000e+01 6.760000000000000000e+02
3.300900000000001455e+01 5.353181743621826172e+01 5.200000000000000000e+01 5.020000000000000000e+02
3.348000000000005372e+01 5.353181743621826172e+01 5.300000000000000000e+01 6.880000000000000000e+02
3.417000000000007276e+01 5.353181743621826172e+01 5.400000000000000000e+01 8.620000000000000000e+02
3.513500000000008328e+01 5.353181743621826172e+01 5.500000000000000000e+01 5.840000000000000000e+02
3.575500000000013046e+01 5.353181743621826172e+01 5.600000000000000000e+01 6.740000000000000000e+02
3.689200000000009538e+01 5.353181743621826172e+01 5.700000000000000000e+01 6.800000000000000000e+02
3.710600000000014376e+01 5.353181743621826172e+01 5.800000000000000000e+01 1.200000000000000000e+03
3.799100000000008492e+01 5.353181743621826172e+01 5.900000000000000000e+01 9.460000000000000000e+02
3.968600000000029837e+01 5.353181743621826172e+01 6.000000000000000000e+01 1.510000000000000000e+03
4.019500000000028450e+01 5.353181743621826172e+01 6.100000000000000000e+01 6.140000000000000000e+02
4.096200000000034436e+01 5.353181743621826172e+01 6.200000000000000000e+01 8.440000000000000000e+02
4.228200000000040149e+01 5.353181743621826172e+01 6.300000000000000000e+01 7.930000000000000000e+02
4.503800000000057224e+01 5.353181743621826172e+01 6.400000000000000000e+01 1.190000000000000000e+03
4.595700000000061181e+01 5.353181743621826172e+01 6.500000000000000000e+01 2.373000000000000000e+03
4.640300000000063818e+01 5.353181743621826172e+01 6.600000000000000000e+01 1.280000000000000000e+03
4.753600000000066927e+01 5.353181743621826172e+01 6.700000000000000000e+01 1.194000000000000000e+03
4.893200000000071981e+01 5.353181743621826172e+01 6.800000000000000000e+01 3.349000000000000000e+03
4.952200000000075164e+01 5.353181743621826172e+01 6.900000000000000000e+01 2.097000000000000000e+03
5.113100000000083156e+01 5.353181743621826172e+01 7.000000000000000000e+01 1.022000000000000000e+03
5.255100000000086879e+01 5.353181743621826172e+01 7.100000000000000000e+01 1.121000000000000000e+03
5.351900000000090785e+01 5.353181743621826172e+01 7.200000000000000000e+01 9.140000000000000000e+02
5.353181743621826172e+01 5.353181743621826172e+01 0.000000000000000000e+00 0.000000000000000000e+00
5.353181743621826172e+01 5.353181743621826172e+01 0.000000000000000000e+00 0.000000000000000000e+00
3.751999999999999780e+00 5.163756537437438965e+01 0.000000000000000000e+00 0.000000000000000000e+00
5.152000000000000135e+00 5.163756537437438965e+01 1.000000000000000000e+00 6.000000000000000000e+00
5.737000000000000099e+00 5.163756537437438965e+01 2.000000000000000000e+00 1.300000000000000000e+01
6.687000000000000277e+00 5.163756537437438965e+01 3.000000000000000000e+00 8.000000000000000000e+00
8.356999999999999318e+00 5.163756537437438965e+01 4.000000000000000000e+00 1.700000000000000000e+01
9.618999999999999773e+00 5.163756537437438965e+01 5.000000000000000000e+00 3.100000000000000000e+01
1.032600000000000051e+01 5.163756537437438965e+01 6.000000000000000000e+00 1.400000000000000000e+01
1.118100000000000094e+01 5.163756537437438965e+01 7.000000000000000000e+00 3.900000000000000000e+01
1.118100000000000094e+01 5.163756537437438965e+01 8.000000000000000000e+00 2.500000000000000000e+01
1.151400000000000112e+01 5.163756537437438965e+01 9.000000000000000000e+00 4.500000000000000000e+01
1.215000000000000213e+01 5.163756537437438965e+01 1.000000000000000000e+01 4.300000000000000000e+01
1.261600000000000321e+01 5.163756537437438965e+01 1.100000000000000000e+01 4.700000000000000000e+01
1.306900000000000261e+01 5.163756537437438965e+01 1.200000000000000000e+01 4.400000000000000000e+01
1.351000000000000156e+01 5.163756537437438965e+01 1.300000000000000000e+01 1.500000000000000000e+01
1.351000000000000156e+01 5.163756537437438965e+01 1.400000000000000000e+01 4.900000000000000000e+01
1.393000000000000327e+01 5.163756537437438965e+01 1.500000000000000000e+01 5.800000000000000000e+01
1.446900000000000119e+01 5.163756537437438965e+01 1.600000000000000000e+01 6.800000000000000000e+01
1.473300000000000232e+01 5.163756537437438965e+01 1.700000000000000000e+01 9.400000000000000000e+01
1.524200000000000266e+01 5.163756537437438965e+01 1.800000000000000000e+01 7.500000000000000000e+01
1.609900000000000375e+01 5.163756537437438965e+01 1.900000000000000000e+01 6.000000000000000000e+01
1.614900000000000446e+01 5.163756537437438965e+01 2.000000000000000000e+01 6.500000000000000000e+01
1.652899999999999991e+01 5.163756537437438965e+01 2.100000000000000000e+01 1.070000000000000000e+02
1.677599999999999625e+01 5.163756537437438965e+01 2.200000000000000000e+01 5.900000000000000000e+01
1.764799999999999613e+01 5.163756537437438965e+01 2.300000000000000000e+01 1.090000000000000000e+02
1.830300000000000438e+01 5.163756537437438965e+01 2.400000000000000000e+01 8.700000000000000000e+01
1.860900000000000176e+01 5.163756537437438965e+01 2.500000000000000000e+01 1.210000000000000000e+02
1.900300000000000011e+01 5.163756537437438965e+01 2.600000000000000000e+01 1.400000000000000000e+02
1.958000000000000540e+01 5.163756537437438965e+01 2.700000000000000000e+01 1.500000000000000000e+02
1.958000000000000540e+01 5.163756537437438965e+01 2.800000000000000000e+01 1.040000000000000000e+02
2.020300000000000296e+01 5.163756537437438965e+01 2.900000000000000000e+01 2.250000000000000000e+02
2.071600000000000463e+01 5.163756537437438965e+01 3.000000000000000000e+01 1.040000000000000000e+02
2.080100000000000549e+01 5.163756537437438965e+01 3.100000000000000000e+01 1.480000000000000000e+02
2.135600000000000520e+01 5.163756537437438965e+01 3.200000000000000000e+01 1.580000000000000000e+02
2.142600000000001259e+01 5.163756537437438965e+01 3.300000000000000000e+01 1.880000000000000000e+02
2.196700000000000941e+01 5.163756537437438965e+01 3.400000000000000000e+01 1.430000000000000000e+02
2.239400000000001256e+01 5.163756537437438965e+01 3.500000000000000000e+01 1.960000000000000000e+02
2.248700000000001609e+01 5.163756537437438965e+01 3.600000000000000000e+01 2.110000000000000000e+02
2.299400000000002109e+01 5.163756537437438965e+01 3.700000000000000000e+01 1.850000000000000000e+02
2.336600000000002453e+01 5.163756537437438965e+01 3.800000000000000000e+01 1.690000000000000000e+02
2.414700000000002689e+01 5.163756537437438965e+01 3.900000000000000000e+01 2.080000000000000000e+02
2.459200000000001296e+01 5.163756537437438965e+01 4.000000000000000000e+01 2.790000000000000000e+02
2.497200000000001197e+01 5.163756537437438965e+01 4.100000000000000000e+01 2.250000000000000000e+02
2.568200000000000571e+01 5.163756537437438965e+01 4.200000000000000000e+01 2.430000000000000000e+02
2.559000000000000696e+01 5.163756537437438965e+01 4.300000000000000000e+01 3.060000000000000000e+02
2.635100000000000264e+01 5.163756537437438965e+01 4.400000000000000000e+01 3.240000000000000000e+02
2.678400000000002379e+01 5.163756537437438965e+01 4.500000000000000000e+01 3.110000000000000000e+02
2.741200000000002746e+01 5.163756537437438965e+01 4.600000000000000000e+01 3.110000000000000000e+02
2.765700000000002490e+01 5.163756537437438965e+01 4.700000000000000000e+01 3.550000000000000000e+02
2.820100000000003959e+01 5.163756537437438965e+01 4.800000000000000000e+01 4.050000000000000000e+02
2.837400000000003786e+01 5.163756537437438965e+01 4.900000000000000000e+01 3.770000000000000000e+02
2.884500000000003794e+01 5.163756537437438965e+01 5.000000000000000000e+01 4.520000000000000000e+02
3.059500000000006636e+01 5.163756537437438965e+01 5.100000000000000000e+01 6.040000000000000000e+02
3.119900000000005846e+01 5.163756537437438965e+01 5.200000000000000000e+01 5.720000000000000000e+02
3.187100000000004840e+01 5.163756537437438965e+01 5.300000000000000000e+01 6.830000000000000000e+02
3.269900000000007623e+01 5.163756537437438965e+01 5.400000000000000000e+01 7.550000000000000000e+02
3.428100000000006276e+01 5.163756537437438965e+01 5.500000000000000000e+01 1.031000000000000000e+03
3.462800000000010670e+01 5.163756537437438965e+01 5.600000000000000000e+01 8.710000000000000000e+02
3.659600000000005338e+01 5.163756537437438965e+01 5.700000000000000000e+01 9.830000000000000000e+02
3.775000000000017053e+01 5.163756537437438965e+01 5.800000000000000000e+01 9.060000000000000000e+02
3.801000000000016854e+01 5.163756537437438965e+01 5.900000000000000000e+01 6.710000000000000000e+02
3.863700000000024204e+01 5.163756537437438965e+01 6.000000000000000000e+01 1.178000000000000000e+03
3.936500000000024357e+01 5.163756537437438965e+01 6.100000000000000000e+01 1.472000000000000000e+03
4.059100000000034925e+01 5.163756537437438965e+01 6.200000000000000000e+01 8.440000000000000000e+02
4.118900000000036954e+01 5.163756537437438965e+01 6.300000000000000000e+01 1.785000000000000000e+03
4.217700000000040461e+01 5.163756537437438965e+01 6.400000000000000000e+01 1.990000000000000000e+03
4.370900000000047214e+01 5.163756537437438965e+01 6.500000000000000000e+01 2.192000000000000000e+03
4.478300000000051284e+01 5.163756537437438965e+01 6.600000000000000000e+01 1.579000000000000000e+03
4.583000000000054541e+01 5.163756537437438965e+01 6.700000000000000000e+01 8.990000000000000000e+02
4.647100000000057207e+01 5.163756537437438965e+01 6.800000000000000000e+01 1.023000000000000000e+03
4.766100000000062664e+01 5.163756537437438965e+01 6.900000000000000000e+01 1.274000000000000000e+03
4.887800000000066802e+01 5.163756537437438965e+01 7.000000000000000000e+01 6.680000000000000000e+02
5.047000000000073783e+01 5.163756537437438965e+01 7.100000000000000000e+01 7.980000000000000000e+02
5.168200000000078376e+01 5.163756537437438965e+01 7.200000000000000000e+01 1.371000000000000000e+03
5.163756537437438965e+01 5.163756537437438965e+01 0.000000000000000000e+00 0.000000000000000000e+00
5.163756537437438965e+01 5.163756537437438965e+01 0.000000000000000000e+00 0.000000000000000000e+00
3.773000000000000131e+00 5.489562916755676270e+01 0.000000000000000000e+00 3.000000000000000000e+00
4.569000000000000838e+00 5.489562916755676270e+01 1.000000000000000000e+00 5.000000000000000000e+00
5.738000000000000433e+00 5.489562916755676270e+01 2.000000000000000000e+00 3.000000000000000000e+00
7.442000000000001059e+00 5.489562916755676270e+01 3.000000000000000000e+00 1.200000000000000000e+01
8.557000000000002160e+00 5.489562916755676270e+01 4.000000000000000000e+00 1.700000000000000000e+01
9.461000000000002075e+00 5.489562916755676270e+01 5.000000000000000000e+00 2.700000000000000000e+01
9.816000000000002501e+00 5.489562916755676270e+01 6.000000000000000000e+00 2.400000000000000000e+01
1.067400000000000304e+01 5.489562916755676270e+01 7.000000000000000000e+00 2.000000000000000000e+01
1.117900000000000205e+01 5.489562916755676270e+01 8.000000000000000000e+00 6.000000000000000000e+00
1.150700000000000323e+01 5.489562916755676270e+01 9.000000000000000000e+00 3.400000000000000000e+01
1.261700000000000266e+01 5.489562916755676270e+01 1.000000000000000000e+01 3.600000000000000000e+01
1.293000000000000327e+01 5.489562916755676270e+01 1.100000000000000000e+01 5.500000000000000000e+01
1.353200000000000180e+01 5.489562916755676270e+01 1.200000000000000000e+01 3.300000000000000000e+01
1.378400000000000070e+01 5.489562916755676270e+01 1.300000000000000000e+01 7.100000000000000000e+01
1.392600000000000193e+01 5.489562916755676270e+01 1.400000000000000000e+01 7.700000000000000000e+01
1.481200000000000117e+01 5.489562916755676270e+01 1.500000000000000000e+01 7.800000000000000000e+01
1.548700000000000188e+01 5.489562916755676270e+01 1.600000000000000000e+01 6.500000000000000000e+01
1.575100000000000122e+01 5.489562916755676270e+01 1.700000000000000000e+01 6.300000000000000000e+01
1.600600000000000023e+01 5.489562916755676270e+01 1.800000000000000000e+01 1.150000000000000000e+02
1.687000000000000099e+01 5.489562916755676270e+01 1.900000000000000000e+01 1.040000000000000000e+02
1.732100000000000506e+01 5.489562916755676270e+01 2.000000000000000000e+01 8.300000000000000000e+01
1.840099999999999625e+01 5.489562916755676270e+01 2.100000000000000000e+01 1.120000000000000000e+02
1.873999999999999133e+01 5.489562916755676270e+01 2.200000000000000000e+01 1.170000000000000000e+02
1.928799999999999315e+01 5.489562916755676270e+01 2.300000000000000000e+01 1.040000000000000000e+02
1.914899999999999380e+01 5.489562916755676270e+01 2.400000000000000000e+01 9.500000000000000000e+01
1.990699999999999292e+01 5.489562916755676270e+01 2.500000000000000000e+01 1.670000000000000000e+02
2.049899999999999167e+01 5.489562916755676270e+01 2.600000000000000000e+01 2.040000000000000000e+02
2.094399999999999196e+01 5.489562916755676270e+01 2.700000000000000000e+01 1.750000000000000000e+02
2.153399999999998826e+01 5.489562916755676270e+01 2.800000000000000000e+01 2.580000000000000000e+02
2.226599999999999469e+01 5.489562916755676270e+01 2.900000000000000000e+01 1.790000000000000000e+02
2.344699999999999207e+01 5.489562916755676270e+01 3.000000000000000000e+01 1.480000000000000000e+02
2.377799999999999514e+01 5.489562916755676270e+01 3.100000000000000000e+01 2.340000000000000000e+02
2.433699999999999264e+01 5.489562916755676270e+01 3.200000000000000000e+01 2.710000000000000000e+02
2.438799999999999812e+01 5.489562916755676270e+01 3.300000000000000000e+01 2.280000000000000000e+02
2.479299999999999926e+01 5.489562916755676270e+01 3.400000000000000000e+01 3.280000000000000000e+02
2.543400000000000105e+01 5.489562916755676270e+01 3.500000000000000000e+01 2.960000000000000000e+02
2.591100000000000492e+01 5.489562916755676270e+01 3.600000000000000000e+01 3.350000000000000000e+02
2.628800000000000736e+01 5.489562916755676270e+01 3.700000000000000000e+01 2.740000000000000000e+02
2.642600000000000549e+01 5.489562916755676270e+01 3.800000000000000000e+01 3.170000000000000000e+02
2.709800000000000253e+01 5.489562916755676270e+01 3.900000000000000000e+01 3.440000000000000000e+02
2.772899999999999210e+01 5.489562916755676270e+01 4.000000000000000000e+01 3.130000000000000000e+02
2.806099999999998929e+01 5.489562916755676270e+01 4.100000000000000000e+01 3.640000000000000000e+02
2.863699999999999335e+01 5.489562916755676270e+01 4.200000000000000000e+01 4.610000000000000000e+02
2.929299999999998860e+01 5.489562916755676270e+01 4.300000000000000000e+01 4.380000000000000000e+02
2.949099999999998900e+01 5.489562916755676270e+01 4.400000000000000000e+01 4.070000000000000000e+02
3.021700000000000585e+01 5.489562916755676270e+01 4.500000000000000000e+01 4.840000000000000000e+02
3.067699999999999960e+01 5.489562916755676270e+01 4.600000000000000000e+01 4.300000000000000000e+02
3.085500000000000398e+01 5.489562916755676270e+01 4.700000000000000000e+01 4.740000000000000000e+02
3.221600000000003661e+01 5.489562916755676270e+01 4.800000000000000000e+01 5.870000000000000000e+02
3.322299999999999898e+01 5.489562916755676270e+01 4.900000000000000000e+01 5.640000000000000000e+02
3.320800000000000551e+01 5.489562916755676270e+01 5.000000000000000000e+01 6.080000000000000000e+02
3.413599999999998857e+01 5.489562916755676270e+01 5.100000000000000000e+01 7.110000000000000000e+02
3.486699999999994048e+01 5.489562916755676270e+01 5.200000000000000000e+01 6.490000000000000000e+02
3.522299999999996345e+01 5.489562916755676270e+01 5.300000000000000000e+01 5.660000000000000000e+02
3.531599999999998118e+01 5.489562916755676270e+01 5.400000000000000000e+01 6.520000000000000000e+02
3.650300000000004275e+01 5.489562916755676270e+01 5.500000000000000000e+01 6.200000000000000000e+02
3.722600000000004172e+01 5.489562916755676270e+01 5.600000000000000000e+01 7.330000000000000000e+02
4.060600000000000875e+01 5.489562916755676270e+01 5.700000000000000000e+01 1.133000000000000000e+03
4.153500000000008896e+01 5.489562916755676270e+01 5.800000000000000000e+01 1.424000000000000000e+03
4.210000000000006537e+01 5.489562916755676270e+01 5.900000000000000000e+01 8.330000000000000000e+02
4.270900000000015950e+01 5.489562916755676270e+01 6.000000000000000000e+01 1.365000000000000000e+03
4.335700000000013432e+01 5.489562916755676270e+01 6.100000000000000000e+01 1.821000000000000000e+03
4.388800000000018997e+01 5.489562916755676270e+01 6.200000000000000000e+01 1.076000000000000000e+03
4.470600000000024465e+01 5.489562916755676270e+01 6.300000000000000000e+01 2.067000000000000000e+03
4.568300000000027694e+01 5.489562916755676270e+01 6.400000000000000000e+01 1.169000000000000000e+03
4.683800000000032782e+01 5.489562916755676270e+01 6.500000000000000000e+01 2.134000000000000000e+03
4.774600000000037170e+01 5.489562916755676270e+01 6.600000000000000000e+01 1.711000000000000000e+03
4.852200000000039637e+01 5.489562916755676270e+01 6.700000000000000000e+01 8.500000000000000000e+02
5.035200000000047282e+01 5.489562916755676270e+01 6.800000000000000000e+01 1.128000000000000000e+03
5.097300000000048925e+01 5.489562916755676270e+01 6.900000000000000000e+01 1.150000000000000000e+03
5.242900000000053495e+01 5.489562916755676270e+01 7.000000000000000000e+01 9.490000000000000000e+02
5.393500000000059913e+01 5.489562916755676270e+01 7.100000000000000000e+01 9.430000000000000000e+02
5.492100000000063176e+01 5.489562916755676270e+01 7.200000000000000000e+01 1.129000000000000000e+03
5.489562916755676270e+01 5.489562916755676270e+01 0.000000000000000000e+00 0.000000000000000000e+00
5.489562916755676270e+01 5.489562916755676270e+01 0.000000000000000000e+00 0.000000000000000000e+00
3.740999999999999659e+00 5.045995140075683594e+01 0.000000000000000000e+00 0.000000000000000000e+00
5.926000000000000156e+00 5.045995140075683594e+01 1.000000000000000000e+00 1.200000000000000000e+01
6.317000000000000171e+00 5.045995140075683594e+01 2.000000000000000000e+00 1.700000000000000000e+01
7.466000000000001080e+00 5.045995140075683594e+01 3.000000000000000000e+00 2.100000000000000000e+01
7.466000000000001080e+00 5.045995140075683594e+01 4.000000000000000000e+00 1.300000000000000000e+01
7.836000000000001187e+00 5.045995140075683594e+01 5.000000000000000000e+00 2.800000000000000000e+01
8.366000000000003212e+00 5.045995140075683594e+01 6.000000000000000000e+00 2.800000000000000000e+01
8.711000000000003851e+00 5.045995140075683594e+01 7.000000000000000000e+00 4.400000000000000000e+01
9.549000000000004817e+00 5.045995140075683594e+01 8.000000000000000000e+00 3.400000000000000000e+01
1.020100000000000584e+01 5.045995140075683594e+01 9.000000000000000000e+00 4.100000000000000000e+01
1.068200000000000571e+01 5.045995140075683594e+01 1.000000000000000000e+01 4.700000000000000000e+01
1.066800000000000637e+01 5.045995140075683594e+01 1.100000000000000000e+01 4.500000000000000000e+01
1.094100000000000428e+01 5.045995140075683594e+01 1.200000000000000000e+01 7.200000000000000000e+01
1.143600000000000527e+01 5.045995140075683594e+01 1.300000000000000000e+01 6.600000000000000000e+01
1.299800000000000466e+01 5.045995140075683594e+01 1.400000000000000000e+01 7.400000000000000000e+01
1.341400000000000503e+01 5.045995140075683594e+01 1.500000000000000000e+01 8.900000000000000000e+01
1.350600000000000378e+01 5.045995140075683594e+01 1.600000000000000000e+01 9.000000000000000000e+01
1.381800000000000495e+01 5.045995140075683594e+01 1.700000000000000000e+01 8.800000000000000000e+01
1.407400000000000517e+01 5.045995140075683594e+01 1.800000000000000000e+01 8.700000000000000000e+01
1.452800000000000225e+01 5.045995140075683594e+01 1.900000000000000000e+01 9.100000000000000000e+01
1.502200000000000202e+01 5.045995140075683594e+01 2.000000000000000000e+01 1.210000000000000000e+02
1.574500000000000455e+01 5.045995140075683594e+01 2.100000000000000000e+01 1.250000000000000000e+02
1.619300000000000495e+01 5.045995140075683594e+01 2.200000000000000000e+01 9.800000000000000000e+01
1.673500000000000298e+01 5.045995140075683594e+01 2.300000000000000000e+01 9.900000000000000000e+01
1.673500000000000298e+01 5.045995140075683594e+01 2.400000000000000000e+01 8.900000000000000000e+01
1.724900000000000233e+01 5.045995140075683594e+01 2.500000000000000000e+01 1.500000000000000000e+02
1.784400000000000119e+01 5.045995140075683594e+01 2.600000000000000000e+01 1.280000000000000000e+02
1.822599999999999909e+01 5.045995140075683594e+01 2.700000000000000000e+01 1.420000000000000000e+02
1.877700000000000102e+01 5.045995140075683594e+01 2.800000000000000000e+01 1.870000000000000000e+02
1.914500000000000313e+01 5.045995140075683594e+01 2.900000000000000000e+01 1.590000000000000000e+02
2.033900000000000574e+01 5.045995140075683594e+01 3.000000000000000000e+01 2.050000000000000000e+02
2.091600000000000747e+01 5.045995140075683594e+01 3.100000000000000000e+01 1.710000000000000000e+02
2.099800000000000821e+01 5.045995140075683594e+01 3.200000000000000000e+01 2.110000000000000000e+02
2.160800000000001120e+01 5.045995140075683594e+01 3.300000000000000000e+01 2.060000000000000000e+02
2.194400000000001683e+01 5.045995140075683594e+01 3.400000000000000000e+01 2.760000000000000000e+02
2.236000000000001364e+01 5.045995140075683594e+01 3.500000000000000000e+01 1.920000000000000000e+02
2.350900000000003232e+01 5.045995140075683594e+01 3.600000000000000000e+01 2.770000000000000000e+02
2.389200000000003854e+01 5.045995140075683594e+01 3.700000000000000000e+01 2.400000000000000000e+02
2.416100000000004044e+01 5.045995140075683594e+01 3.800000000000000000e+01 2.720000000000000000e+02
2.462400000000003431e+01 5.045995140075683594e+01 3.900000000000000000e+01 3.650000000000000000e+02
2.551200000000002532e+01 5.045995140075683594e+01 4.000000000000000000e+01 2.780000000000000000e+02
2.537100000000002709e+01 5.045995140075683594e+01 4.100000000000000000e+01 3.540000000000000000e+02
2.604000000000002402e+01 5.045995140075683594e+01 4.200000000000000000e+01 3.980000000000000000e+02
2.650500000000002743e+01 5.045995140075683594e+01 4.300000000000000000e+01 3.140000000000000000e+02
2.659500000000002728e+01 5.045995140075683594e+01 4.400000000000000000e+01 3.960000000000000000e+02
2.733500000000003638e+01 5.045995140075683594e+01 4.500000000000000000e+01 4.770000000000000000e+02
2.784200000000003072e+01 5.045995140075683594e+01 4.600000000000000000e+01 4.490000000000000000e+02
2.855600000000003291e+01 5.045995140075683594e+01 4.700000000000000000e+01 5.050000000000000000e+02
2.921500000000004604e+01 5.045995140075683594e+01 4.800000000000000000e+01 4.050000000000000000e+02
2.962800000000004985e+01 5.045995140075683594e+01 4.900000000000000000e+01 4.090000000000000000e+02
3.029200000000004422e+01 5.045995140075683594e+01 5.000000000000000000e+01 6.000000000000000000e+02
3.082900000000005747e+01 5.045995140075683594e+01 5.100000000000000000e+01 5.320000000000000000e+02
3.210300000000004417e+01 5.045995140075683594e+01 5.200000000000000000e+01 4.490000000000000000e+02
3.252600000000009572e+01 5.045995140075683594e+01 5.300000000000000000e+01 7.950000000000000000e+02
3.322600000000010567e+01 5.045995140075683594e+01 5.400000000000000000e+01 8.910000000000000000e+02
3.377600000000010283e+01 5.045995140075683594e+01 5.500000000000000000e+01 6.750000000000000000e+02
3.508900000000020469e+01 5.045995140075683594e+01 5.600000000000000000e+01 7.790000000000000000e+02
3.542600000000017957e+01 5.045995140075683594e+01 5.700000000000000000e+01 7.150000000000000000e+02
3.567100000000020543e+01 5.045995140075683594e+01 5.800000000000000000e+01 8.940000000000000000e+02
3.678800000000020987e+01 5.045995140075683594e+01 5.900000000000000000e+01 5.820000000000000000e+02
3.732900000000025642e+01 5.045995140075683594e+01 6.000000000000000000e+01 1.220000000000000000e+03
3.830400000000024363e+01 5.045995140075683594e+01 6.100000000000000000e+01 6.180000000000000000e+02
3.959900000000035192e+01 5.045995140075683594e+01 6.200000000000000000e+01 1.834000000000000000e+03
4.017100000000038307e+01 5.045995140075683594e+01 6.300000000000000000e+01 8.800000000000000000e+02
4.071400000000041075e+01 5.045995140075683594e+01 6.400000000000000000e+01 1.015000000000000000e+03
4.160000000000044906e+01 5.045995140075683594e+01 6.500000000000000000e+01 1.742000000000000000e+03
4.284300000000049380e+01 5.045995140075683594e+01 6.600000000000000000e+01 9.780000000000000000e+02
4.338200000000050949e+01 5.045995140075683594e+01 6.700000000000000000e+01 2.464000000000000000e+03
4.427400000000054092e+01 5.045995140075683594e+01 6.800000000000000000e+01 1.024000000000000000e+03
4.605200000000061067e+01 5.045995140075683594e+01 6.900000000000000000e+01 1.136000000000000000e+03
4.689000000000064006e+01 5.045995140075683594e+01 7.000000000000000000e+01 8.700000000000000000e+02
4.852700000000069025e+01 5.045995140075683594e+01 7.100000000000000000e+01 1.083000000000000000e+03
5.042800000000076466e+01 5.045995140075683594e+01 7.200000000000000000e+01 5.870000000000000000e+02
5.045995140075683594e+01 5.045995140075683594e+01 0.000000000000000000e+00 0.000000000000000000e+00
5.045995140075683594e+01 5.045995140075683594e+01 0.000000000000000000e+00 0.000000000000000000e+00
