3.602999999999999314e+00 7.063985300064086914e+01 0.000000000000000000e+00 1.200000000000000000e+01
4.700000000000000178e+00 7.063985300064086914e+01 1.000000000000000000e+00 1.100000000000000000e+01
6.160999999999998700e+00 7.063985300064086914e+01 2.000000000000000000e+00 7.000000000000000000e+00
7.196999999999999176e+00 7.063985300064086914e+01 3.000000000000000000e+00 1.700000000000000000e+01
7.538999999999999702e+00 7.063985300064086914e+01 4.000000000000000000e+00 1.300000000000000000e+01
8.195999999999999730e+00 7.063985300064086914e+01 5.000000000000000000e+00 1.800000000000000000e+01
9.316000000000002501e+00 7.063985300064086914e+01 6.000000000000000000e+00 2.700000000000000000e+01
1.009300000000000175e+01 7.063985300064086914e+01 7.000000000000000000e+00 4.800000000000000000e+01
1.074000000000000199e+01 7.063985300064086914e+01 8.000000000000000000e+00 3.200000000000000000e+01
1.162800000000000367e+01 7.063985300064086914e+01 9.000000000000000000e+00 4.800000000000000000e+01
1.173600000000000243e+01 7.063985300064086914e+01 1.000000000000000000e+01 5.500000000000000000e+01
1.219700000000000273e+01 7.063985300064086914e+01 1.100000000000000000e+01 7.200000000000000000e+01
1.356799999999999962e+01 7.063985300064086914e+01 1.200000000000000000e+01 6.700000000000000000e+01
1.421699999999999875e+01 7.063985300064086914e+01 1.300000000000000000e+01 1.090000000000000000e+02
1.483799999999999919e+01 7.063985300064086914e+01 1.400000000000000000e+01 1.030000000000000000e+02
1.574699999999999811e+01 7.063985300064086914e+01 1.500000000000000000e+01 1.000000000000000000e+02
1.586999999999999744e+01 7.063985300064086914e+01 1.600000000000000000e+01 1.430000000000000000e+02
1.634499999999999531e+01 7.063985300064086914e+01 1.700000000000000000e+01 1.460000000000000000e+02
1.685799999999998988e+01 7.063985300064086914e+01 1.800000000000000000e+01 1.320000000000000000e+02
1.702599999999998914e+01 7.063985300064086914e+01 1.900000000000000000e+01 1.370000000000000000e+02
1.753499999999999304e+01 7.063985300064086914e+01 2.000000000000000000e+01 1.240000000000000000e+02
1.814099999999999113e+01 7.063985300064086914e+01 2.100000000000000000e+01 1.330000000000000000e+02
1.893799999999999528e+01 7.063985300064086914e+01 2.200000000000000000e+01 2.020000000000000000e+02
1.980900000000000105e+01 7.063985300064086914e+01 2.300000000000000000e+01 1.380000000000000000e+02
2.033500000000000441e+01 7.063985300064086914e+01 2.400000000000000000e+01 1.790000000000000000e+02
2.082399999999999807e+01 7.063985300064086914e+01 2.500000000000000000e+01 1.470000000000000000e+02
2.152599999999999625e+01 7.063985300064086914e+01 2.600000000000000000e+01 1.730000000000000000e+02
2.228099999999998815e+01 7.063985300064086914e+01 2.700000000000000000e+01 2.260000000000000000e+02
2.317899999999998073e+01 7.063985300064086914e+01 2.800000000000000000e+01 2.130000000000000000e+02
2.415899999999998116e+01 7.063985300064086914e+01 2.900000000000000000e+01 2.700000000000000000e+02
2.434399999999998343e+01 7.063985300064086914e+01 3.000000000000000000e+01 1.900000000000000000e+02
2.493299999999998207e+01 7.063985300064086914e+01 3.100000000000000000e+01 1.950000000000000000e+02
2.562299999999998690e+01 7.063985300064086914e+01 3.200000000000000000e+01 2.000000000000000000e+02
2.776699999999997104e+01 7.063985300064086914e+01 3.300000000000000000e+01 3.420000000000000000e+02
2.852899999999996439e+01 7.063985300064086914e+01 3.400000000000000000e+01 3.810000000000000000e+02
2.914099999999996271e+01 7.063985300064086914e+01 3.500000000000000000e+01 3.480000000000000000e+02
3.000299999999997169e+01 7.063985300064086914e+01 3.600000000000000000e+01 4.860000000000000000e+02
3.053699999999997772e+01 7.063985300064086914e+01 3.700000000000000000e+01 4.030000000000000000e+02
3.127299999999996771e+01 7.063985300064086914e+01 3.800000000000000000e+01 5.340000000000000000e+02
3.169699999999995654e+01 7.063985300064086914e+01 3.900000000000000000e+01 4.300000000000000000e+02
3.244599999999995532e+01 7.063985300064086914e+01 4.000000000000000000e+01 6.160000000000000000e+02
3.323299999999991883e+01 7.063985300064086914e+01 4.100000000000000000e+01 4.050000000000000000e+02
3.331599999999991724e+01 7.063985300064086914e+01 4.200000000000000000e+01 3.890000000000000000e+02
3.404699999999992599e+01 7.063985300064086914e+01 4.300000000000000000e+01 5.120000000000000000e+02
3.498099999999989507e+01 7.063985300064086914e+01 4.400000000000000000e+01 6.540000000000000000e+02
3.593399999999983407e+01 7.063985300064086914e+01 4.500000000000000000e+01 6.110000000000000000e+02
3.685199999999982623e+01 7.063985300064086914e+01 4.600000000000000000e+01 7.370000000000000000e+02
3.766999999999979565e+01 7.063985300064086914e+01 4.700000000000000000e+01 8.340000000000000000e+02
3.868399999999975591e+01 7.063985300064086914e+01 4.800000000000000000e+01 7.710000000000000000e+02
3.929099999999974813e+01 7.063985300064086914e+01 4.900000000000000000e+01 7.660000000000000000e+02
4.015799999999981651e+01 7.063985300064086914e+01 5.000000000000000000e+01 8.230000000000000000e+02
4.099999999999983658e+01 7.063985300064086914e+01 5.100000000000000000e+01 5.580000000000000000e+02
4.139999999999984226e+01 7.063985300064086914e+01 5.200000000000000000e+01 7.140000000000000000e+02
4.222499999999987352e+01 7.063985300064086914e+01 5.300000000000000000e+01 7.560000000000000000e+02
4.304399999999991167e+01 7.063985300064086914e+01 5.400000000000000000e+01 1.501000000000000000e+03
4.332599999999993656e+01 7.063985300064086914e+01 5.500000000000000000e+01 6.770000000000000000e+02
4.433899999999994890e+01 7.063985300064086914e+01 5.600000000000000000e+01 1.272000000000000000e+03
4.544799999999999329e+01 7.063985300064086914e+01 5.700000000000000000e+01 6.510000000000000000e+02
4.661900000000004241e+01 7.063985300064086914e+01 5.800000000000000000e+01 1.146000000000000000e+03
4.750300000000002854e+01 7.063985300064086914e+01 5.900000000000000000e+01 6.030000000000000000e+02
4.904700000000021021e+01 7.063985300064086914e+01 6.000000000000000000e+01 1.122000000000000000e+03
5.010900000000025756e+01 7.063985300064086914e+01 6.100000000000000000e+01 6.480000000000000000e+02
5.131900000000030815e+01 7.063985300064086914e+01 6.200000000000000000e+01 1.092000000000000000e+03
5.264800000000035851e+01 7.063985300064086914e+01 6.300000000000000000e+01 1.531000000000000000e+03
5.525100000000050926e+01 7.063985300064086914e+01 6.400000000000000000e+01 8.690000000000000000e+02
5.612700000000054246e+01 7.063985300064086914e+01 6.500000000000000000e+01 8.560000000000000000e+02
5.897200000000067632e+01 7.063985300064086914e+01 6.600000000000000000e+01 5.470000000000000000e+02
6.038300000000074874e+01 7.063985300064086914e+01 6.700000000000000000e+01 7.960000000000000000e+02
6.152200000000077296e+01 7.063985300064086914e+01 6.800000000000000000e+01 4.020000000000000000e+02
6.264100000000080826e+01 7.063985300064086914e+01 6.900000000000000000e+01 2.158000000000000000e+03
6.696800000000094144e+01 7.063985300064086914e+01 7.000000000000000000e+01 5.310000000000000000e+02
6.839700000000101454e+01 7.063985300064086914e+01 7.100000000000000000e+01 8.160000000000000000e+02
7.057400000000107809e+01 7.063985300064086914e+01 7.200000000000000000e+01 1.576000000000000000e+03
7.063985300064086914e+01 7.063985300064086914e+01 0.000000000000000000e+00 0.000000000000000000e+00
7.063985300064086914e+01 7.063985300064086914e+01 0.000000000000000000e+00 0.000000000000000000e+00
4.242000000000000881e+00 6.551680660247802734e+01 0.000000000000000000e+00 1.000000000000000000e+00
5.738999999999999879e+00 6.551680660247802734e+01 1.000000000000000000e+00 9.000000000000000000e+00
7.081000000000000405e+00 6.551680660247802734e+01 2.000000000000000000e+00 7.000000000000000000e+00
8.008000000000000895e+00 6.551680660247802734e+01 3.000000000000000000e+00 1.500000000000000000e+01
9.205999999999999517e+00 6.551680660247802734e+01 4.000000000000000000e+00 1.700000000000000000e+01
1.019399999999999729e+01 6.551680660247802734e+01 5.000000000000000000e+00 3.200000000000000000e+01
1.051699999999999768e+01 6.551680660247802734e+01 6.000000000000000000e+00 2.600000000000000000e+01
1.161599999999999788e+01 6.551680660247802734e+01 7.000000000000000000e+00 4.700000000000000000e+01
1.223699999999999655e+01 6.551680660247802734e+01 8.000000000000000000e+00 3.700000000000000000e+01
1.257499999999999751e+01 6.551680660247802734e+01 9.000000000000000000e+00 4.700000000000000000e+01
1.302099999999999724e+01 6.551680660247802734e+01 1.000000000000000000e+01 6.200000000000000000e+01
1.334099999999999575e+01 6.551680660247802734e+01 1.100000000000000000e+01 6.700000000000000000e+01
1.403599999999999604e+01 6.551680660247802734e+01 1.200000000000000000e+01 7.600000000000000000e+01
1.467499999999999716e+01 6.551680660247802734e+01 1.300000000000000000e+01 1.010000000000000000e+02
1.522399999999999842e+01 6.551680660247802734e+01 1.400000000000000000e+01 1.080000000000000000e+02
1.594799999999999862e+01 6.551680660247802734e+01 1.500000000000000000e+01 6.800000000000000000e+01
1.607300000000000040e+01 6.551680660247802734e+01 1.600000000000000000e+01 6.300000000000000000e+01
1.654200000000000159e+01 6.551680660247802734e+01 1.700000000000000000e+01 1.290000000000000000e+02
1.703800000000000381e+01 6.551680660247802734e+01 1.800000000000000000e+01 1.110000000000000000e+02
1.831900000000000261e+01 6.551680660247802734e+01 1.900000000000000000e+01 9.100000000000000000e+01
1.907200000000000628e+01 6.551680660247802734e+01 2.000000000000000000e+01 1.480000000000000000e+02
1.946900000000000475e+01 6.551680660247802734e+01 2.100000000000000000e+01 1.180000000000000000e+02
2.039500000000001378e+01 6.551680660247802734e+01 2.200000000000000000e+01 1.620000000000000000e+02
2.086000000000001364e+01 6.551680660247802734e+01 2.300000000000000000e+01 1.930000000000000000e+02
2.186200000000001253e+01 6.551680660247802734e+01 2.400000000000000000e+01 1.840000000000000000e+02
2.254900000000001370e+01 6.551680660247802734e+01 2.500000000000000000e+01 1.870000000000000000e+02
2.299000000000000554e+01 6.551680660247802734e+01 2.600000000000000000e+01 1.510000000000000000e+02
2.347800000000000864e+01 6.551680660247802734e+01 2.700000000000000000e+01 2.900000000000000000e+02
2.415600000000000591e+01 6.551680660247802734e+01 2.800000000000000000e+01 2.220000000000000000e+02
2.445100000000000406e+01 6.551680660247802734e+01 2.900000000000000000e+01 3.050000000000000000e+02
2.504800000000000892e+01 6.551680660247802734e+01 3.000000000000000000e+01 2.460000000000000000e+02
2.596600000000000819e+01 6.551680660247802734e+01 3.100000000000000000e+01 2.760000000000000000e+02
2.647300000000000608e+01 6.551680660247802734e+01 3.200000000000000000e+01 3.720000000000000000e+02
2.750400000000000844e+01 6.551680660247802734e+01 3.300000000000000000e+01 3.340000000000000000e+02
2.808100000000000662e+01 6.551680660247802734e+01 3.400000000000000000e+01 3.560000000000000000e+02
2.812700000000000244e+01 6.551680660247802734e+01 3.500000000000000000e+01 4.120000000000000000e+02
2.871400000000001285e+01 6.551680660247802734e+01 3.600000000000000000e+01 4.030000000000000000e+02
2.927700000000001523e+01 6.551680660247802734e+01 3.700000000000000000e+01 2.950000000000000000e+02
3.007900000000000063e+01 6.551680660247802734e+01 3.800000000000000000e+01 4.330000000000000000e+02
3.059899999999999309e+01 6.551680660247802734e+01 3.900000000000000000e+01 3.950000000000000000e+02
3.089699999999999136e+01 6.551680660247802734e+01 4.000000000000000000e+01 6.430000000000000000e+02
3.121599999999999042e+01 6.551680660247802734e+01 4.100000000000000000e+01 4.620000000000000000e+02
3.158399999999999963e+01 6.551680660247802734e+01 4.200000000000000000e+01 4.120000000000000000e+02
3.306099999999999994e+01 6.551680660247802734e+01 4.300000000000000000e+01 4.800000000000000000e+02
3.367399999999997107e+01 6.551680660247802734e+01 4.400000000000000000e+01 6.810000000000000000e+02
3.399399999999995714e+01 6.551680660247802734e+01 4.500000000000000000e+01 4.230000000000000000e+02
3.512999999999995282e+01 6.551680660247802734e+01 4.600000000000000000e+01 5.440000000000000000e+02
3.577499999999993463e+01 6.551680660247802734e+01 4.700000000000000000e+01 6.310000000000000000e+02
3.641499999999991388e+01 6.551680660247802734e+01 4.800000000000000000e+01 7.960000000000000000e+02
3.654799999999991655e+01 6.551680660247802734e+01 4.900000000000000000e+01 7.600000000000000000e+02
3.722699999999996123e+01 6.551680660247802734e+01 5.000000000000000000e+01 5.920000000000000000e+02
3.805399999999996652e+01 6.551680660247802734e+01 5.100000000000000000e+01 1.011000000000000000e+03
3.922700000000003939e+01 6.551680660247802734e+01 5.200000000000000000e+01 8.690000000000000000e+02
4.016200000000004877e+01 6.551680660247802734e+01 5.300000000000000000e+01 7.880000000000000000e+02
4.064000000000007162e+01 6.551680660247802734e+01 5.400000000000000000e+01 1.155000000000000000e+03
4.134600000000011022e+01 6.551680660247802734e+01 5.500000000000000000e+01 1.169000000000000000e+03
4.209800000000011977e+01 6.551680660247802734e+01 5.600000000000000000e+01 1.583000000000000000e+03
4.342100000000014859e+01 6.551680660247802734e+01 5.700000000000000000e+01 7.940000000000000000e+02
4.393100000000018213e+01 6.551680660247802734e+01 5.800000000000000000e+01 9.950000000000000000e+02
4.462700000000018008e+01 6.551680660247802734e+01 5.900000000000000000e+01 1.360000000000000000e+03
4.592000000000025750e+01 6.551680660247802734e+01 6.000000000000000000e+01 1.929000000000000000e+03
4.627500000000029701e+01 6.551680660247802734e+01 6.100000000000000000e+01 1.244000000000000000e+03
4.737300000000033862e+01 6.551680660247802734e+01 6.200000000000000000e+01 1.774000000000000000e+03
4.937900000000042411e+01 6.551680660247802734e+01 6.300000000000000000e+01 1.159000000000000000e+03
5.100200000000048561e+01 6.551680660247802734e+01 6.400000000000000000e+01 2.121000000000000000e+03
5.305700000000057059e+01 6.551680660247802734e+01 6.500000000000000000e+01 1.145000000000000000e+03
5.392100000000061755e+01 6.551680660247802734e+01 6.600000000000000000e+01 1.684000000000000000e+03
5.471600000000066188e+01 6.551680660247802734e+01 6.700000000000000000e+01 1.586000000000000000e+03
5.576000000000070855e+01 6.551680660247802734e+01 6.800000000000000000e+01 1.613000000000000000e+03
5.894700000000082696e+01 6.551680660247802734e+01 6.900000000000000000e+01 7.170000000000000000e+02
6.044000000000090722e+01 6.551680660247802734e+01 7.000000000000000000e+01 9.470000000000000000e+02
6.221700000000097219e+01 6.551680660247802734e+01 7.100000000000000000e+01 1.893000000000000000e+03
6.547600000000109333e+01 6.551680660247802734e+01 7.200000000000000000e+01 1.227000000000000000e+03
6.551680660247802734e+01 6.551680660247802734e+01 0.000000000000000000e+00 0.000000000000000000e+00
6.551680660247802734e+01 6.551680660247802734e+01 0.000000000000000000e+00 0.000000000000000000e+00
5.283000000000000362e+00 6.952508687973022461e+01 0.000000000000000000e+00 1.400000000000000000e+01
7.157000000000001805e+00 6.952508687973022461e+01 1.000000000000000000e+00 7.000000000000000000e+00
8.097000000000001307e+00 6.952508687973022461e+01 2.000000000000000000e+00 2.400000000000000000e+01
8.791000000000000369e+00 6.952508687973022461e+01 3.000000000000000000e+00 2.100000000000000000e+01
9.503999999999999559e+00 6.952508687973022461e+01 4.000000000000000000e+00 5.400000000000000000e+01
9.833999999999999631e+00 6.952508687973022461e+01 5.000000000000000000e+00 3.400000000000000000e+01
1.034399999999999942e+01 6.952508687973022461e+01 6.000000000000000000e+00 7.000000000000000000e+01
1.097799999999999798e+01 6.952508687973022461e+01 7.000000000000000000e+00 3.900000000000000000e+01
1.158899999999999508e+01 6.952508687973022461e+01 8.000000000000000000e+00 5.600000000000000000e+01
1.203599999999999426e+01 6.952508687973022461e+01 9.000000000000000000e+00 4.500000000000000000e+01
1.290599999999999348e+01 6.952508687973022461e+01 1.000000000000000000e+01 8.100000000000000000e+01
1.380199999999999427e+01 6.952508687973022461e+01 1.100000000000000000e+01 7.400000000000000000e+01
1.445799999999999486e+01 6.952508687973022461e+01 1.200000000000000000e+01 1.070000000000000000e+02
1.490899999999999537e+01 6.952508687973022461e+01 1.300000000000000000e+01 1.200000000000000000e+02
1.555699999999999683e+01 6.952508687973022461e+01 1.400000000000000000e+01 9.300000000000000000e+01
1.568499999999999694e+01 6.952508687973022461e+01 1.500000000000000000e+01 1.410000000000000000e+02
1.643399999999999750e+01 6.952508687973022461e+01 1.600000000000000000e+01 8.100000000000000000e+01
1.678699999999999548e+01 6.952508687973022461e+01 1.700000000000000000e+01 1.460000000000000000e+02
1.735799999999999699e+01 6.952508687973022461e+01 1.800000000000000000e+01 1.310000000000000000e+02
1.857599999999999696e+01 6.952508687973022461e+01 1.900000000000000000e+01 1.200000000000000000e+02
1.942400000000000659e+01 6.952508687973022461e+01 2.000000000000000000e+01 2.140000000000000000e+02
1.947300000000000253e+01 6.952508687973022461e+01 2.100000000000000000e+01 1.240000000000000000e+02
2.014000000000001123e+01 6.952508687973022461e+01 2.200000000000000000e+01 1.460000000000000000e+02
2.072000000000000952e+01 6.952508687973022461e+01 2.300000000000000000e+01 1.910000000000000000e+02
2.118700000000000827e+01 6.952508687973022461e+01 2.400000000000000000e+01 1.300000000000000000e+02
2.172700000000000387e+01 6.952508687973022461e+01 2.500000000000000000e+01 1.390000000000000000e+02
2.248799999999999955e+01 6.952508687973022461e+01 2.600000000000000000e+01 1.710000000000000000e+02
2.308999999999999631e+01 6.952508687973022461e+01 2.700000000000000000e+01 1.600000000000000000e+02
2.365599999999998815e+01 6.952508687973022461e+01 2.800000000000000000e+01 1.570000000000000000e+02
2.434099999999999753e+01 6.952508687973022461e+01 2.900000000000000000e+01 2.900000000000000000e+02
2.503600000000000492e+01 6.952508687973022461e+01 3.000000000000000000e+01 2.040000000000000000e+02
2.666500000000000625e+01 6.952508687973022461e+01 3.100000000000000000e+01 2.900000000000000000e+02
2.711600000000000676e+01 6.952508687973022461e+01 3.200000000000000000e+01 3.730000000000000000e+02
2.745600000000001017e+01 6.952508687973022461e+01 3.300000000000000000e+01 5.240000000000000000e+02
2.848700000000001609e+01 6.952508687973022461e+01 3.400000000000000000e+01 2.730000000000000000e+02
2.858700000000001751e+01 6.952508687973022461e+01 3.500000000000000000e+01 3.180000000000000000e+02
2.998900000000001853e+01 6.952508687973022461e+01 3.600000000000000000e+01 2.390000000000000000e+02
3.039800000000001745e+01 6.952508687973022461e+01 3.700000000000000000e+01 4.820000000000000000e+02
3.102900000000001057e+01 6.952508687973022461e+01 3.800000000000000000e+01 4.280000000000000000e+02
3.317399999999999238e+01 6.952508687973022461e+01 3.900000000000000000e+01 4.560000000000000000e+02
3.422999999999998266e+01 6.952508687973022461e+01 4.000000000000000000e+01 5.590000000000000000e+02
3.496899999999995856e+01 6.952508687973022461e+01 4.100000000000000000e+01 6.550000000000000000e+02
3.565599999999994196e+01 6.952508687973022461e+01 4.200000000000000000e+01 6.310000000000000000e+02
3.609699999999994446e+01 6.952508687973022461e+01 4.300000000000000000e+01 5.520000000000000000e+02
3.671099999999992036e+01 6.952508687973022461e+01 4.400000000000000000e+01 6.420000000000000000e+02
3.759699999999988762e+01 6.952508687973022461e+01 4.500000000000000000e+01 7.860000000000000000e+02
3.807199999999988904e+01 6.952508687973022461e+01 4.600000000000000000e+01 6.220000000000000000e+02
3.897299999999984976e+01 6.952508687973022461e+01 4.700000000000000000e+01 5.890000000000000000e+02
3.939799999999982560e+01 6.952508687973022461e+01 4.800000000000000000e+01 8.390000000000000000e+02
3.999699999999982225e+01 6.952508687973022461e+01 4.900000000000000000e+01 7.260000000000000000e+02
4.039399999999984914e+01 6.952508687973022461e+01 5.000000000000000000e+01 6.410000000000000000e+02
4.131399999999985795e+01 6.952508687973022461e+01 5.100000000000000000e+01 1.078000000000000000e+03
4.152799999999986369e+01 6.952508687973022461e+01 5.200000000000000000e+01 9.210000000000000000e+02
4.261099999999990473e+01 6.952508687973022461e+01 5.300000000000000000e+01 1.041000000000000000e+03
4.356399999999990769e+01 6.952508687973022461e+01 5.400000000000000000e+01 7.670000000000000000e+02
4.383099999999993912e+01 6.952508687973022461e+01 5.500000000000000000e+01 8.010000000000000000e+02
4.529499999999994486e+01 6.952508687973022461e+01 5.600000000000000000e+01 6.100000000000000000e+02
4.589599999999997237e+01 6.952508687973022461e+01 5.700000000000000000e+01 1.063000000000000000e+03
4.683400000000004582e+01 6.952508687973022461e+01 5.800000000000000000e+01 7.980000000000000000e+02
4.888899999999999579e+01 6.952508687973022461e+01 5.900000000000000000e+01 1.255000000000000000e+03
4.981400000000009243e+01 6.952508687973022461e+01 6.000000000000000000e+01 7.440000000000000000e+02
5.077100000000012869e+01 6.952508687973022461e+01 6.100000000000000000e+01 1.189000000000000000e+03
5.210000000000021458e+01 6.952508687973022461e+01 6.200000000000000000e+01 2.151000000000000000e+03
5.242700000000024119e+01 6.952508687973022461e+01 6.300000000000000000e+01 1.112000000000000000e+03
5.476300000000033918e+01 6.952508687973022461e+01 6.400000000000000000e+01 2.806000000000000000e+03
5.594700000000039353e+01 6.952508687973022461e+01 6.500000000000000000e+01 1.153000000000000000e+03
5.874400000000050426e+01 6.952508687973022461e+01 6.600000000000000000e+01 1.092000000000000000e+03
6.144900000000064466e+01 6.952508687973022461e+01 6.700000000000000000e+01 3.227000000000000000e+03
6.265600000000068803e+01 6.952508687973022461e+01 6.800000000000000000e+01 2.565000000000000000e+03
6.375400000000072254e+01 6.952508687973022461e+01 6.900000000000000000e+01 1.986000000000000000e+03
6.502500000000075886e+01 6.952508687973022461e+01 7.000000000000000000e+01 1.601000000000000000e+03
6.798800000000085220e+01 6.952508687973022461e+01 7.100000000000000000e+01 1.442000000000000000e+03
6.936400000000094224e+01 6.952508687973022461e+01 7.200000000000000000e+01 1.114000000000000000e+03
6.952508687973022461e+01 6.952508687973022461e+01 0.000000000000000000e+00 0.000000000000000000e+00
6.952508687973022461e+01 6.952508687973022461e+01 0.000000000000000000e+00 0.000000000000000000e+00
5.634999999999998899e+00 6.805049061775207520e+01 0.000000000000000000e+00 3.800000000000000000e+01
6.180999999999999162e+00 6.805049061775207520e+01 1.000000000000000000e+00 3.800000000000000000e+01
7.777999999999998693e+00 6.805049061775207520e+01 2.000000000000000000e+00 4.800000000000000000e+01
8.647999999999999687e+00 6.805049061775207520e+01 3.000000000000000000e+00 6.700000000000000000e+01
9.492000000000000881e+00 6.805049061775207520e+01 4.000000000000000000e+00 7.300000000000000000e+01
9.663000000000000256e+00 6.805049061775207520e+01 5.000000000000000000e+00 5.700000000000000000e+01
1.015000000000000036e+01 6.805049061775207520e+01 6.000000000000000000e+00 6.400000000000000000e+01
1.081600000000000072e+01 6.805049061775207520e+01 7.000000000000000000e+00 8.100000000000000000e+01
1.117800000000000082e+01 6.805049061775207520e+01 8.000000000000000000e+00 5.200000000000000000e+01
1.206400000000000006e+01 6.805049061775207520e+01 9.000000000000000000e+00 7.900000000000000000e+01
1.278900000000000148e+01 6.805049061775207520e+01 1.000000000000000000e+01 7.700000000000000000e+01
1.307300000000000217e+01 6.805049061775207520e+01 1.100000000000000000e+01 1.130000000000000000e+02
1.334200000000000053e+01 6.805049061775207520e+01 1.200000000000000000e+01 1.340000000000000000e+02
1.402000000000000135e+01 6.805049061775207520e+01 1.300000000000000000e+01 6.600000000000000000e+01
1.453600000000000314e+01 6.805049061775207520e+01 1.400000000000000000e+01 9.100000000000000000e+01
1.503900000000000325e+01 6.805049061775207520e+01 1.500000000000000000e+01 1.010000000000000000e+02
1.552800000000000402e+01 6.805049061775207520e+01 1.600000000000000000e+01 1.420000000000000000e+02
1.693400000000000460e+01 6.805049061775207520e+01 1.700000000000000000e+01 1.110000000000000000e+02
1.724300000000000566e+01 6.805049061775207520e+01 1.800000000000000000e+01 1.040000000000000000e+02
1.816000000000001080e+01 6.805049061775207520e+01 1.900000000000000000e+01 1.750000000000000000e+02
1.930900000000001171e+01 6.805049061775207520e+01 2.000000000000000000e+01 1.220000000000000000e+02
1.962300000000001532e+01 6.805049061775207520e+01 2.100000000000000000e+01 2.410000000000000000e+02
2.011200000000001253e+01 6.805049061775207520e+01 2.200000000000000000e+01 1.060000000000000000e+02
2.035600000000001586e+01 6.805049061775207520e+01 2.300000000000000000e+01 2.180000000000000000e+02
2.096600000000001174e+01 6.805049061775207520e+01 2.400000000000000000e+01 1.140000000000000000e+02
2.159700000000001197e+01 6.805049061775207520e+01 2.500000000000000000e+01 1.150000000000000000e+02
2.214800000000001745e+01 6.805049061775207520e+01 2.600000000000000000e+01 2.440000000000000000e+02
2.269200000000001438e+01 6.805049061775207520e+01 2.700000000000000000e+01 1.310000000000000000e+02
2.305100000000001970e+01 6.805049061775207520e+01 2.800000000000000000e+01 1.450000000000000000e+02
2.361500000000001620e+01 6.805049061775207520e+01 2.900000000000000000e+01 1.480000000000000000e+02
2.482800000000001717e+01 6.805049061775207520e+01 3.000000000000000000e+01 2.450000000000000000e+02
2.539900000000001867e+01 6.805049061775207520e+01 3.100000000000000000e+01 1.870000000000000000e+02
2.607000000000001805e+01 6.805049061775207520e+01 3.200000000000000000e+01 2.940000000000000000e+02
2.583700000000002106e+01 6.805049061775207520e+01 3.300000000000000000e+01 2.300000000000000000e+02
2.693500000000002359e+01 6.805049061775207520e+01 3.400000000000000000e+01 2.260000000000000000e+02
2.793500000000003425e+01 6.805049061775207520e+01 3.500000000000000000e+01 3.280000000000000000e+02
2.864200000000003499e+01 6.805049061775207520e+01 3.600000000000000000e+01 3.870000000000000000e+02
2.931600000000003092e+01 6.805049061775207520e+01 3.700000000000000000e+01 3.080000000000000000e+02
3.002300000000002811e+01 6.805049061775207520e+01 3.800000000000000000e+01 3.840000000000000000e+02
3.122100000000002495e+01 6.805049061775207520e+01 3.900000000000000000e+01 7.200000000000000000e+02
3.189400000000002322e+01 6.805049061775207520e+01 4.000000000000000000e+01 3.780000000000000000e+02
3.278900000000002990e+01 6.805049061775207520e+01 4.100000000000000000e+01 4.800000000000000000e+02
3.374400000000005662e+01 6.805049061775207520e+01 4.200000000000000000e+01 4.420000000000000000e+02
3.456200000000004025e+01 6.805049061775207520e+01 4.300000000000000000e+01 7.490000000000000000e+02
3.514700000000001268e+01 6.805049061775207520e+01 4.400000000000000000e+01 5.710000000000000000e+02
3.578000000000000114e+01 6.805049061775207520e+01 4.500000000000000000e+01 6.120000000000000000e+02
3.644500000000000028e+01 6.805049061775207520e+01 4.600000000000000000e+01 7.930000000000000000e+02
3.679599999999998516e+01 6.805049061775207520e+01 4.700000000000000000e+01 9.770000000000000000e+02
3.720599999999998886e+01 6.805049061775207520e+01 4.800000000000000000e+01 6.090000000000000000e+02
3.779499999999995197e+01 6.805049061775207520e+01 4.900000000000000000e+01 5.520000000000000000e+02
3.860300000000001575e+01 6.805049061775207520e+01 5.000000000000000000e+01 1.114000000000000000e+03
3.940500000000001535e+01 6.805049061775207520e+01 5.100000000000000000e+01 7.120000000000000000e+02
3.994800000000007145e+01 6.805049061775207520e+01 5.200000000000000000e+01 1.065000000000000000e+03
4.059500000000008413e+01 6.805049061775207520e+01 5.300000000000000000e+01 1.096000000000000000e+03
4.148100000000010823e+01 6.805049061775207520e+01 5.400000000000000000e+01 6.880000000000000000e+02
4.179900000000012028e+01 6.805049061775207520e+01 5.500000000000000000e+01 8.510000000000000000e+02
4.247900000000013421e+01 6.805049061775207520e+01 5.600000000000000000e+01 6.940000000000000000e+02
4.406200000000018235e+01 6.805049061775207520e+01 5.700000000000000000e+01 1.237000000000000000e+03
4.511100000000024579e+01 6.805049061775207520e+01 5.800000000000000000e+01 1.531000000000000000e+03
4.604200000000021475e+01 6.805049061775207520e+01 5.900000000000000000e+01 1.025000000000000000e+03
4.712500000000028422e+01 6.805049061775207520e+01 6.000000000000000000e+01 1.036000000000000000e+03
4.836900000000032662e+01 6.805049061775207520e+01 6.100000000000000000e+01 1.376000000000000000e+03
4.913800000000036761e+01 6.805049061775207520e+01 6.200000000000000000e+01 1.446000000000000000e+03
4.999900000000039313e+01 6.805049061775207520e+01 6.300000000000000000e+01 8.650000000000000000e+02
5.134900000000046560e+01 6.805049061775207520e+01 6.400000000000000000e+01 8.320000000000000000e+02
5.377800000000056713e+01 6.805049061775207520e+01 6.500000000000000000e+01 1.758000000000000000e+03
5.445200000000060925e+01 6.805049061775207520e+01 6.600000000000000000e+01 2.456000000000000000e+03
5.568700000000065842e+01 6.805049061775207520e+01 6.700000000000000000e+01 1.225000000000000000e+03
5.720500000000072305e+01 6.805049061775207520e+01 6.800000000000000000e+01 8.410000000000000000e+02
5.865800000000078995e+01 6.805049061775207520e+01 6.900000000000000000e+01 1.445000000000000000e+03
6.003100000000084435e+01 6.805049061775207520e+01 7.000000000000000000e+01 9.010000000000000000e+02
6.102100000000088187e+01 6.805049061775207520e+01 7.100000000000000000e+01 9.660000000000000000e+02
6.793600000000114392e+01 6.805049061775207520e+01 7.200000000000000000e+01 1.123000000000000000e+03
6.805049061775207520e+01 6.805049061775207520e+01 0.000000000000000000e+00 0.000000000000000000e+00
6.805049061775207520e+01 6.805049061775207520e+01 0.000000000000000000e+00 0.000000000000000000e+00
3.882999999999999563e+00 7.138713669776916504e+01 0.000000000000000000e+00 0.000000000000000000e+00
6.114999999999999325e+00 7.138713669776916504e+01 1.000000000000000000e+00 1.500000000000000000e+01
6.833999999999998742e+00 7.138713669776916504e+01 2.000000000000000000e+00 2.800000000000000000e+01
7.779999999999999361e+00 7.138713669776916504e+01 3.000000000000000000e+00 5.400000000000000000e+01
8.469999999999997087e+00 7.138713669776916504e+01 4.000000000000000000e+00 4.300000000000000000e+01
9.464999999999994529e+00 7.138713669776916504e+01 5.000000000000000000e+00 3.300000000000000000e+01
9.948999999999994515e+00 7.138713669776916504e+01 6.000000000000000000e+00 5.500000000000000000e+01
1.052699999999999569e+01 7.138713669776916504e+01 7.000000000000000000e+00 5.800000000000000000e+01
1.213599999999999035e+01 7.138713669776916504e+01 8.000000000000000000e+00 8.100000000000000000e+01
1.289999999999998970e+01 7.138713669776916504e+01 9.000000000000000000e+00 1.160000000000000000e+02
1.333899999999998975e+01 7.138713669776916504e+01 1.000000000000000000e+01 1.200000000000000000e+02
1.407999999999998941e+01 7.138713669776916504e+01 1.100000000000000000e+01 8.900000000000000000e+01
1.462699999999999001e+01 7.138713669776916504e+01 1.200000000000000000e+01 8.900000000000000000e+01
1.510199999999998965e+01 7.138713669776916504e+01 1.300000000000000000e+01 1.000000000000000000e+02
1.574499999999998856e+01 7.138713669776916504e+01 1.400000000000000000e+01 8.500000000000000000e+01
1.637399999999998812e+01 7.138713669776916504e+01 1.500000000000000000e+01 1.560000000000000000e+02
1.724399999999998911e+01 7.138713669776916504e+01 1.600000000000000000e+01 2.170000000000000000e+02
1.867099999999998161e+01 7.138713669776916504e+01 1.700000000000000000e+01 1.150000000000000000e+02
1.942599999999997706e+01 7.138713669776916504e+01 1.800000000000000000e+01 2.010000000000000000e+02
2.091899999999997561e+01 7.138713669776916504e+01 1.900000000000000000e+01 1.790000000000000000e+02
2.256499999999998352e+01 7.138713669776916504e+01 2.000000000000000000e+01 1.970000000000000000e+02
2.298199999999998511e+01 7.138713669776916504e+01 2.100000000000000000e+01 2.540000000000000000e+02
2.324099999999998900e+01 7.138713669776916504e+01 2.200000000000000000e+01 1.580000000000000000e+02
2.386999999999999034e+01 7.138713669776916504e+01 2.300000000000000000e+01 3.440000000000000000e+02
2.420199999999999463e+01 7.138713669776916504e+01 2.400000000000000000e+01 1.640000000000000000e+02
2.543999999999999417e+01 7.138713669776916504e+01 2.500000000000000000e+01 1.940000000000000000e+02
2.596699999999999520e+01 7.138713669776916504e+01 2.600000000000000000e+01 3.570000000000000000e+02
2.617699999999999250e+01 7.138713669776916504e+01 2.700000000000000000e+01 2.040000000000000000e+02
2.704799999999999116e+01 7.138713669776916504e+01 2.800000000000000000e+01 2.310000000000000000e+02
2.762899999999999068e+01 7.138713669776916504e+01 2.900000000000000000e+01 4.240000000000000000e+02
2.821499999999999275e+01 7.138713669776916504e+01 3.000000000000000000e+01 2.340000000000000000e+02
2.882399999999999096e+01 7.138713669776916504e+01 3.100000000000000000e+01 4.570000000000000000e+02
2.912299999999999400e+01 7.138713669776916504e+01 3.200000000000000000e+01 2.590000000000000000e+02
2.964599999999999369e+01 7.138713669776916504e+01 3.300000000000000000e+01 2.470000000000000000e+02
3.045299999999999230e+01 7.138713669776916504e+01 3.400000000000000000e+01 5.380000000000000000e+02
3.095799999999999841e+01 7.138713669776916504e+01 3.500000000000000000e+01 4.510000000000000000e+02
3.131799999999999784e+01 7.138713669776916504e+01 3.600000000000000000e+01 4.070000000000000000e+02
3.160299999999999798e+01 7.138713669776916504e+01 3.700000000000000000e+01 3.370000000000000000e+02
3.234699999999999420e+01 7.138713669776916504e+01 3.800000000000000000e+01 5.320000000000000000e+02
3.293199999999999505e+01 7.138713669776916504e+01 3.900000000000000000e+01 3.290000000000000000e+02
3.353399999999997760e+01 7.138713669776916504e+01 4.000000000000000000e+01 7.470000000000000000e+02
3.401799999999997937e+01 7.138713669776916504e+01 4.100000000000000000e+01 4.510000000000000000e+02
3.474299999999997368e+01 7.138713669776916504e+01 4.200000000000000000e+01 5.360000000000000000e+02
3.531299999999996686e+01 7.138713669776916504e+01 4.300000000000000000e+01 6.740000000000000000e+02
3.614199999999994617e+01 7.138713669776916504e+01 4.400000000000000000e+01 4.970000000000000000e+02
3.629899999999992843e+01 7.138713669776916504e+01 4.500000000000000000e+01 7.200000000000000000e+02
3.740799999999992309e+01 7.138713669776916504e+01 4.600000000000000000e+01 7.170000000000000000e+02
3.784899999999990428e+01 7.138713669776916504e+01 4.700000000000000000e+01 5.710000000000000000e+02
3.867599999999988825e+01 7.138713669776916504e+01 4.800000000000000000e+01 6.130000000000000000e+02
3.955699999999986005e+01 7.138713669776916504e+01 4.900000000000000000e+01 1.094000000000000000e+03
4.025799999999989609e+01 7.138713669776916504e+01 5.000000000000000000e+01 7.240000000000000000e+02
4.094699999999989615e+01 7.138713669776916504e+01 5.100000000000000000e+01 8.410000000000000000e+02
4.138999999999994373e+01 7.138713669776916504e+01 5.200000000000000000e+01 5.860000000000000000e+02
4.232599999999996498e+01 7.138713669776916504e+01 5.300000000000000000e+01 1.253000000000000000e+03
4.325399999999999068e+01 7.138713669776916504e+01 5.400000000000000000e+01 7.460000000000000000e+02
4.502100000000002211e+01 7.138713669776916504e+01 5.500000000000000000e+01 1.345000000000000000e+03
4.584800000000007003e+01 7.138713669776916504e+01 5.600000000000000000e+01 9.780000000000000000e+02
4.641700000000008686e+01 7.138713669776916504e+01 5.700000000000000000e+01 1.243000000000000000e+03
4.787800000000020617e+01 7.138713669776916504e+01 5.800000000000000000e+01 1.886000000000000000e+03
4.891900000000019588e+01 7.138713669776916504e+01 5.900000000000000000e+01 9.520000000000000000e+02
5.024000000000035016e+01 7.138713669776916504e+01 6.000000000000000000e+01 1.782000000000000000e+03
5.102900000000040848e+01 7.138713669776916504e+01 6.100000000000000000e+01 1.210000000000000000e+03
5.302900000000050085e+01 7.138713669776916504e+01 6.200000000000000000e+01 1.942000000000000000e+03
5.632900000000066854e+01 7.138713669776916504e+01 6.300000000000000000e+01 1.380000000000000000e+03
5.717500000000069349e+01 7.138713669776916504e+01 6.400000000000000000e+01 1.691000000000000000e+03
5.830000000000073612e+01 7.138713669776916504e+01 6.500000000000000000e+01 1.409000000000000000e+03
5.969200000000081019e+01 7.138713669776916504e+01 6.600000000000000000e+01 1.051000000000000000e+03
6.083000000000084384e+01 7.138713669776916504e+01 6.700000000000000000e+01 1.218000000000000000e+03
6.227100000000091740e+01 7.138713669776916504e+01 6.800000000000000000e+01 1.582000000000000000e+03
6.361400000000097776e+01 7.138713669776916504e+01 6.900000000000000000e+01 6.160000000000000000e+02
6.634600000000102682e+01 7.138713669776916504e+01 7.000000000000000000e+01 3.190000000000000000e+02
6.791700000000112425e+01 7.138713669776916504e+01 7.100000000000000000e+01 3.850000000000000000e+02
7.135500000000122611e+01 7.138713669776916504e+01 7.200000000000000000e+01 4.510000000000000000e+02
7.138713669776916504e+01 7.138713669776916504e+01 0.000000000000000000e+00 0.000000000000000000e+00
7.138713669776916504e+01 7.138713669776916504e+01 0.000000000000000000e+00 0.000000000000000000e+00
4.264999999999999680e+00 7.158188867568969727e+01 0.000000000000000000e+00 1.000000000000000000e+00
5.628000000000000114e+00 7.158188867568969727e+01 1.000000000000000000e+00 0.000000000000000000e+00
6.877999999999999226e+00 7.158188867568969727e+01 2.000000000000000000e+00 1.300000000000000000e+01
7.576999999999999957e+00 7.158188867568969727e+01 3.000000000000000000e+00 3.800000000000000000e+01
8.419000000000000483e+00 7.158188867568969727e+01 4.000000000000000000e+00 3.300000000000000000e+01
9.252999999999998337e+00 7.158188867568969727e+01 5.000000000000000000e+00 4.900000000000000000e+01
9.741999999999997328e+00 7.158188867568969727e+01 6.000000000000000000e+00 3.000000000000000000e+01
1.021199999999999619e+01 7.158188867568969727e+01 7.000000000000000000e+00 5.600000000000000000e+01
1.051899999999999658e+01 7.158188867568969727e+01 8.000000000000000000e+00 5.700000000000000000e+01
1.148799999999999599e+01 7.158188867568969727e+01 9.000000000000000000e+00 7.200000000000000000e+01
1.221099999999999675e+01 7.158188867568969727e+01 1.000000000000000000e+01 7.900000000000000000e+01
1.240499999999999581e+01 7.158188867568969727e+01 1.100000000000000000e+01 5.900000000000000000e+01
1.357599999999999341e+01 7.158188867568969727e+01 1.200000000000000000e+01 8.400000000000000000e+01
1.453799999999999315e+01 7.158188867568969727e+01 1.300000000000000000e+01 7.000000000000000000e+01
1.538899999999999402e+01 7.158188867568969727e+01 1.400000000000000000e+01 1.160000000000000000e+02
1.595099999999999696e+01 7.158188867568969727e+01 1.500000000000000000e+01 1.340000000000000000e+02
1.675699999999999434e+01 7.158188867568969727e+01 1.600000000000000000e+01 1.160000000000000000e+02
1.726099999999999213e+01 7.158188867568969727e+01 1.700000000000000000e+01 9.400000000000000000e+01
1.811899999999998556e+01 7.158188867568969727e+01 1.800000000000000000e+01 1.520000000000000000e+02
1.847999999999998266e+01 7.158188867568969727e+01 1.900000000000000000e+01 1.430000000000000000e+02
1.921199999999998553e+01 7.158188867568969727e+01 2.000000000000000000e+01 1.160000000000000000e+02
1.942099999999999227e+01 7.158188867568969727e+01 2.100000000000000000e+01 1.320000000000000000e+02
2.014199999999998880e+01 7.158188867568969727e+01 2.200000000000000000e+01 1.210000000000000000e+02
2.001499999999998991e+01 7.158188867568969727e+01 2.300000000000000000e+01 1.160000000000000000e+02
2.154799999999999116e+01 7.158188867568969727e+01 2.400000000000000000e+01 1.120000000000000000e+02
2.236499999999999133e+01 7.158188867568969727e+01 2.500000000000000000e+01 1.150000000000000000e+02
2.350899999999998968e+01 7.158188867568969727e+01 2.600000000000000000e+01 1.450000000000000000e+02
2.537699999999998823e+01 7.158188867568969727e+01 2.700000000000000000e+01 1.680000000000000000e+02
2.599599999999998801e+01 7.158188867568969727e+01 2.800000000000000000e+01 2.950000000000000000e+02
2.702999999999998693e+01 7.158188867568969727e+01 2.900000000000000000e+01 2.130000000000000000e+02
2.814799999999999258e+01 7.158188867568969727e+01 3.000000000000000000e+01 2.270000000000000000e+02
2.864499999999998892e+01 7.158188867568969727e+01 3.100000000000000000e+01 4.270000000000000000e+02
2.937899999999999068e+01 7.158188867568969727e+01 3.200000000000000000e+01 2.450000000000000000e+02
2.993699999999998695e+01 7.158188867568969727e+01 3.300000000000000000e+01 4.000000000000000000e+02
3.044699999999998496e+01 7.158188867568969727e+01 3.400000000000000000e+01 3.930000000000000000e+02
3.100799999999998846e+01 7.158188867568969727e+01 3.500000000000000000e+01 3.240000000000000000e+02
3.115399999999999636e+01 7.158188867568969727e+01 3.600000000000000000e+01 4.090000000000000000e+02
3.170599999999999596e+01 7.158188867568969727e+01 3.700000000000000000e+01 3.340000000000000000e+02
3.219599999999999795e+01 7.158188867568969727e+01 3.800000000000000000e+01 3.900000000000000000e+02
3.282099999999999795e+01 7.158188867568969727e+01 3.900000000000000000e+01 5.680000000000000000e+02
3.302699999999999392e+01 7.158188867568969727e+01 4.000000000000000000e+01 4.860000000000000000e+02
3.368699999999996209e+01 7.158188867568969727e+01 4.100000000000000000e+01 3.410000000000000000e+02
3.451399999999995316e+01 7.158188867568969727e+01 4.200000000000000000e+01 4.660000000000000000e+02
3.518999999999994799e+01 7.158188867568969727e+01 4.300000000000000000e+01 5.340000000000000000e+02
3.570599999999993202e+01 7.158188867568969727e+01 4.400000000000000000e+01 5.480000000000000000e+02
3.620999999999992269e+01 7.158188867568969727e+01 4.500000000000000000e+01 4.910000000000000000e+02
3.691099999999991610e+01 7.158188867568969727e+01 4.600000000000000000e+01 4.450000000000000000e+02
3.760999999999988574e+01 7.158188867568969727e+01 4.700000000000000000e+01 8.400000000000000000e+02
3.946999999999985675e+01 7.158188867568969727e+01 4.800000000000000000e+01 7.680000000000000000e+02
4.000999999999982037e+01 7.158188867568969727e+01 4.900000000000000000e+01 7.280000000000000000e+02
4.078299999999988756e+01 7.158188867568969727e+01 5.000000000000000000e+01 7.060000000000000000e+02
4.157099999999989137e+01 7.158188867568969727e+01 5.100000000000000000e+01 7.750000000000000000e+02
4.165099999999989677e+01 7.158188867568969727e+01 5.200000000000000000e+01 1.278000000000000000e+03
4.270399999999992957e+01 7.158188867568969727e+01 5.300000000000000000e+01 8.760000000000000000e+02
4.367699999999994276e+01 7.158188867568969727e+01 5.400000000000000000e+01 1.232000000000000000e+03
4.508599999999994878e+01 7.158188867568969727e+01 5.500000000000000000e+01 8.320000000000000000e+02
4.591899999999996140e+01 7.158188867568969727e+01 5.600000000000000000e+01 9.160000000000000000e+02
4.708299999999995578e+01 7.158188867568969727e+01 5.700000000000000000e+01 1.242000000000000000e+03
4.783100000000003860e+01 7.158188867568969727e+01 5.800000000000000000e+01 1.278000000000000000e+03
4.919400000000000972e+01 7.158188867568969727e+01 5.900000000000000000e+01 1.672000000000000000e+03
4.998400000000008703e+01 7.158188867568969727e+01 6.000000000000000000e+01 9.200000000000000000e+02
5.052000000000011681e+01 7.158188867568969727e+01 6.100000000000000000e+01 8.390000000000000000e+02
5.308400000000022345e+01 7.158188867568969727e+01 6.200000000000000000e+01 1.251000000000000000e+03
5.442000000000030013e+01 7.158188867568969727e+01 6.300000000000000000e+01 1.711000000000000000e+03
5.554900000000034055e+01 7.158188867568969727e+01 6.400000000000000000e+01 1.464000000000000000e+03
5.667600000000039984e+01 7.158188867568969727e+01 6.500000000000000000e+01 1.445000000000000000e+03
5.809300000000045827e+01 7.158188867568969727e+01 6.600000000000000000e+01 1.339000000000000000e+03
5.952400000000052671e+01 7.158188867568969727e+01 6.700000000000000000e+01 9.910000000000000000e+02
6.053700000000058168e+01 7.158188867568969727e+01 6.800000000000000000e+01 9.050000000000000000e+02
6.288700000000066836e+01 7.158188867568969727e+01 6.900000000000000000e+01 1.906000000000000000e+03
6.431200000000072237e+01 7.158188867568969727e+01 7.000000000000000000e+01 1.551000000000000000e+03
6.817100000000085913e+01 7.158188867568969727e+01 7.100000000000000000e+01 1.007000000000000000e+03
7.147100000000098419e+01 7.158188867568969727e+01 7.200000000000000000e+01 5.040000000000000000e+02
7.158188867568969727e+01 7.158188867568969727e+01 0.000000000000000000e+00 0.000000000000000000e+00
7.158188867568969727e+01 7.158188867568969727e+01 0.000000000000000000e+00 0.000000000000000000e+00
3.244000000000000217e+00 6.932409191131591797e+01 0.000000000000000000e+00 0.000000000000000000e+00
5.338000000000000078e+00 6.932409191131591797e+01 1.000000000000000000e+00 9.000000000000000000e+00
6.814000000000001833e+00 6.932409191131591797e+01 2.000000000000000000e+00 2.500000000000000000e+01
7.582000000000001627e+00 6.932409191131591797e+01 3.000000000000000000e+00 3.500000000000000000e+01
8.291000000000000369e+00 6.932409191131591797e+01 4.000000000000000000e+00 2.600000000000000000e+01
8.960000000000000853e+00 6.932409191131591797e+01 5.000000000000000000e+00 5.400000000000000000e+01
9.276000000000001577e+00 6.932409191131591797e+01 6.000000000000000000e+00 3.800000000000000000e+01
1.007300000000000040e+01 6.932409191131591797e+01 7.000000000000000000e+00 1.000000000000000000e+02
1.113699999999999690e+01 6.932409191131591797e+01 8.000000000000000000e+00 6.300000000000000000e+01
1.173099999999999632e+01 6.932409191131591797e+01 9.000000000000000000e+00 5.800000000000000000e+01
1.187999999999999545e+01 6.932409191131591797e+01 1.000000000000000000e+01 5.100000000000000000e+01
1.224499999999999567e+01 6.932409191131591797e+01 1.100000000000000000e+01 1.250000000000000000e+02
1.260199999999999498e+01 6.932409191131591797e+01 1.200000000000000000e+01 9.600000000000000000e+01
1.333299999999999486e+01 6.932409191131591797e+01 1.300000000000000000e+01 1.030000000000000000e+02
1.378899999999999437e+01 6.932409191131591797e+01 1.400000000000000000e+01 8.600000000000000000e+01
1.446899999999999586e+01 6.932409191131591797e+01 1.500000000000000000e+01 1.480000000000000000e+02
1.496099999999999319e+01 6.932409191131591797e+01 1.600000000000000000e+01 8.400000000000000000e+01
1.569499999999999673e+01 6.932409191131591797e+01 1.700000000000000000e+01 1.510000000000000000e+02
1.707099999999999795e+01 6.932409191131591797e+01 1.800000000000000000e+01 1.700000000000000000e+02
1.756299999999999883e+01 6.932409191131591797e+01 1.900000000000000000e+01 1.150000000000000000e+02
1.792899999999999849e+01 6.932409191131591797e+01 2.000000000000000000e+01 2.430000000000000000e+02
1.866100000000000492e+01 6.932409191131591797e+01 2.100000000000000000e+01 1.660000000000000000e+02
1.946000000000000441e+01 6.932409191131591797e+01 2.200000000000000000e+01 1.840000000000000000e+02
2.088000000000000611e+01 6.932409191131591797e+01 2.300000000000000000e+01 1.420000000000000000e+02
2.163900000000001000e+01 6.932409191131591797e+01 2.400000000000000000e+01 2.600000000000000000e+02
2.207300000000001106e+01 6.932409191131591797e+01 2.500000000000000000e+01 1.710000000000000000e+02
2.274500000000001165e+01 6.932409191131591797e+01 2.600000000000000000e+01 1.530000000000000000e+02
2.369600000000000506e+01 6.932409191131591797e+01 2.700000000000000000e+01 1.470000000000000000e+02
2.450300000000000011e+01 6.932409191131591797e+01 2.800000000000000000e+01 2.860000000000000000e+02
2.520599999999999952e+01 6.932409191131591797e+01 2.900000000000000000e+01 2.910000000000000000e+02
2.545300000000000296e+01 6.932409191131591797e+01 3.000000000000000000e+01 1.200000000000000000e+02
2.586200000000000543e+01 6.932409191131591797e+01 3.100000000000000000e+01 2.390000000000000000e+02
2.649600000000000932e+01 6.932409191131591797e+01 3.200000000000000000e+01 1.450000000000000000e+02
2.720700000000001140e+01 6.932409191131591797e+01 3.300000000000000000e+01 5.050000000000000000e+02
2.760800000000000409e+01 6.932409191131591797e+01 3.400000000000000000e+01 2.180000000000000000e+02
2.858800000000000452e+01 6.932409191131591797e+01 3.500000000000000000e+01 4.860000000000000000e+02
2.892200000000000415e+01 6.932409191131591797e+01 3.600000000000000000e+01 2.220000000000000000e+02
2.958600000000000563e+01 6.932409191131591797e+01 3.700000000000000000e+01 1.760000000000000000e+02
3.017099999999999937e+01 6.932409191131591797e+01 3.800000000000000000e+01 3.430000000000000000e+02
3.078699999999999903e+01 6.932409191131591797e+01 3.900000000000000000e+01 2.150000000000000000e+02
3.116199999999999903e+01 6.932409191131591797e+01 4.000000000000000000e+01 2.260000000000000000e+02
3.164899999999999380e+01 6.932409191131591797e+01 4.100000000000000000e+01 2.510000000000000000e+02
3.277100000000000790e+01 6.932409191131591797e+01 4.200000000000000000e+01 3.300000000000000000e+02
3.366899999999998983e+01 6.932409191131591797e+01 4.300000000000000000e+01 5.860000000000000000e+02
3.460399999999994236e+01 6.932409191131591797e+01 4.400000000000000000e+01 6.480000000000000000e+02
3.500999999999992696e+01 6.932409191131591797e+01 4.500000000000000000e+01 4.110000000000000000e+02
3.561599999999994282e+01 6.932409191131591797e+01 4.600000000000000000e+01 4.350000000000000000e+02
3.681099999999990757e+01 6.932409191131591797e+01 4.700000000000000000e+01 4.480000000000000000e+02
3.787599999999989819e+01 6.932409191131591797e+01 4.800000000000000000e+01 5.290000000000000000e+02
3.982399999999983464e+01 6.932409191131591797e+01 4.900000000000000000e+01 5.870000000000000000e+02
4.046999999999989228e+01 6.932409191131591797e+01 5.000000000000000000e+01 6.400000000000000000e+02
4.201799999999990121e+01 6.932409191131591797e+01 5.100000000000000000e+01 1.058000000000000000e+03
4.318799999999996686e+01 6.932409191131591797e+01 5.200000000000000000e+01 9.820000000000000000e+02
4.430400000000003757e+01 6.932409191131591797e+01 5.300000000000000000e+01 1.091000000000000000e+03
4.464400000000002677e+01 6.932409191131591797e+01 5.400000000000000000e+01 9.330000000000000000e+02
4.563400000000003587e+01 6.932409191131591797e+01 5.500000000000000000e+01 9.400000000000000000e+02
4.637800000000006406e+01 6.932409191131591797e+01 5.600000000000000000e+01 1.106000000000000000e+03
4.744400000000008788e+01 6.932409191131591797e+01 5.700000000000000000e+01 8.540000000000000000e+02
4.831600000000015882e+01 6.932409191131591797e+01 5.800000000000000000e+01 6.760000000000000000e+02
4.951900000000016178e+01 6.932409191131591797e+01 5.900000000000000000e+01 1.021000000000000000e+03
5.018900000000026296e+01 6.932409191131591797e+01 6.000000000000000000e+01 2.507000000000000000e+03
5.123100000000030718e+01 6.932409191131591797e+01 6.100000000000000000e+01 2.057000000000000000e+03
5.347200000000042053e+01 6.932409191131591797e+01 6.200000000000000000e+01 1.000000000000000000e+03
5.423600000000045185e+01 6.932409191131591797e+01 6.300000000000000000e+01 8.780000000000000000e+02
5.515600000000048908e+01 6.932409191131591797e+01 6.400000000000000000e+01 1.902000000000000000e+03
5.645300000000054297e+01 6.932409191131591797e+01 6.500000000000000000e+01 1.379000000000000000e+03
5.737600000000058742e+01 6.932409191131591797e+01 6.600000000000000000e+01 1.032000000000000000e+03
5.844800000000062568e+01 6.932409191131591797e+01 6.700000000000000000e+01 1.915000000000000000e+03
6.140700000000074255e+01 6.932409191131591797e+01 6.800000000000000000e+01 1.622000000000000000e+03
6.246700000000078035e+01 6.932409191131591797e+01 6.900000000000000000e+01 6.120000000000000000e+02
6.370800000000085106e+01 6.932409191131591797e+01 7.000000000000000000e+01 4.760000000000000000e+02
6.777500000000100044e+01 6.932409191131591797e+01 7.100000000000000000e+01 3.630000000000000000e+02
6.918800000000106820e+01 6.932409191131591797e+01 7.200000000000000000e+01 7.660000000000000000e+02
6.932409191131591797e+01 6.932409191131591797e+01 0.000000000000000000e+00 0.000000000000000000e+00
6.932409191131591797e+01 6.932409191131591797e+01 0.000000000000000000e+00 0.000000000000000000e+00
3.793000000000000149e+00 6.525567340850830078e+01 0.000000000000000000e+00 0.000000000000000000e+00
5.302000000000000490e+00 6.525567340850830078e+01 1.000000000000000000e+00 3.000000000000000000e+00
6.734000000000000874e+00 6.525567340850830078e+01 2.000000000000000000e+00 1.300000000000000000e+01
8.292000000000001592e+00 6.525567340850830078e+01 3.000000000000000000e+00 2.800000000000000000e+01
9.504000000000003112e+00 6.525567340850830078e+01 4.000000000000000000e+00 4.000000000000000000e+01
1.050300000000000367e+01 6.525567340850830078e+01 5.000000000000000000e+00 5.800000000000000000e+01
1.115700000000000358e+01 6.525567340850830078e+01 6.000000000000000000e+00 5.500000000000000000e+01
1.226200000000000401e+01 6.525567340850830078e+01 7.000000000000000000e+00 9.200000000000000000e+01
1.317900000000000205e+01 6.525567340850830078e+01 8.000000000000000000e+00 5.700000000000000000e+01
1.362500000000000178e+01 6.525567340850830078e+01 9.000000000000000000e+00 7.400000000000000000e+01
1.448800000000000132e+01 6.525567340850830078e+01 1.000000000000000000e+01 8.400000000000000000e+01
1.463300000000000090e+01 6.525567340850830078e+01 1.100000000000000000e+01 6.100000000000000000e+01
1.543599999999999994e+01 6.525567340850830078e+01 1.200000000000000000e+01 1.320000000000000000e+02
1.653500000000000014e+01 6.525567340850830078e+01 1.300000000000000000e+01 9.100000000000000000e+01
1.725800000000000267e+01 6.525567340850830078e+01 1.400000000000000000e+01 1.660000000000000000e+02
1.801400000000000290e+01 6.525567340850830078e+01 1.500000000000000000e+01 1.190000000000000000e+02
1.898600000000000065e+01 6.525567340850830078e+01 1.600000000000000000e+01 1.630000000000000000e+02
2.009900000000000020e+01 6.525567340850830078e+01 1.700000000000000000e+01 1.290000000000000000e+02
2.107500000000000284e+01 6.525567340850830078e+01 1.800000000000000000e+01 1.390000000000000000e+02
2.129299999999999926e+01 6.525567340850830078e+01 1.900000000000000000e+01 1.270000000000000000e+02
2.166499999999999915e+01 6.525567340850830078e+01 2.000000000000000000e+01 2.860000000000000000e+02
2.243500000000000227e+01 6.525567340850830078e+01 2.100000000000000000e+01 2.450000000000000000e+02
2.247200000000000131e+01 6.525567340850830078e+01 2.200000000000000000e+01 1.290000000000000000e+02
2.312700000000000600e+01 6.525567340850830078e+01 2.300000000000000000e+01 1.940000000000000000e+02
2.350400000000000844e+01 6.525567340850830078e+01 2.400000000000000000e+01 3.210000000000000000e+02
2.363000000000000966e+01 6.525567340850830078e+01 2.500000000000000000e+01 3.060000000000000000e+02
2.420900000000001029e+01 6.525567340850830078e+01 2.600000000000000000e+01 1.540000000000000000e+02
2.467600000000000904e+01 6.525567340850830078e+01 2.700000000000000000e+01 2.010000000000000000e+02
2.478000000000000469e+01 6.525567340850830078e+01 2.800000000000000000e+01 1.690000000000000000e+02
2.551600000000000534e+01 6.525567340850830078e+01 2.900000000000000000e+01 2.460000000000000000e+02
2.594000000000000838e+01 6.525567340850830078e+01 3.000000000000000000e+01 1.740000000000000000e+02
2.703300000000000836e+01 6.525567340850830078e+01 3.100000000000000000e+01 2.310000000000000000e+02
2.752600000000001046e+01 6.525567340850830078e+01 3.200000000000000000e+01 4.490000000000000000e+02
2.805900000000001171e+01 6.525567340850830078e+01 3.300000000000000000e+01 2.350000000000000000e+02
2.927200000000001268e+01 6.525567340850830078e+01 3.400000000000000000e+01 3.540000000000000000e+02
2.986500000000001265e+01 6.525567340850830078e+01 3.500000000000000000e+01 3.290000000000000000e+02
3.021600000000001174e+01 6.525567340850830078e+01 3.600000000000000000e+01 4.630000000000000000e+02
3.072500000000001208e+01 6.525567340850830078e+01 3.700000000000000000e+01 3.070000000000000000e+02
3.107500000000001350e+01 6.525567340850830078e+01 3.800000000000000000e+01 3.330000000000000000e+02
3.144600000000000151e+01 6.525567340850830078e+01 3.900000000000000000e+01 4.290000000000000000e+02
3.193900000000000006e+01 6.525567340850830078e+01 4.000000000000000000e+01 7.000000000000000000e+02
3.254299999999997794e+01 6.525567340850830078e+01 4.100000000000000000e+01 3.910000000000000000e+02
3.297399999999997533e+01 6.525567340850830078e+01 4.200000000000000000e+01 4.020000000000000000e+02
3.364599999999997237e+01 6.525567340850830078e+01 4.300000000000000000e+01 3.910000000000000000e+02
3.429499999999994486e+01 6.525567340850830078e+01 4.400000000000000000e+01 5.760000000000000000e+02
3.497899999999993526e+01 6.525567340850830078e+01 4.500000000000000000e+01 6.660000000000000000e+02
3.612499999999992184e+01 6.525567340850830078e+01 4.600000000000000000e+01 7.030000000000000000e+02
3.660099999999989961e+01 6.525567340850830078e+01 4.700000000000000000e+01 9.100000000000000000e+02
3.699199999999989785e+01 6.525567340850830078e+01 4.800000000000000000e+01 6.560000000000000000e+02
3.763699999999987256e+01 6.525567340850830078e+01 4.900000000000000000e+01 7.940000000000000000e+02
3.889899999999995117e+01 6.525567340850830078e+01 5.000000000000000000e+01 7.620000000000000000e+02
3.912899999999995515e+01 6.525567340850830078e+01 5.100000000000000000e+01 8.440000000000000000e+02
4.006799999999999073e+01 6.525567340850830078e+01 5.200000000000000000e+01 9.700000000000000000e+02
4.123899999999999721e+01 6.525567340850830078e+01 5.300000000000000000e+01 6.140000000000000000e+02
4.179300000000002058e+01 6.525567340850830078e+01 5.400000000000000000e+01 8.320000000000000000e+02
4.247000000000005571e+01 6.525567340850830078e+01 5.500000000000000000e+01 1.486000000000000000e+03
4.319400000000008077e+01 6.525567340850830078e+01 5.600000000000000000e+01 1.243000000000000000e+03
4.420000000000010232e+01 6.525567340850830078e+01 5.700000000000000000e+01 6.720000000000000000e+02
4.543100000000020344e+01 6.525567340850830078e+01 5.800000000000000000e+01 1.536000000000000000e+03
4.762900000000017542e+01 6.525567340850830078e+01 5.900000000000000000e+01 9.650000000000000000e+02
4.846300000000027097e+01 6.525567340850830078e+01 6.000000000000000000e+01 1.388000000000000000e+03
4.900700000000029632e+01 6.525567340850830078e+01 6.100000000000000000e+01 1.861000000000000000e+03
4.984200000000034692e+01 6.525567340850830078e+01 6.200000000000000000e+01 9.580000000000000000e+02
5.120600000000038676e+01 6.525567340850830078e+01 6.300000000000000000e+01 1.629000000000000000e+03
5.288800000000047419e+01 6.525567340850830078e+01 6.400000000000000000e+01 1.274000000000000000e+03
5.383700000000051489e+01 6.525567340850830078e+01 6.500000000000000000e+01 1.749000000000000000e+03
5.523800000000058219e+01 6.525567340850830078e+01 6.600000000000000000e+01 2.182000000000000000e+03
5.617900000000062022e+01 6.525567340850830078e+01 6.700000000000000000e+01 8.660000000000000000e+02
5.806600000000069883e+01 6.525567340850830078e+01 6.800000000000000000e+01 1.452000000000000000e+03
5.948000000000073584e+01 6.525567340850830078e+01 6.900000000000000000e+01 5.710000000000000000e+02
6.108000000000080831e+01 6.525567340850830078e+01 7.000000000000000000e+01 1.006000000000000000e+03
6.277600000000087022e+01 6.525567340850830078e+01 7.100000000000000000e+01 9.820000000000000000e+02
6.526400000000096213e+01 6.525567340850830078e+01 7.200000000000000000e+01 4.890000000000000000e+02
6.525567340850830078e+01 6.525567340850830078e+01 0.000000000000000000e+00 0.000000000000000000e+00
6.525567340850830078e+01 6.525567340850830078e+01 0.000000000000000000e+00 0.000000000000000000e+00
4.834999999999999964e+00 6.619484925270080566e+01 0.000000000000000000e+00 1.100000000000000000e+01
6.017999999999999794e+00 6.619484925270080566e+01 1.000000000000000000e+00 1.100000000000000000e+01
8.214999999999999858e+00 6.619484925270080566e+01 2.000000000000000000e+00 1.800000000000000000e+01
9.086000000000002075e+00 6.619484925270080566e+01 3.000000000000000000e+00 3.200000000000000000e+01
9.638000000000001677e+00 6.619484925270080566e+01 4.000000000000000000e+00 5.300000000000000000e+01
1.013700000000000223e+01 6.619484925270080566e+01 5.000000000000000000e+00 2.000000000000000000e+01
1.095900000000000496e+01 6.619484925270080566e+01 6.000000000000000000e+00 3.900000000000000000e+01
1.144000000000000483e+01 6.619484925270080566e+01 7.000000000000000000e+00 8.200000000000000000e+01
1.174900000000000411e+01 6.619484925270080566e+01 8.000000000000000000e+00 5.300000000000000000e+01
1.219800000000000395e+01 6.619484925270080566e+01 9.000000000000000000e+00 7.200000000000000000e+01
1.357000000000000561e+01 6.619484925270080566e+01 1.000000000000000000e+01 1.210000000000000000e+02
1.399800000000000466e+01 6.619484925270080566e+01 1.100000000000000000e+01 6.900000000000000000e+01
1.511200000000000720e+01 6.619484925270080566e+01 1.200000000000000000e+01 7.900000000000000000e+01
1.524800000000000644e+01 6.619484925270080566e+01 1.300000000000000000e+01 1.280000000000000000e+02
1.595300000000000651e+01 6.619484925270080566e+01 1.400000000000000000e+01 1.500000000000000000e+02
1.648800000000000665e+01 6.619484925270080566e+01 1.500000000000000000e+01 1.470000000000000000e+02
1.678900000000000858e+01 6.619484925270080566e+01 1.600000000000000000e+01 8.700000000000000000e+01
1.742200000000001125e+01 6.619484925270080566e+01 1.700000000000000000e+01 1.160000000000000000e+02
1.837900000000001199e+01 6.619484925270080566e+01 1.800000000000000000e+01 1.700000000000000000e+02
1.882900000000000773e+01 6.619484925270080566e+01 1.900000000000000000e+01 1.550000000000000000e+02
1.928400000000000958e+01 6.619484925270080566e+01 2.000000000000000000e+01 1.620000000000000000e+02
2.010300000000001219e+01 6.619484925270080566e+01 2.100000000000000000e+01 1.330000000000000000e+02
2.077200000000001268e+01 6.619484925270080566e+01 2.200000000000000000e+01 1.410000000000000000e+02
2.109700000000001552e+01 6.619484925270080566e+01 2.300000000000000000e+01 1.720000000000000000e+02
2.145900000000001384e+01 6.619484925270080566e+01 2.400000000000000000e+01 1.540000000000000000e+02
2.199800000000001532e+01 6.619484925270080566e+01 2.500000000000000000e+01 1.330000000000000000e+02
2.243700000000001538e+01 6.619484925270080566e+01 2.600000000000000000e+01 1.340000000000000000e+02
2.346000000000001506e+01 6.619484925270080566e+01 2.700000000000000000e+01 1.430000000000000000e+02
2.409000000000001407e+01 6.619484925270080566e+01 2.800000000000000000e+01 1.360000000000000000e+02
2.496700000000001296e+01 6.619484925270080566e+01 2.900000000000000000e+01 3.120000000000000000e+02
2.553700000000000969e+01 6.619484925270080566e+01 3.000000000000000000e+01 1.870000000000000000e+02
2.604600000000000648e+01 6.619484925270080566e+01 3.100000000000000000e+01 2.640000000000000000e+02
2.611000000000000298e+01 6.619484925270080566e+01 3.200000000000000000e+01 1.870000000000000000e+02
2.680200000000000671e+01 6.619484925270080566e+01 3.300000000000000000e+01 2.050000000000000000e+02
2.741800000000000281e+01 6.619484925270080566e+01 3.400000000000000000e+01 1.650000000000000000e+02
2.781100000000000705e+01 6.619484925270080566e+01 3.500000000000000000e+01 2.430000000000000000e+02
2.831100000000001060e+01 6.619484925270080566e+01 3.600000000000000000e+01 2.290000000000000000e+02
2.900200000000000955e+01 6.619484925270080566e+01 3.700000000000000000e+01 3.150000000000000000e+02
2.985699999999999932e+01 6.619484925270080566e+01 3.800000000000000000e+01 2.520000000000000000e+02
3.074699999999998923e+01 6.619484925270080566e+01 3.900000000000000000e+01 3.480000000000000000e+02
3.109599999999998587e+01 6.619484925270080566e+01 4.000000000000000000e+01 3.820000000000000000e+02
3.177599999999997493e+01 6.619484925270080566e+01 4.100000000000000000e+01 3.340000000000000000e+02
3.276699999999997459e+01 6.619484925270080566e+01 4.200000000000000000e+01 5.130000000000000000e+02
3.322999999999997556e+01 6.619484925270080566e+01 4.300000000000000000e+01 3.970000000000000000e+02
3.378199999999995384e+01 6.619484925270080566e+01 4.400000000000000000e+01 6.180000000000000000e+02
3.398499999999994259e+01 6.619484925270080566e+01 4.500000000000000000e+01 4.820000000000000000e+02
3.496999999999994202e+01 6.619484925270080566e+01 4.600000000000000000e+01 4.730000000000000000e+02
3.581699999999991491e+01 6.619484925270080566e+01 4.700000000000000000e+01 6.080000000000000000e+02
3.665299999999989211e+01 6.619484925270080566e+01 4.800000000000000000e+01 6.240000000000000000e+02
3.776899999999986335e+01 6.619484925270080566e+01 4.900000000000000000e+01 7.060000000000000000e+02
3.876299999999995549e+01 6.619484925270080566e+01 5.000000000000000000e+01 7.910000000000000000e+02
3.951999999999996049e+01 6.619484925270080566e+01 5.100000000000000000e+01 9.770000000000000000e+02
3.997999999999999687e+01 6.619484925270080566e+01 5.200000000000000000e+01 6.760000000000000000e+02
4.090200000000003655e+01 6.619484925270080566e+01 5.300000000000000000e+01 1.076000000000000000e+03
4.194700000000005247e+01 6.619484925270080566e+01 5.400000000000000000e+01 1.308000000000000000e+03
4.211500000000006594e+01 6.619484925270080566e+01 5.500000000000000000e+01 7.780000000000000000e+02
4.298900000000008248e+01 6.619484925270080566e+01 5.600000000000000000e+01 1.048000000000000000e+03
4.584400000000017883e+01 6.619484925270080566e+01 5.700000000000000000e+01 1.067000000000000000e+03
4.616100000000022874e+01 6.619484925270080566e+01 5.800000000000000000e+01 1.241000000000000000e+03
4.706800000000021811e+01 6.619484925270080566e+01 5.900000000000000000e+01 2.002000000000000000e+03
4.768700000000028894e+01 6.619484925270080566e+01 6.000000000000000000e+01 1.540000000000000000e+03
4.853400000000033288e+01 6.619484925270080566e+01 6.100000000000000000e+01 2.235000000000000000e+03
4.929700000000036653e+01 6.619484925270080566e+01 6.200000000000000000e+01 1.110000000000000000e+03
5.033600000000043195e+01 6.619484925270080566e+01 6.300000000000000000e+01 1.272000000000000000e+03
5.147700000000046572e+01 6.619484925270080566e+01 6.400000000000000000e+01 1.930000000000000000e+03
5.240800000000050574e+01 6.619484925270080566e+01 6.500000000000000000e+01 1.812000000000000000e+03
5.430800000000060379e+01 6.619484925270080566e+01 6.600000000000000000e+01 1.299000000000000000e+03
5.559500000000065967e+01 6.619484925270080566e+01 6.700000000000000000e+01 1.261000000000000000e+03
5.652700000000069025e+01 6.619484925270080566e+01 6.800000000000000000e+01 1.049000000000000000e+03
6.048600000000082844e+01 6.619484925270080566e+01 6.900000000000000000e+01 1.667000000000000000e+03
6.140500000000086800e+01 6.619484925270080566e+01 7.000000000000000000e+01 2.221000000000000000e+03
6.278300000000091785e+01 6.619484925270080566e+01 7.100000000000000000e+01 7.590000000000000000e+02
6.621400000000106445e+01 6.619484925270080566e+01 7.200000000000000000e+01 2.154000000000000000e+03
6.619484925270080566e+01 6.619484925270080566e+01 0.000000000000000000e+00 0.000000000000000000e+00
6.619484925270080566e+01 6.619484925270080566e+01 0.000000000000000000e+00 0.000000000000000000e+00
3.916000000000000369e+00 6.297023630142211914e+01 0.000000000000000000e+00 1.100000000000000000e+01
4.855000000000001315e+00 6.297023630142211914e+01 1.000000000000000000e+00 1.500000000000000000e+01
5.615000000000001101e+00 6.297023630142211914e+01 2.000000000000000000e+00 1.000000000000000000e+01
6.136000000000001009e+00 6.297023630142211914e+01 3.000000000000000000e+00 2.200000000000000000e+01
6.815999999999999837e+00 6.297023630142211914e+01 4.000000000000000000e+00 2.400000000000000000e+01
7.101999999999999424e+00 6.297023630142211914e+01 5.000000000000000000e+00 2.400000000000000000e+01
7.960999999999999410e+00 6.297023630142211914e+01 6.000000000000000000e+00 4.700000000000000000e+01
8.745999999999998664e+00 6.297023630142211914e+01 7.000000000000000000e+00 3.500000000000000000e+01
9.353999999999999204e+00 6.297023630142211914e+01 8.000000000000000000e+00 4.000000000000000000e+01
9.949999999999999289e+00 6.297023630142211914e+01 9.000000000000000000e+00 5.800000000000000000e+01
1.024699999999999811e+01 6.297023630142211914e+01 1.000000000000000000e+01 9.200000000000000000e+01
1.070599999999999774e+01 6.297023630142211914e+01 1.100000000000000000e+01 8.300000000000000000e+01
1.096899999999999586e+01 6.297023630142211914e+01 1.200000000000000000e+01 7.000000000000000000e+01
1.169299999999999784e+01 6.297023630142211914e+01 1.300000000000000000e+01 8.500000000000000000e+01
1.260400000000000098e+01 6.297023630142211914e+01 1.400000000000000000e+01 1.390000000000000000e+02
1.294700000000000095e+01 6.297023630142211914e+01 1.500000000000000000e+01 8.600000000000000000e+01
1.360200000000000031e+01 6.297023630142211914e+01 1.600000000000000000e+01 9.000000000000000000e+01
1.419500000000000206e+01 6.297023630142211914e+01 1.700000000000000000e+01 1.120000000000000000e+02
1.477600000000000335e+01 6.297023630142211914e+01 1.800000000000000000e+01 1.760000000000000000e+02
1.521600000000000108e+01 6.297023630142211914e+01 1.900000000000000000e+01 1.890000000000000000e+02
1.591199999999999903e+01 6.297023630142211914e+01 2.000000000000000000e+01 1.960000000000000000e+02
1.610800000000000054e+01 6.297023630142211914e+01 2.100000000000000000e+01 2.050000000000000000e+02
1.691000000000000014e+01 6.297023630142211914e+01 2.200000000000000000e+01 1.610000000000000000e+02
1.720100000000000051e+01 6.297023630142211914e+01 2.300000000000000000e+01 1.750000000000000000e+02
1.807100000000000506e+01 6.297023630142211914e+01 2.400000000000000000e+01 2.120000000000000000e+02
1.852400000000000446e+01 6.297023630142211914e+01 2.500000000000000000e+01 2.030000000000000000e+02
2.018799999999999883e+01 6.297023630142211914e+01 2.600000000000000000e+01 2.020000000000000000e+02
2.081799999999999784e+01 6.297023630142211914e+01 2.700000000000000000e+01 2.520000000000000000e+02
2.127599999999999270e+01 6.297023630142211914e+01 2.800000000000000000e+01 3.220000000000000000e+02
2.195099999999999341e+01 6.297023630142211914e+01 2.900000000000000000e+01 2.340000000000000000e+02
2.214899999999999380e+01 6.297023630142211914e+01 3.000000000000000000e+01 3.800000000000000000e+02
2.267499999999999716e+01 6.297023630142211914e+01 3.100000000000000000e+01 3.110000000000000000e+02
2.309399999999999409e+01 6.297023630142211914e+01 3.200000000000000000e+01 2.790000000000000000e+02
2.415099999999999980e+01 6.297023630142211914e+01 3.300000000000000000e+01 2.280000000000000000e+02
2.501300000000000168e+01 6.297023630142211914e+01 3.400000000000000000e+01 3.530000000000000000e+02
2.572300000000000608e+01 6.297023630142211914e+01 3.500000000000000000e+01 3.140000000000000000e+02
2.646200000000000685e+01 6.297023630142211914e+01 3.600000000000000000e+01 3.200000000000000000e+02
2.683700000000000685e+01 6.297023630142211914e+01 3.700000000000000000e+01 3.430000000000000000e+02
2.754199999999999449e+01 6.297023630142211914e+01 3.800000000000000000e+01 3.790000000000000000e+02
2.851599999999999113e+01 6.297023630142211914e+01 3.900000000000000000e+01 5.810000000000000000e+02
2.892199999999998994e+01 6.297023630142211914e+01 4.000000000000000000e+01 3.700000000000000000e+02
3.005799999999997851e+01 6.297023630142211914e+01 4.100000000000000000e+01 3.900000000000000000e+02
3.097799999999999443e+01 6.297023630142211914e+01 4.200000000000000000e+01 5.290000000000000000e+02
3.132100000000000151e+01 6.297023630142211914e+01 4.300000000000000000e+01 4.400000000000000000e+02
3.205999999999999517e+01 6.297023630142211914e+01 4.400000000000000000e+01 8.700000000000000000e+02
3.236799999999999500e+01 6.297023630142211914e+01 4.500000000000000000e+01 4.520000000000000000e+02
3.289799999999998903e+01 6.297023630142211914e+01 4.600000000000000000e+01 4.630000000000000000e+02
3.384699999999993736e+01 6.297023630142211914e+01 4.700000000000000000e+01 7.720000000000000000e+02
3.486499999999993094e+01 6.297023630142211914e+01 4.800000000000000000e+01 6.960000000000000000e+02
3.540299999999992053e+01 6.297023630142211914e+01 4.900000000000000000e+01 5.920000000000000000e+02
3.595899999999996055e+01 6.297023630142211914e+01 5.000000000000000000e+01 6.010000000000000000e+02
3.802400000000001512e+01 6.297023630142211914e+01 5.100000000000000000e+01 1.220000000000000000e+03
3.855000000000003268e+01 6.297023630142211914e+01 5.200000000000000000e+01 1.232000000000000000e+03
3.922700000000003939e+01 6.297023630142211914e+01 5.300000000000000000e+01 1.123000000000000000e+03
3.982100000000005480e+01 6.297023630142211914e+01 5.400000000000000000e+01 9.670000000000000000e+02
4.125400000000012568e+01 6.297023630142211914e+01 5.500000000000000000e+01 1.108000000000000000e+03
4.209700000000014342e+01 6.297023630142211914e+01 5.600000000000000000e+01 1.073000000000000000e+03
4.276800000000016411e+01 6.297023630142211914e+01 5.700000000000000000e+01 1.007000000000000000e+03
4.337900000000021805e+01 6.297023630142211914e+01 5.800000000000000000e+01 1.593000000000000000e+03
4.448500000000019128e+01 6.297023630142211914e+01 5.900000000000000000e+01 1.153000000000000000e+03
4.608700000000032304e+01 6.297023630142211914e+01 6.000000000000000000e+01 1.331000000000000000e+03
4.693200000000034322e+01 6.297023630142211914e+01 6.100000000000000000e+01 1.663000000000000000e+03
4.822000000000041808e+01 6.297023630142211914e+01 6.200000000000000000e+01 9.880000000000000000e+02
4.856100000000045469e+01 6.297023630142211914e+01 6.300000000000000000e+01 1.461000000000000000e+03
5.016900000000050852e+01 6.297023630142211914e+01 6.400000000000000000e+01 1.207000000000000000e+03
5.192100000000058913e+01 6.297023630142211914e+01 6.500000000000000000e+01 2.052000000000000000e+03
5.332100000000064455e+01 6.297023630142211914e+01 6.600000000000000000e+01 9.170000000000000000e+02
5.456000000000073413e+01 6.297023630142211914e+01 6.700000000000000000e+01 7.230000000000000000e+02
5.511200000000077637e+01 6.297023630142211914e+01 6.800000000000000000e+01 1.617000000000000000e+03
5.661100000000082133e+01 6.297023630142211914e+01 6.900000000000000000e+01 2.179000000000000000e+03
5.758600000000087249e+01 6.297023630142211914e+01 7.000000000000000000e+01 7.240000000000000000e+02
5.992300000000093263e+01 6.297023630142211914e+01 7.100000000000000000e+01 4.980000000000000000e+02
6.299100000000105126e+01 6.297023630142211914e+01 7.200000000000000000e+01 1.243000000000000000e+03
6.297023630142211914e+01 6.297023630142211914e+01 0.000000000000000000e+00 0.000000000000000000e+00
6.297023630142211914e+01 6.297023630142211914e+01 0.000000000000000000e+00 0.000000000000000000e+00
