4.785999999999999588e+00 5.256427669525146484e+01 0.000000000000000000e+00 0.000000000000000000e+00
6.067999999999999616e+00 5.256427669525146484e+01 1.000000000000000000e+00 3.000000000000000000e+00
7.144000000000000128e+00 5.256427669525146484e+01 2.000000000000000000e+00 1.300000000000000000e+01
8.185999999999999943e+00 5.256427669525146484e+01 3.000000000000000000e+00 1.400000000000000000e+01
8.868999999999999773e+00 5.256427669525146484e+01 4.000000000000000000e+00 1.000000000000000000e+01
9.202999999999999403e+00 5.256427669525146484e+01 5.000000000000000000e+00 3.200000000000000000e+01
9.850999999999997314e+00 5.256427669525146484e+01 6.000000000000000000e+00 3.200000000000000000e+01
1.016899999999999871e+01 5.256427669525146484e+01 7.000000000000000000e+00 2.700000000000000000e+01
1.078400000000000070e+01 5.256427669525146484e+01 8.000000000000000000e+00 3.900000000000000000e+01
1.153299999999999947e+01 5.256427669525146484e+01 9.000000000000000000e+00 2.900000000000000000e+01
1.197400000000000020e+01 5.256427669525146484e+01 1.000000000000000000e+01 4.000000000000000000e+01
1.253099999999999881e+01 5.256427669525146484e+01 1.100000000000000000e+01 3.100000000000000000e+01
1.323600000000000065e+01 5.256427669525146484e+01 1.200000000000000000e+01 5.900000000000000000e+01
1.374499999999999922e+01 5.256427669525146484e+01 1.300000000000000000e+01 5.000000000000000000e+01
1.425100000000000122e+01 5.256427669525146484e+01 1.400000000000000000e+01 7.400000000000000000e+01
1.493399999999999928e+01 5.256427669525146484e+01 1.500000000000000000e+01 7.400000000000000000e+01
1.480199999999999783e+01 5.256427669525146484e+01 1.600000000000000000e+01 5.800000000000000000e+01
1.553200000000000003e+01 5.256427669525146484e+01 1.700000000000000000e+01 7.800000000000000000e+01
1.582600000000000229e+01 5.256427669525146484e+01 1.800000000000000000e+01 6.000000000000000000e+01
1.644399999999999906e+01 5.256427669525146484e+01 1.900000000000000000e+01 9.000000000000000000e+01
1.698499999999999943e+01 5.256427669525146484e+01 2.000000000000000000e+01 1.120000000000000000e+02
1.761499999999999844e+01 5.256427669525146484e+01 2.100000000000000000e+01 1.100000000000000000e+02
1.775600000000000023e+01 5.256427669525146484e+01 2.200000000000000000e+01 1.020000000000000000e+02
1.841699999999999804e+01 5.256427669525146484e+01 2.300000000000000000e+01 6.900000000000000000e+01
1.878500000000000014e+01 5.256427669525146484e+01 2.400000000000000000e+01 1.490000000000000000e+02
1.935200000000000387e+01 5.256427669525146484e+01 2.500000000000000000e+01 1.670000000000000000e+02
1.997500000000000142e+01 5.256427669525146484e+01 2.600000000000000000e+01 1.440000000000000000e+02
2.023300000000000409e+01 5.256427669525146484e+01 2.700000000000000000e+01 1.610000000000000000e+02
2.064999999999999858e+01 5.256427669525146484e+01 2.800000000000000000e+01 1.890000000000000000e+02
2.104999999999999716e+01 5.256427669525146484e+01 2.900000000000000000e+01 1.350000000000000000e+02
2.158900000000000574e+01 5.256427669525146484e+01 3.000000000000000000e+01 2.250000000000000000e+02
2.218500000000001293e+01 5.256427669525146484e+01 3.100000000000000000e+01 2.660000000000000000e+02
2.281500000000002260e+01 5.256427669525146484e+01 3.200000000000000000e+01 2.420000000000000000e+02
2.324300000000002697e+01 5.256427669525146484e+01 3.300000000000000000e+01 2.980000000000000000e+02
2.337800000000002498e+01 5.256427669525146484e+01 3.400000000000000000e+01 2.250000000000000000e+02
2.401400000000002422e+01 5.256427669525146484e+01 3.500000000000000000e+01 3.040000000000000000e+02
2.432900000000001839e+01 5.256427669525146484e+01 3.600000000000000000e+01 3.020000000000000000e+02
2.464300000000001845e+01 5.256427669525146484e+01 3.700000000000000000e+01 2.110000000000000000e+02
2.499400000000002819e+01 5.256427669525146484e+01 3.800000000000000000e+01 3.350000000000000000e+02
2.583200000000002916e+01 5.256427669525146484e+01 3.900000000000000000e+01 3.550000000000000000e+02
2.606200000000002248e+01 5.256427669525146484e+01 4.000000000000000000e+01 3.340000000000000000e+02
2.673000000000001108e+01 5.256427669525146484e+01 4.100000000000000000e+01 3.680000000000000000e+02
2.747400000000001086e+01 5.256427669525146484e+01 4.200000000000000000e+01 3.990000000000000000e+02
2.836400000000002564e+01 5.256427669525146484e+01 4.300000000000000000e+01 4.370000000000000000e+02
2.873900000000004340e+01 5.256427669525146484e+01 4.400000000000000000e+01 4.430000000000000000e+02
2.969000000000003681e+01 5.256427669525146484e+01 4.500000000000000000e+01 4.510000000000000000e+02
3.064300000000004331e+01 5.256427669525146484e+01 4.600000000000000000e+01 6.330000000000000000e+02
3.124400000000006372e+01 5.256427669525146484e+01 4.700000000000000000e+01 5.200000000000000000e+02
3.190700000000005687e+01 5.256427669525146484e+01 4.800000000000000000e+01 5.800000000000000000e+02
3.234700000000003683e+01 5.256427669525146484e+01 4.900000000000000000e+01 6.010000000000000000e+02
3.281900000000004525e+01 5.256427669525146484e+01 5.000000000000000000e+01 7.740000000000000000e+02
3.376000000000009038e+01 5.256427669525146484e+01 5.100000000000000000e+01 8.080000000000000000e+02
3.392300000000009419e+01 5.256427669525146484e+01 5.200000000000000000e+01 6.290000000000000000e+02
3.460900000000007992e+01 5.256427669525146484e+01 5.300000000000000000e+01 6.040000000000000000e+02
3.532100000000013296e+01 5.256427669525146484e+01 5.400000000000000000e+01 1.252000000000000000e+03
3.609500000000008413e+01 5.256427669525146484e+01 5.500000000000000000e+01 9.570000000000000000e+02
3.676800000000012147e+01 5.256427669525146484e+01 5.600000000000000000e+01 9.410000000000000000e+02
3.747600000000009146e+01 5.256427669525146484e+01 5.700000000000000000e+01 1.057000000000000000e+03
3.811600000000012756e+01 5.256427669525146484e+01 5.800000000000000000e+01 7.120000000000000000e+02
3.867600000000014404e+01 5.256427669525146484e+01 5.900000000000000000e+01 7.320000000000000000e+02
3.946000000000017138e+01 5.256427669525146484e+01 6.000000000000000000e+01 1.489000000000000000e+03
4.052200000000021163e+01 5.256427669525146484e+01 6.100000000000000000e+01 1.508000000000000000e+03
4.094300000000026074e+01 5.256427669525146484e+01 6.200000000000000000e+01 9.680000000000000000e+02
4.265500000000030667e+01 5.256427669525146484e+01 6.300000000000000000e+01 6.720000000000000000e+02
4.294900000000031781e+01 5.256427669525146484e+01 6.400000000000000000e+01 1.059000000000000000e+03
4.375600000000034839e+01 5.256427669525146484e+01 6.500000000000000000e+01 1.191000000000000000e+03
4.486500000000039279e+01 5.256427669525146484e+01 6.600000000000000000e+01 8.350000000000000000e+02
4.611700000000043076e+01 5.256427669525146484e+01 6.700000000000000000e+01 8.520000000000000000e+02
4.752800000000048897e+01 5.256427669525146484e+01 6.800000000000000000e+01 9.530000000000000000e+02
4.813000000000052125e+01 5.256427669525146484e+01 6.900000000000000000e+01 2.783000000000000000e+03
4.951700000000057145e+01 5.256427669525146484e+01 7.000000000000000000e+01 1.144000000000000000e+03
5.055200000000061067e+01 5.256427669525146484e+01 7.100000000000000000e+01 9.790000000000000000e+02
5.237100000000068434e+01 5.256427669525146484e+01 7.200000000000000000e+01 8.390000000000000000e+02
5.256427669525146484e+01 5.256427669525146484e+01 7.300000000000000000e+01 8.100000000000000000e+02
5.256427669525146484e+01 5.256427669525146484e+01 7.400000000000000000e+01 9.470000000000000000e+02
5.738999999999998991e+00 5.472621941566467285e+01 0.000000000000000000e+00 6.000000000000000000e+00
6.655999999999999694e+00 5.472621941566467285e+01 1.000000000000000000e+00 9.000000000000000000e+00
7.906999999999999140e+00 5.472621941566467285e+01 2.000000000000000000e+00 4.000000000000000000e+00
8.948999999999998067e+00 5.472621941566467285e+01 3.000000000000000000e+00 1.900000000000000000e+01
9.292999999999997485e+00 5.472621941566467285e+01 4.000000000000000000e+00 7.000000000000000000e+00
9.627999999999996561e+00 5.472621941566467285e+01 5.000000000000000000e+00 7.000000000000000000e+00
1.043599999999999461e+01 5.472621941566467285e+01 6.000000000000000000e+00 2.300000000000000000e+01
1.041299999999999493e+01 5.472621941566467285e+01 7.000000000000000000e+00 3.000000000000000000e+01
1.136899999999999267e+01 5.472621941566467285e+01 8.000000000000000000e+00 2.800000000000000000e+01
1.226699999999998880e+01 5.472621941566467285e+01 9.000000000000000000e+00 2.500000000000000000e+01
1.270499999999998764e+01 5.472621941566467285e+01 1.000000000000000000e+01 5.200000000000000000e+01
1.341299999999998960e+01 5.472621941566467285e+01 1.100000000000000000e+01 6.200000000000000000e+01
1.450999999999998913e+01 5.472621941566467285e+01 1.200000000000000000e+01 6.900000000000000000e+01
1.517999999999998906e+01 5.472621941566467285e+01 1.300000000000000000e+01 5.400000000000000000e+01
1.576899999999998947e+01 5.472621941566467285e+01 1.400000000000000000e+01 8.100000000000000000e+01
1.622299999999998832e+01 5.472621941566467285e+01 1.500000000000000000e+01 5.400000000000000000e+01
1.647099999999998943e+01 5.472621941566467285e+01 1.600000000000000000e+01 8.400000000000000000e+01
1.705599999999998317e+01 5.472621941566467285e+01 1.700000000000000000e+01 1.530000000000000000e+02
1.787399999999998101e+01 5.472621941566467285e+01 1.800000000000000000e+01 9.000000000000000000e+01
1.832199999999997786e+01 5.472621941566467285e+01 1.900000000000000000e+01 8.900000000000000000e+01
1.929599999999998161e+01 5.472621941566467285e+01 2.000000000000000000e+01 1.190000000000000000e+02
1.982099999999998019e+01 5.472621941566467285e+01 2.100000000000000000e+01 1.980000000000000000e+02
2.022899999999998144e+01 5.472621941566467285e+01 2.200000000000000000e+01 2.010000000000000000e+02
2.036199999999998056e+01 5.472621941566467285e+01 2.300000000000000000e+01 1.410000000000000000e+02
2.090799999999997993e+01 5.472621941566467285e+01 2.400000000000000000e+01 2.260000000000000000e+02
2.146099999999997721e+01 5.472621941566467285e+01 2.500000000000000000e+01 1.820000000000000000e+02
2.155199999999997829e+01 5.472621941566467285e+01 2.600000000000000000e+01 2.180000000000000000e+02
2.189699999999997715e+01 5.472621941566467285e+01 2.700000000000000000e+01 2.980000000000000000e+02
2.231199999999997630e+01 5.472621941566467285e+01 2.800000000000000000e+01 1.540000000000000000e+02
2.279199999999996962e+01 5.472621941566467285e+01 2.900000000000000000e+01 2.180000000000000000e+02
2.340699999999997871e+01 5.472621941566467285e+01 3.000000000000000000e+01 2.610000000000000000e+02
2.414599999999998658e+01 5.472621941566467285e+01 3.100000000000000000e+01 2.020000000000000000e+02
2.394399999999998840e+01 5.472621941566467285e+01 3.200000000000000000e+01 2.820000000000000000e+02
2.510499999999998622e+01 5.472621941566467285e+01 3.300000000000000000e+01 2.700000000000000000e+02
2.557199999999998496e+01 5.472621941566467285e+01 3.400000000000000000e+01 2.710000000000000000e+02
2.564899999999998315e+01 5.472621941566467285e+01 3.500000000000000000e+01 3.120000000000000000e+02
2.633099999999998175e+01 5.472621941566467285e+01 3.600000000000000000e+01 3.350000000000000000e+02
2.714399999999998059e+01 5.472621941566467285e+01 3.700000000000000000e+01 3.130000000000000000e+02
2.781199999999998340e+01 5.472621941566467285e+01 3.800000000000000000e+01 3.890000000000000000e+02
2.779299999999998150e+01 5.472621941566467285e+01 3.900000000000000000e+01 2.870000000000000000e+02
2.883299999999996643e+01 5.472621941566467285e+01 4.000000000000000000e+01 5.530000000000000000e+02
2.917499999999995808e+01 5.472621941566467285e+01 4.100000000000000000e+01 4.250000000000000000e+02
2.954799999999995563e+01 5.472621941566467285e+01 4.200000000000000000e+01 4.180000000000000000e+02
3.052399999999996538e+01 5.472621941566467285e+01 4.300000000000000000e+01 4.730000000000000000e+02
3.122699999999998610e+01 5.472621941566467285e+01 4.400000000000000000e+01 5.570000000000000000e+02
3.169199999999997885e+01 5.472621941566467285e+01 4.500000000000000000e+01 5.560000000000000000e+02
3.180499999999997485e+01 5.472621941566467285e+01 4.600000000000000000e+01 7.350000000000000000e+02
3.333699999999994645e+01 5.472621941566467285e+01 4.700000000000000000e+01 5.640000000000000000e+02
3.404299999999994242e+01 5.472621941566467285e+01 4.800000000000000000e+01 6.330000000000000000e+02
3.410299999999993759e+01 5.472621941566467285e+01 4.900000000000000000e+01 5.780000000000000000e+02
3.510199999999993281e+01 5.472621941566467285e+01 5.000000000000000000e+01 8.850000000000000000e+02
3.539799999999996061e+01 5.472621941566467285e+01 5.100000000000000000e+01 9.830000000000000000e+02
3.610300000000000864e+01 5.472621941566467285e+01 5.200000000000000000e+01 1.020000000000000000e+03
3.678599999999998715e+01 5.472621941566467285e+01 5.300000000000000000e+01 7.230000000000000000e+02
3.715400000000003189e+01 5.472621941566467285e+01 5.400000000000000000e+01 6.990000000000000000e+02
3.828999999999996362e+01 5.472621941566467285e+01 5.500000000000000000e+01 8.900000000000000000e+02
3.846100000000001984e+01 5.472621941566467285e+01 5.600000000000000000e+01 1.131000000000000000e+03
3.955499999999996419e+01 5.472621941566467285e+01 5.700000000000000000e+01 7.790000000000000000e+02
4.041300000000002512e+01 5.472621941566467285e+01 5.800000000000000000e+01 7.720000000000000000e+02
4.123100000000008691e+01 5.472621941566467285e+01 5.900000000000000000e+01 1.179000000000000000e+03
4.148800000000007060e+01 5.472621941566467285e+01 6.000000000000000000e+01 1.151000000000000000e+03
4.278000000000016456e+01 5.472621941566467285e+01 6.100000000000000000e+01 8.160000000000000000e+02
4.320600000000019492e+01 5.472621941566467285e+01 6.200000000000000000e+01 1.935000000000000000e+03
4.459700000000026421e+01 5.472621941566467285e+01 6.300000000000000000e+01 1.018000000000000000e+03
4.505800000000026984e+01 5.472621941566467285e+01 6.400000000000000000e+01 1.052000000000000000e+03
4.597100000000030207e+01 5.472621941566467285e+01 6.500000000000000000e+01 1.417000000000000000e+03
4.706300000000033634e+01 5.472621941566467285e+01 6.600000000000000000e+01 9.730000000000000000e+02
4.785500000000036636e+01 5.472621941566467285e+01 6.700000000000000000e+01 2.589000000000000000e+03
4.919600000000043849e+01 5.472621941566467285e+01 6.800000000000000000e+01 1.554000000000000000e+03
5.027700000000046998e+01 5.472621941566467285e+01 6.900000000000000000e+01 8.770000000000000000e+02
5.142600000000052063e+01 5.472621941566467285e+01 7.000000000000000000e+01 7.940000000000000000e+02
5.244900000000056650e+01 5.472621941566467285e+01 7.100000000000000000e+01 1.282000000000000000e+03
5.470400000000062590e+01 5.472621941566467285e+01 7.200000000000000000e+01 1.394000000000000000e+03
5.472621941566467285e+01 5.472621941566467285e+01 7.300000000000000000e+01 1.234000000000000000e+03
5.472621941566467285e+01 5.472621941566467285e+01 7.400000000000000000e+01 1.073000000000000000e+03
5.154000000000000803e+00 5.493393397331237793e+01 0.000000000000000000e+00 0.000000000000000000e+00
6.985000000000000320e+00 5.493393397331237793e+01 1.000000000000000000e+00 4.000000000000000000e+00
8.060999999999999943e+00 5.493393397331237793e+01 2.000000000000000000e+00 2.800000000000000000e+01
8.757999999999999119e+00 5.493393397331237793e+01 3.000000000000000000e+00 2.400000000000000000e+01
9.437999999999998835e+00 5.493393397331237793e+01 4.000000000000000000e+00 2.400000000000000000e+01
1.026799999999999713e+01 5.493393397331237793e+01 5.000000000000000000e+00 2.200000000000000000e+01
1.091499999999999737e+01 5.493393397331237793e+01 6.000000000000000000e+00 2.600000000000000000e+01
1.138899999999999757e+01 5.493393397331237793e+01 7.000000000000000000e+00 4.000000000000000000e+01
1.200199999999999712e+01 5.493393397331237793e+01 8.000000000000000000e+00 4.500000000000000000e+01
1.259899999999999487e+01 5.493393397331237793e+01 9.000000000000000000e+00 6.000000000000000000e+01
1.289199999999999413e+01 5.493393397331237793e+01 1.000000000000000000e+01 6.700000000000000000e+01
1.345899999999999430e+01 5.493393397331237793e+01 1.100000000000000000e+01 6.600000000000000000e+01
1.359899999999999487e+01 5.493393397331237793e+01 1.200000000000000000e+01 7.500000000000000000e+01
1.440199999999999392e+01 5.493393397331237793e+01 1.300000000000000000e+01 8.700000000000000000e+01
1.505399999999999494e+01 5.493393397331237793e+01 1.400000000000000000e+01 7.300000000000000000e+01
1.518399999999999572e+01 5.493393397331237793e+01 1.500000000000000000e+01 7.900000000000000000e+01
1.587699999999999534e+01 5.493393397331237793e+01 1.600000000000000000e+01 6.900000000000000000e+01
1.616399999999999437e+01 5.493393397331237793e+01 1.700000000000000000e+01 8.700000000000000000e+01
1.674099999999998900e+01 5.493393397331237793e+01 1.800000000000000000e+01 1.100000000000000000e+02
1.685599999999998744e+01 5.493393397331237793e+01 1.900000000000000000e+01 1.500000000000000000e+02
1.750699999999999079e+01 5.493393397331237793e+01 2.000000000000000000e+01 1.380000000000000000e+02
1.803599999999999071e+01 5.493393397331237793e+01 2.100000000000000000e+01 1.190000000000000000e+02
1.845099999999998985e+01 5.493393397331237793e+01 2.200000000000000000e+01 1.060000000000000000e+02
1.904399999999998627e+01 5.493393397331237793e+01 2.300000000000000000e+01 1.510000000000000000e+02
1.942699999999998539e+01 5.493393397331237793e+01 2.400000000000000000e+01 1.430000000000000000e+02
1.961399999999998300e+01 5.493393397331237793e+01 2.500000000000000000e+01 1.630000000000000000e+02
2.023599999999997934e+01 5.493393397331237793e+01 2.600000000000000000e+01 1.760000000000000000e+02
2.040999999999997883e+01 5.493393397331237793e+01 2.700000000000000000e+01 2.010000000000000000e+02
2.081599999999997763e+01 5.493393397331237793e+01 2.800000000000000000e+01 1.790000000000000000e+02
2.149199999999997246e+01 5.493393397331237793e+01 2.900000000000000000e+01 1.970000000000000000e+02
2.216499999999998138e+01 5.493393397331237793e+01 3.000000000000000000e+01 2.070000000000000000e+02
2.243799999999999173e+01 5.493393397331237793e+01 3.100000000000000000e+01 1.540000000000000000e+02
2.263999999999999702e+01 5.493393397331237793e+01 3.200000000000000000e+01 1.720000000000000000e+02
2.365200000000000458e+01 5.493393397331237793e+01 3.300000000000000000e+01 2.980000000000000000e+02
2.391800000000000637e+01 5.493393397331237793e+01 3.400000000000000000e+01 2.620000000000000000e+02
2.426400000000000290e+01 5.493393397331237793e+01 3.500000000000000000e+01 2.200000000000000000e+02
2.508999999999999275e+01 5.493393397331237793e+01 3.600000000000000000e+01 2.390000000000000000e+02
2.541199999999998838e+01 5.493393397331237793e+01 3.700000000000000000e+01 2.790000000000000000e+02
2.583299999999999130e+01 5.493393397331237793e+01 3.800000000000000000e+01 3.030000000000000000e+02
2.657999999999999474e+01 5.493393397331237793e+01 3.900000000000000000e+01 3.630000000000000000e+02
2.671399999999999153e+01 5.493393397331237793e+01 4.000000000000000000e+01 4.060000000000000000e+02
2.746999999999997399e+01 5.493393397331237793e+01 4.100000000000000000e+01 3.590000000000000000e+02
2.816399999999996950e+01 5.493393397331237793e+01 4.200000000000000000e+01 4.780000000000000000e+02
2.924399999999998556e+01 5.493393397331237793e+01 4.300000000000000000e+01 4.930000000000000000e+02
2.970700000000000429e+01 5.493393397331237793e+01 4.400000000000000000e+01 4.140000000000000000e+02
3.108899999999998798e+01 5.493393397331237793e+01 4.500000000000000000e+01 6.100000000000000000e+02
3.226999999999997470e+01 5.493393397331237793e+01 4.600000000000000000e+01 5.740000000000000000e+02
3.306700000000000728e+01 5.493393397331237793e+01 4.700000000000000000e+01 7.450000000000000000e+02
3.376199999999997914e+01 5.493393397331237793e+01 4.800000000000000000e+01 7.850000000000000000e+02
3.426799999999994384e+01 5.493393397331237793e+01 4.900000000000000000e+01 8.040000000000000000e+02
3.452599999999993940e+01 5.493393397331237793e+01 5.000000000000000000e+01 5.320000000000000000e+02
3.516099999999996584e+01 5.493393397331237793e+01 5.100000000000000000e+01 1.182000000000000000e+03
3.591600000000000392e+01 5.493393397331237793e+01 5.200000000000000000e+01 1.131000000000000000e+03
3.704699999999998283e+01 5.493393397331237793e+01 5.300000000000000000e+01 1.367000000000000000e+03
3.699599999999999511e+01 5.493393397331237793e+01 5.400000000000000000e+01 7.700000000000000000e+02
3.802199999999994873e+01 5.493393397331237793e+01 5.500000000000000000e+01 9.580000000000000000e+02
3.898000000000003951e+01 5.493393397331237793e+01 5.600000000000000000e+01 1.336000000000000000e+03
3.964400000000001967e+01 5.493393397331237793e+01 5.700000000000000000e+01 7.770000000000000000e+02
4.038700000000008572e+01 5.493393397331237793e+01 5.800000000000000000e+01 1.367000000000000000e+03
4.104900000000007765e+01 5.493393397331237793e+01 5.900000000000000000e+01 1.131000000000000000e+03
4.214200000000011670e+01 5.493393397331237793e+01 6.000000000000000000e+01 1.160000000000000000e+03
4.272300000000017661e+01 5.493393397331237793e+01 6.100000000000000000e+01 1.051000000000000000e+03
4.324600000000024380e+01 5.493393397331237793e+01 6.200000000000000000e+01 8.650000000000000000e+02
4.424500000000026745e+01 5.493393397331237793e+01 6.300000000000000000e+01 1.058000000000000000e+03
4.532300000000029172e+01 5.493393397331237793e+01 6.400000000000000000e+01 1.348000000000000000e+03
4.659700000000034947e+01 5.493393397331237793e+01 6.500000000000000000e+01 7.030000000000000000e+02
4.648600000000037369e+01 5.493393397331237793e+01 6.600000000000000000e+01 9.850000000000000000e+02
4.790000000000040359e+01 5.493393397331237793e+01 6.700000000000000000e+01 3.336000000000000000e+03
4.906300000000045003e+01 5.493393397331237793e+01 6.800000000000000000e+01 1.227000000000000000e+03
5.055200000000051119e+01 5.493393397331237793e+01 6.900000000000000000e+01 7.320000000000000000e+02
5.136200000000055610e+01 5.493393397331237793e+01 7.000000000000000000e+01 1.168000000000000000e+03
5.281900000000057815e+01 5.493393397331237793e+01 7.100000000000000000e+01 1.338000000000000000e+03
5.494700000000065643e+01 5.493393397331237793e+01 7.200000000000000000e+01 1.701000000000000000e+03
5.493393397331237793e+01 5.493393397331237793e+01 7.300000000000000000e+01 4.640000000000000000e+02
5.493393397331237793e+01 5.493393397331237793e+01 7.400000000000000000e+01 1.248000000000000000e+03
4.594999999999999751e+00 5.206431078910827637e+01 0.000000000000000000e+00 1.300000000000000000e+01
5.695999999999999730e+00 5.206431078910827637e+01 1.000000000000000000e+00 1.500000000000000000e+01
6.411999999999999922e+00 5.206431078910827637e+01 2.000000000000000000e+00 1.000000000000000000e+01
6.764000000000000234e+00 5.206431078910827637e+01 3.000000000000000000e+00 2.300000000000000000e+01
7.444999999999999396e+00 5.206431078910827637e+01 4.000000000000000000e+00 2.700000000000000000e+01
8.272999999999999687e+00 5.206431078910827637e+01 5.000000000000000000e+00 2.700000000000000000e+01
9.086000000000000298e+00 5.206431078910827637e+01 6.000000000000000000e+00 3.600000000000000000e+01
9.717000000000002302e+00 5.206431078910827637e+01 7.000000000000000000e+00 3.900000000000000000e+01
1.001500000000000234e+01 5.206431078910827637e+01 8.000000000000000000e+00 3.900000000000000000e+01
1.063200000000000323e+01 5.206431078910827637e+01 9.000000000000000000e+00 4.300000000000000000e+01
1.135700000000000287e+01 5.206431078910827637e+01 1.000000000000000000e+01 5.000000000000000000e+01
1.192500000000000249e+01 5.206431078910827637e+01 1.100000000000000000e+01 6.700000000000000000e+01
1.220600000000000129e+01 5.206431078910827637e+01 1.200000000000000000e+01 6.700000000000000000e+01
1.260599999999999987e+01 5.206431078910827637e+01 1.300000000000000000e+01 4.400000000000000000e+01
1.320499999999999652e+01 5.206431078910827637e+01 1.400000000000000000e+01 8.800000000000000000e+01
1.363599999999999746e+01 5.206431078910827637e+01 1.500000000000000000e+01 6.300000000000000000e+01
1.394099999999999895e+01 5.206431078910827637e+01 1.600000000000000000e+01 8.500000000000000000e+01
1.456900000000000261e+01 5.206431078910827637e+01 1.700000000000000000e+01 6.500000000000000000e+01
1.529200000000000337e+01 5.206431078910827637e+01 1.800000000000000000e+01 9.500000000000000000e+01
1.618100000000000449e+01 5.206431078910827637e+01 1.900000000000000000e+01 1.120000000000000000e+02
1.682700000000000173e+01 5.206431078910827637e+01 2.000000000000000000e+01 1.120000000000000000e+02
1.714300000000000068e+01 5.206431078910827637e+01 2.100000000000000000e+01 7.700000000000000000e+01
1.744899999999999807e+01 5.206431078910827637e+01 2.200000000000000000e+01 1.200000000000000000e+02
1.793900000000000006e+01 5.206431078910827637e+01 2.300000000000000000e+01 1.290000000000000000e+02
1.850900000000000034e+01 5.206431078910827637e+01 2.400000000000000000e+01 1.340000000000000000e+02
1.869400000000000261e+01 5.206431078910827637e+01 2.500000000000000000e+01 1.280000000000000000e+02
1.898500000000000298e+01 5.206431078910827637e+01 2.600000000000000000e+01 1.250000000000000000e+02
1.936300000000000310e+01 5.206431078910827637e+01 2.700000000000000000e+01 1.530000000000000000e+02
2.005200000000000315e+01 5.206431078910827637e+01 2.800000000000000000e+01 1.990000000000000000e+02
2.085400000000000631e+01 5.206431078910827637e+01 2.900000000000000000e+01 1.760000000000000000e+02
2.069400000000000617e+01 5.206431078910827637e+01 3.000000000000000000e+01 1.310000000000000000e+02
2.174400000000001398e+01 5.206431078910827637e+01 3.100000000000000000e+01 2.560000000000000000e+02
2.217500000000001847e+01 5.206431078910827637e+01 3.200000000000000000e+01 2.390000000000000000e+02
2.264700000000002689e+01 5.206431078910827637e+01 3.300000000000000000e+01 2.380000000000000000e+02
2.276800000000002555e+01 5.206431078910827637e+01 3.400000000000000000e+01 2.840000000000000000e+02
2.337300000000002242e+01 5.206431078910827637e+01 3.500000000000000000e+01 2.610000000000000000e+02
2.389500000000001734e+01 5.206431078910827637e+01 3.600000000000000000e+01 2.940000000000000000e+02
2.447900000000001697e+01 5.206431078910827637e+01 3.700000000000000000e+01 2.110000000000000000e+02
2.509600000000001785e+01 5.206431078910827637e+01 3.800000000000000000e+01 2.820000000000000000e+02
2.547000000000002018e+01 5.206431078910827637e+01 3.900000000000000000e+01 3.670000000000000000e+02
2.618400000000000816e+01 5.206431078910827637e+01 4.000000000000000000e+01 3.550000000000000000e+02
2.658899999999999864e+01 5.206431078910827637e+01 4.100000000000000000e+01 3.350000000000000000e+02
2.739299999999999358e+01 5.206431078910827637e+01 4.200000000000000000e+01 5.490000000000000000e+02
2.827500000000000213e+01 5.206431078910827637e+01 4.300000000000000000e+01 4.150000000000000000e+02
2.894500000000001450e+01 5.206431078910827637e+01 4.400000000000000000e+01 4.880000000000000000e+02
2.977200000000001978e+01 5.206431078910827637e+01 4.500000000000000000e+01 5.320000000000000000e+02
2.961200000000001964e+01 5.206431078910827637e+01 4.600000000000000000e+01 6.010000000000000000e+02
3.063700000000003598e+01 5.206431078910827637e+01 4.700000000000000000e+01 5.510000000000000000e+02
3.097600000000003106e+01 5.206431078910827637e+01 4.800000000000000000e+01 5.140000000000000000e+02
3.137900000000002976e+01 5.206431078910827637e+01 4.900000000000000000e+01 5.910000000000000000e+02
3.196800000000003550e+01 5.206431078910827637e+01 5.000000000000000000e+01 6.770000000000000000e+02
3.241700000000005133e+01 5.206431078910827637e+01 5.100000000000000000e+01 6.060000000000000000e+02
3.301800000000008595e+01 5.206431078910827637e+01 5.200000000000000000e+01 6.880000000000000000e+02
3.378000000000005087e+01 5.206431078910827637e+01 5.300000000000000000e+01 8.360000000000000000e+02
3.415700000000007464e+01 5.206431078910827637e+01 5.400000000000000000e+01 7.010000000000000000e+02
3.500800000000004530e+01 5.206431078910827637e+01 5.500000000000000000e+01 7.490000000000000000e+02
3.553900000000009385e+01 5.206431078910827637e+01 5.600000000000000000e+01 1.103000000000000000e+03
3.661000000000002785e+01 5.206431078910827637e+01 5.700000000000000000e+01 7.540000000000000000e+02
3.686700000000007549e+01 5.206431078910827637e+01 5.800000000000000000e+01 8.750000000000000000e+02
3.728400000000006997e+01 5.206431078910827637e+01 5.900000000000000000e+01 6.300000000000000000e+02
3.835400000000011289e+01 5.206431078910827637e+01 6.000000000000000000e+01 9.340000000000000000e+02
3.904500000000016513e+01 5.206431078910827637e+01 6.100000000000000000e+01 8.420000000000000000e+02
4.012900000000020384e+01 5.206431078910827637e+01 6.200000000000000000e+01 1.119000000000000000e+03
4.144700000000025142e+01 5.206431078910827637e+01 6.300000000000000000e+01 9.800000000000000000e+02
4.191200000000027615e+01 5.206431078910827637e+01 6.400000000000000000e+01 8.790000000000000000e+02
4.368100000000033845e+01 5.206431078910827637e+01 6.500000000000000000e+01 9.160000000000000000e+02
4.431500000000036010e+01 5.206431078910827637e+01 6.600000000000000000e+01 1.469000000000000000e+03
4.530400000000039995e+01 5.206431078910827637e+01 6.700000000000000000e+01 9.530000000000000000e+02
4.614000000000044110e+01 5.206431078910827637e+01 6.800000000000000000e+01 1.111000000000000000e+03
4.733900000000048180e+01 5.206431078910827637e+01 6.900000000000000000e+01 3.019000000000000000e+03
4.831100000000051864e+01 5.206431078910827637e+01 7.000000000000000000e+01 1.282000000000000000e+03
4.975900000000056878e+01 5.206431078910827637e+01 7.100000000000000000e+01 8.000000000000000000e+02
5.185300000000064813e+01 5.206431078910827637e+01 7.200000000000000000e+01 9.380000000000000000e+02
5.206431078910827637e+01 5.206431078910827637e+01 7.300000000000000000e+01 1.079000000000000000e+03
5.206431078910827637e+01 5.206431078910827637e+01 7.400000000000000000e+01 2.083000000000000000e+03
5.161999999999999922e+00 5.116818475723266602e+01 0.000000000000000000e+00 8.000000000000000000e+00
6.628000000000001890e+00 5.116818475723266602e+01 1.000000000000000000e+00 1.400000000000000000e+01
7.167000000000002480e+00 5.116818475723266602e+01 2.000000000000000000e+00 1.700000000000000000e+01
7.695000000000002949e+00 5.116818475723266602e+01 3.000000000000000000e+00 3.100000000000000000e+01
8.546000000000004704e+00 5.116818475723266602e+01 4.000000000000000000e+00 2.000000000000000000e+01
8.880000000000004334e+00 5.116818475723266602e+01 5.000000000000000000e+00 3.300000000000000000e+01
9.369000000000005102e+00 5.116818475723266602e+01 6.000000000000000000e+00 3.900000000000000000e+01
1.031400000000000539e+01 5.116818475723266602e+01 7.000000000000000000e+00 2.900000000000000000e+01
1.060600000000000520e+01 5.116818475723266602e+01 8.000000000000000000e+00 3.400000000000000000e+01
1.137300000000000288e+01 5.116818475723266602e+01 9.000000000000000000e+00 4.400000000000000000e+01
1.181200000000000117e+01 5.116818475723266602e+01 1.000000000000000000e+01 3.900000000000000000e+01
1.223800000000000132e+01 5.116818475723266602e+01 1.100000000000000000e+01 5.300000000000000000e+01
1.247799999999999798e+01 5.116818475723266602e+01 1.200000000000000000e+01 7.400000000000000000e+01
1.332099999999999795e+01 5.116818475723266602e+01 1.300000000000000000e+01 8.500000000000000000e+01
1.409999999999999964e+01 5.116818475723266602e+01 1.400000000000000000e+01 8.800000000000000000e+01
1.473199999999999932e+01 5.116818475723266602e+01 1.500000000000000000e+01 6.000000000000000000e+01
1.518900000000000006e+01 5.116818475723266602e+01 1.600000000000000000e+01 6.600000000000000000e+01
1.570500000000000007e+01 5.116818475723266602e+01 1.700000000000000000e+01 8.600000000000000000e+01
1.605399999999999849e+01 5.116818475723266602e+01 1.800000000000000000e+01 1.180000000000000000e+02
1.645299999999999940e+01 5.116818475723266602e+01 1.900000000000000000e+01 1.040000000000000000e+02
1.694200000000000017e+01 5.116818475723266602e+01 2.000000000000000000e+01 1.400000000000000000e+02
1.757199999999999918e+01 5.116818475723266602e+01 2.100000000000000000e+01 9.500000000000000000e+01
1.744099999999999895e+01 5.116818475723266602e+01 2.200000000000000000e+01 1.040000000000000000e+02
1.826999999999999602e+01 5.116818475723266602e+01 2.300000000000000000e+01 1.030000000000000000e+02
1.874799999999999045e+01 5.116818475723266602e+01 2.400000000000000000e+01 1.470000000000000000e+02
1.930099999999998772e+01 5.116818475723266602e+01 2.500000000000000000e+01 1.410000000000000000e+02
1.983399999999998897e+01 5.116818475723266602e+01 2.600000000000000000e+01 1.490000000000000000e+02
2.026399999999998869e+01 5.116818475723266602e+01 2.700000000000000000e+01 1.640000000000000000e+02
2.041199999999998482e+01 5.116818475723266602e+01 2.800000000000000000e+01 1.510000000000000000e+02
2.111799999999998079e+01 5.116818475723266602e+01 2.900000000000000000e+01 1.380000000000000000e+02
2.170299999999998519e+01 5.116818475723266602e+01 3.000000000000000000e+01 1.750000000000000000e+02
2.236899999999999622e+01 5.116818475723266602e+01 3.100000000000000000e+01 1.940000000000000000e+02
2.265600000000000236e+01 5.116818475723266602e+01 3.200000000000000000e+01 1.480000000000000000e+02
2.289100000000000534e+01 5.116818475723266602e+01 3.300000000000000000e+01 1.430000000000000000e+02
2.379300000000000637e+01 5.116818475723266602e+01 3.400000000000000000e+01 4.180000000000000000e+02
2.417300000000000537e+01 5.116818475723266602e+01 3.500000000000000000e+01 2.330000000000000000e+02
2.451100000000000634e+01 5.116818475723266602e+01 3.600000000000000000e+01 2.080000000000000000e+02
2.519000000000000128e+01 5.116818475723266602e+01 3.700000000000000000e+01 2.790000000000000000e+02
2.580300000000000438e+01 5.116818475723266602e+01 3.800000000000000000e+01 4.390000000000000000e+02
2.666400000000000503e+01 5.116818475723266602e+01 3.900000000000000000e+01 3.280000000000000000e+02
2.661400000000000432e+01 5.116818475723266602e+01 4.000000000000000000e+01 3.080000000000000000e+02
2.753199999999998937e+01 5.116818475723266602e+01 4.100000000000000000e+01 3.850000000000000000e+02
2.773899999999998656e+01 5.116818475723266602e+01 4.200000000000000000e+01 2.980000000000000000e+02
2.831099999999999639e+01 5.116818475723266602e+01 4.300000000000000000e+01 5.100000000000000000e+02
2.865700000000001069e+01 5.116818475723266602e+01 4.400000000000000000e+01 5.230000000000000000e+02
2.995000000000000639e+01 5.116818475723266602e+01 4.500000000000000000e+01 4.070000000000000000e+02
3.054400000000001114e+01 5.116818475723266602e+01 4.600000000000000000e+01 4.890000000000000000e+02
3.094800000000001816e+01 5.116818475723266602e+01 4.700000000000000000e+01 4.490000000000000000e+02
3.146200000000001040e+01 5.116818475723266602e+01 4.800000000000000000e+01 6.060000000000000000e+02
3.214200000000000301e+01 5.116818475723266602e+01 4.900000000000000000e+01 6.130000000000000000e+02
3.246000000000000796e+01 5.116818475723266602e+01 5.000000000000000000e+01 6.300000000000000000e+02
3.318600000000001415e+01 5.116818475723266602e+01 5.100000000000000000e+01 5.070000000000000000e+02
3.375700000000003342e+01 5.116818475723266602e+01 5.200000000000000000e+01 5.250000000000000000e+02
3.421800000000003195e+01 5.116818475723266602e+01 5.300000000000000000e+01 5.980000000000000000e+02
3.501400000000007395e+01 5.116818475723266602e+01 5.400000000000000000e+01 7.080000000000000000e+02
3.590900000000004155e+01 5.116818475723266602e+01 5.500000000000000000e+01 7.060000000000000000e+02
3.635300000000007969e+01 5.116818475723266602e+01 5.600000000000000000e+01 9.050000000000000000e+02
3.722300000000003450e+01 5.116818475723266602e+01 5.700000000000000000e+01 7.220000000000000000e+02
3.811800000000008026e+01 5.116818475723266602e+01 5.800000000000000000e+01 8.540000000000000000e+02
3.903900000000008674e+01 5.116818475723266602e+01 5.900000000000000000e+01 6.470000000000000000e+02
3.983800000000011465e+01 5.116818475723266602e+01 6.000000000000000000e+01 7.430000000000000000e+02
4.038500000000017565e+01 5.116818475723266602e+01 6.100000000000000000e+01 1.567000000000000000e+03
4.108800000000020702e+01 5.116818475723266602e+01 6.200000000000000000e+01 1.278000000000000000e+03
4.193100000000023186e+01 5.116818475723266602e+01 6.300000000000000000e+01 2.198000000000000000e+03
4.286200000000025767e+01 5.116818475723266602e+01 6.400000000000000000e+01 1.968000000000000000e+03
4.353600000000029269e+01 5.116818475723266602e+01 6.500000000000000000e+01 8.030000000000000000e+02
4.424400000000033373e+01 5.116818475723266602e+01 6.600000000000000000e+01 8.270000000000000000e+02
4.560100000000036147e+01 5.116818475723266602e+01 6.700000000000000000e+01 9.780000000000000000e+02
4.629600000000041859e+01 5.116818475723266602e+01 6.800000000000000000e+01 1.149000000000000000e+03
4.784200000000045350e+01 5.116818475723266602e+01 6.900000000000000000e+01 7.910000000000000000e+02
4.894800000000048357e+01 5.116818475723266602e+01 7.000000000000000000e+01 8.660000000000000000e+02
4.977200000000054558e+01 5.116818475723266602e+01 7.100000000000000000e+01 7.140000000000000000e+02
5.111700000000057997e+01 5.116818475723266602e+01 7.200000000000000000e+01 1.124000000000000000e+03
5.116818475723266602e+01 5.116818475723266602e+01 7.300000000000000000e+01 9.030000000000000000e+02
5.116818475723266602e+01 5.116818475723266602e+01 7.400000000000000000e+01 7.200000000000000000e+02
4.201999999999999069e+00 5.375070595741271973e+01 0.000000000000000000e+00 0.000000000000000000e+00
5.671000000000000263e+00 5.375070595741271973e+01 1.000000000000000000e+00 7.000000000000000000e+00
6.745999999999999552e+00 5.375070595741271973e+01 2.000000000000000000e+00 1.700000000000000000e+01
7.791999999999999815e+00 5.375070595741271973e+01 3.000000000000000000e+00 2.400000000000000000e+01
7.963999999999999524e+00 5.375070595741271973e+01 4.000000000000000000e+00 2.100000000000000000e+01
8.798999999999997712e+00 5.375070595741271973e+01 5.000000000000000000e+00 2.900000000000000000e+01
9.442999999999997840e+00 5.375070595741271973e+01 6.000000000000000000e+00 2.300000000000000000e+01
1.007300000000000040e+01 5.375070595741271973e+01 7.000000000000000000e+00 3.600000000000000000e+01
1.068700000000000117e+01 5.375070595741271973e+01 8.000000000000000000e+00 3.600000000000000000e+01
1.109799999999999898e+01 5.375070595741271973e+01 9.000000000000000000e+00 3.400000000000000000e+01
1.113099999999999845e+01 5.375070595741271973e+01 1.000000000000000000e+01 5.300000000000000000e+01
1.213499999999999979e+01 5.375070595741271973e+01 1.100000000000000000e+01 5.500000000000000000e+01
1.213499999999999979e+01 5.375070595741271973e+01 1.200000000000000000e+01 5.500000000000000000e+01
1.293800000000000061e+01 5.375070595741271973e+01 1.300000000000000000e+01 7.600000000000000000e+01
1.358900000000000041e+01 5.375070595741271973e+01 1.400000000000000000e+01 5.600000000000000000e+01
1.372000000000000064e+01 5.375070595741271973e+01 1.500000000000000000e+01 5.300000000000000000e+01
1.445500000000000007e+01 5.375070595741271973e+01 1.600000000000000000e+01 5.600000000000000000e+01
1.445199999999999996e+01 5.375070595741271973e+01 1.700000000000000000e+01 6.300000000000000000e+01
1.550200000000000422e+01 5.375070595741271973e+01 1.800000000000000000e+01 8.100000000000000000e+01
1.561700000000000443e+01 5.375070595741271973e+01 1.900000000000000000e+01 7.100000000000000000e+01
1.593100000000000627e+01 5.375070595741271973e+01 2.000000000000000000e+01 1.080000000000000000e+02
1.654200000000000870e+01 5.375070595741271973e+01 2.100000000000000000e+01 6.500000000000000000e+01
1.730200000000001026e+01 5.375070595741271973e+01 2.200000000000000000e+01 7.100000000000000000e+01
1.789500000000001023e+01 5.375070595741271973e+01 2.300000000000000000e+01 1.610000000000000000e+02
1.855900000000001171e+01 5.375070595741271973e+01 2.400000000000000000e+01 1.150000000000000000e+02
1.920300000000001006e+01 5.375070595741271973e+01 2.500000000000000000e+01 1.340000000000000000e+02
1.961300000000001376e+01 5.375070595741271973e+01 2.600000000000000000e+01 1.470000000000000000e+02
2.020100000000000762e+01 5.375070595741271973e+01 2.700000000000000000e+01 1.030000000000000000e+02
2.105600000000000804e+01 5.375070595741271973e+01 2.800000000000000000e+01 2.040000000000000000e+02
2.102500000000000568e+01 5.375070595741271973e+01 2.900000000000000000e+01 1.360000000000000000e+02
2.191300000000001447e+01 5.375070595741271973e+01 3.000000000000000000e+01 1.600000000000000000e+02
2.214700000000001978e+01 5.375070595741271973e+01 3.100000000000000000e+01 2.060000000000000000e+02
2.278600000000002623e+01 5.375070595741271973e+01 3.200000000000000000e+01 1.150000000000000000e+02
2.347000000000003794e+01 5.375070595741271973e+01 3.300000000000000000e+01 2.620000000000000000e+02
2.393300000000003536e+01 5.375070595741271973e+01 3.400000000000000000e+01 2.400000000000000000e+02
2.438600000000002765e+01 5.375070595741271973e+01 3.500000000000000000e+01 1.610000000000000000e+02
2.475800000000002754e+01 5.375070595741271973e+01 3.600000000000000000e+01 1.540000000000000000e+02
2.562800000000002143e+01 5.375070595741271973e+01 3.700000000000000000e+01 2.470000000000000000e+02
2.568600000000002126e+01 5.375070595741271973e+01 3.800000000000000000e+01 1.990000000000000000e+02
2.626200000000001467e+01 5.375070595741271973e+01 3.900000000000000000e+01 3.170000000000000000e+02
2.694300000000000495e+01 5.375070595741271973e+01 4.000000000000000000e+01 2.410000000000000000e+02
2.708800000000000097e+01 5.375070595741271973e+01 4.100000000000000000e+01 2.570000000000000000e+02
2.780599999999999739e+01 5.375070595741271973e+01 4.200000000000000000e+01 2.500000000000000000e+02
2.826200000000000756e+01 5.375070595741271973e+01 4.300000000000000000e+01 3.630000000000000000e+02
2.926500000000002899e+01 5.375070595741271973e+01 4.400000000000000000e+01 4.700000000000000000e+02
3.008700000000002817e+01 5.375070595741271973e+01 4.500000000000000000e+01 3.860000000000000000e+02
3.043000000000002814e+01 5.375070595741271973e+01 4.600000000000000000e+01 2.820000000000000000e+02
3.104100000000004655e+01 5.375070595741271973e+01 4.700000000000000000e+01 4.490000000000000000e+02
3.148600000000003973e+01 5.375070595741271973e+01 4.800000000000000000e+01 3.850000000000000000e+02
3.190100000000003888e+01 5.375070595741271973e+01 4.900000000000000000e+01 5.470000000000000000e+02
3.263200000000003342e+01 5.375070595741271973e+01 5.000000000000000000e+01 8.030000000000000000e+02
3.321200000000005303e+01 5.375070595741271973e+01 5.100000000000000000e+01 6.890000000000000000e+02
3.384300000000006747e+01 5.375070595741271973e+01 5.200000000000000000e+01 5.250000000000000000e+02
3.430300000000006833e+01 5.375070595741271973e+01 5.300000000000000000e+01 1.249000000000000000e+03
3.509000000000012420e+01 5.375070595741271973e+01 5.400000000000000000e+01 5.170000000000000000e+02
3.577700000000007208e+01 5.375070595741271973e+01 5.500000000000000000e+01 6.990000000000000000e+02
3.673300000000015331e+01 5.375070595741271973e+01 5.600000000000000000e+01 9.440000000000000000e+02
3.765700000000011016e+01 5.375070595741271973e+01 5.700000000000000000e+01 7.270000000000000000e+02
3.817300000000017945e+01 5.375070595741271973e+01 5.800000000000000000e+01 5.730000000000000000e+02
3.952000000000022339e+01 5.375070595741271973e+01 5.900000000000000000e+01 5.900000000000000000e+02
4.012600000000025346e+01 5.375070595741271973e+01 6.000000000000000000e+01 1.379000000000000000e+03
4.094600000000030349e+01 5.375070595741271973e+01 6.100000000000000000e+01 1.143000000000000000e+03
4.178400000000032577e+01 5.375070595741271973e+01 6.200000000000000000e+01 8.900000000000000000e+02
4.315700000000038727e+01 5.375070595741271973e+01 6.300000000000000000e+01 7.340000000000000000e+02
4.369800000000041962e+01 5.375070595741271973e+01 6.400000000000000000e+01 1.360000000000000000e+03
4.500900000000047640e+01 5.375070595741271973e+01 6.500000000000000000e+01 1.074000000000000000e+03
4.569400000000050710e+01 5.375070595741271973e+01 6.600000000000000000e+01 4.750000000000000000e+02
4.688500000000051671e+01 5.375070595741271973e+01 6.700000000000000000e+01 2.337000000000000000e+03
4.825200000000057088e+01 5.375070595741271973e+01 6.800000000000000000e+01 3.870000000000000000e+02
4.932300000000062568e+01 5.375070595741271973e+01 6.900000000000000000e+01 7.920000000000000000e+02
5.062500000000066080e+01 5.375070595741271973e+01 7.000000000000000000e+01 1.218000000000000000e+03
5.155400000000071259e+01 5.375070595741271973e+01 7.100000000000000000e+01 1.202000000000000000e+03
5.339900000000080382e+01 5.375070595741271973e+01 7.200000000000000000e+01 1.328000000000000000e+03
5.375070595741271973e+01 5.375070595741271973e+01 7.300000000000000000e+01 9.450000000000000000e+02
5.375070595741271973e+01 5.375070595741271973e+01 7.400000000000000000e+01 1.116000000000000000e+03
3.128999999999999559e+00 4.945003294944763184e+01 0.000000000000000000e+00 0.000000000000000000e+00
5.352999999999998870e+00 4.945003294944763184e+01 1.000000000000000000e+00 3.000000000000000000e+00
5.555999999999999162e+00 4.945003294944763184e+01 2.000000000000000000e+00 1.000000000000000000e+01
6.269999999999998685e+00 4.945003294944763184e+01 3.000000000000000000e+00 2.400000000000000000e+01
7.293999999999998707e+00 4.945003294944763184e+01 4.000000000000000000e+00 2.600000000000000000e+01
8.295999999999999375e+00 4.945003294944763184e+01 5.000000000000000000e+00 3.400000000000000000e+01
9.268999999999998352e+00 4.945003294944763184e+01 6.000000000000000000e+00 4.200000000000000000e+01
9.416999999999996263e+00 4.945003294944763184e+01 7.000000000000000000e+00 3.900000000000000000e+01
1.035499999999999687e+01 4.945003294944763184e+01 8.000000000000000000e+00 6.500000000000000000e+01
1.050799999999999734e+01 4.945003294944763184e+01 9.000000000000000000e+00 3.700000000000000000e+01
1.123699999999999655e+01 4.945003294944763184e+01 1.000000000000000000e+01 6.000000000000000000e+01
1.123699999999999655e+01 4.945003294944763184e+01 1.100000000000000000e+01 4.000000000000000000e+01
1.158999999999999631e+01 4.945003294944763184e+01 1.200000000000000000e+01 6.500000000000000000e+01
1.232799999999999585e+01 4.945003294944763184e+01 1.300000000000000000e+01 7.600000000000000000e+01
1.241399999999999260e+01 4.945003294944763184e+01 1.400000000000000000e+01 5.400000000000000000e+01
1.331899999999999018e+01 4.945003294944763184e+01 1.500000000000000000e+01 6.300000000000000000e+01
1.396699999999999164e+01 4.945003294944763184e+01 1.600000000000000000e+01 7.100000000000000000e+01
1.396399999999999153e+01 4.945003294944763184e+01 1.700000000000000000e+01 6.400000000000000000e+01
1.443899999999999118e+01 4.945003294944763184e+01 1.800000000000000000e+01 8.700000000000000000e+01
1.510999999999999233e+01 4.945003294944763184e+01 1.900000000000000000e+01 1.130000000000000000e+02
1.532899999999999352e+01 4.945003294944763184e+01 2.000000000000000000e+01 1.020000000000000000e+02
1.596199999999999264e+01 4.945003294944763184e+01 2.100000000000000000e+01 8.500000000000000000e+01
1.626899999999999480e+01 4.945003294944763184e+01 2.200000000000000000e+01 7.500000000000000000e+01
1.653099999999999170e+01 4.945003294944763184e+01 2.300000000000000000e+01 1.340000000000000000e+02
1.725299999999998946e+01 4.945003294944763184e+01 2.400000000000000000e+01 1.420000000000000000e+02
1.753399999999999181e+01 4.945003294944763184e+01 2.500000000000000000e+01 1.530000000000000000e+02
1.806699999999998951e+01 4.945003294944763184e+01 2.600000000000000000e+01 1.250000000000000000e+02
1.892599999999998772e+01 4.945003294944763184e+01 2.700000000000000000e+01 2.030000000000000000e+02
1.958599999999998431e+01 4.945003294944763184e+01 2.800000000000000000e+01 1.990000000000000000e+02
2.015299999999997738e+01 4.945003294944763184e+01 2.900000000000000000e+01 1.630000000000000000e+02
2.069199999999998241e+01 4.945003294944763184e+01 3.000000000000000000e+01 2.130000000000000000e+02
2.091699999999998738e+01 4.945003294944763184e+01 3.100000000000000000e+01 2.570000000000000000e+02
2.112699999999998823e+01 4.945003294944763184e+01 3.200000000000000000e+01 2.250000000000000000e+02
2.196699999999999164e+01 4.945003294944763184e+01 3.300000000000000000e+01 2.760000000000000000e+02
2.234499999999999176e+01 4.945003294944763184e+01 3.400000000000000000e+01 1.570000000000000000e+02
2.269399999999998840e+01 4.945003294944763184e+01 3.500000000000000000e+01 2.380000000000000000e+02
2.314999999999998437e+01 4.945003294944763184e+01 3.600000000000000000e+01 2.270000000000000000e+02
2.351699999999998525e+01 4.945003294944763184e+01 3.700000000000000000e+01 3.480000000000000000e+02
2.429499999999998749e+01 4.945003294944763184e+01 3.800000000000000000e+01 2.990000000000000000e+02
2.445199999999998752e+01 4.945003294944763184e+01 3.900000000000000000e+01 4.000000000000000000e+02
2.486099999999997578e+01 4.945003294944763184e+01 4.000000000000000000e+01 3.240000000000000000e+02
2.534699999999996578e+01 4.945003294944763184e+01 4.100000000000000000e+01 3.470000000000000000e+02
2.606899999999996709e+01 4.945003294944763184e+01 4.200000000000000000e+01 2.660000000000000000e+02
2.651199999999997203e+01 4.945003294944763184e+01 4.300000000000000000e+01 3.050000000000000000e+02
2.678199999999998582e+01 4.945003294944763184e+01 4.400000000000000000e+01 5.030000000000000000e+02
2.790499999999997982e+01 4.945003294944763184e+01 4.500000000000000000e+01 4.660000000000000000e+02
2.855099999999998062e+01 4.945003294944763184e+01 4.600000000000000000e+01 5.370000000000000000e+02
2.890999999999998593e+01 4.945003294944763184e+01 4.700000000000000000e+01 4.680000000000000000e+02
2.937599999999997280e+01 4.945003294944763184e+01 4.800000000000000000e+01 5.100000000000000000e+02
2.995599999999997110e+01 4.945003294944763184e+01 4.900000000000000000e+01 5.970000000000000000e+02
3.071999999999997755e+01 4.945003294944763184e+01 5.000000000000000000e+01 5.600000000000000000e+02
3.170899999999996055e+01 4.945003294944763184e+01 5.100000000000000000e+01 5.110000000000000000e+02
3.219399999999997419e+01 4.945003294944763184e+01 5.200000000000000000e+01 7.600000000000000000e+02
3.282799999999997453e+01 4.945003294944763184e+01 5.300000000000000000e+01 6.330000000000000000e+02
3.315700000000001069e+01 4.945003294944763184e+01 5.400000000000000000e+01 5.510000000000000000e+02
3.406000000000000227e+01 4.945003294944763184e+01 5.500000000000000000e+01 9.510000000000000000e+02
3.490100000000008151e+01 4.945003294944763184e+01 5.600000000000000000e+01 8.600000000000000000e+02
3.560200000000004650e+01 4.945003294944763184e+01 5.700000000000000000e+01 9.960000000000000000e+02
3.671200000000013119e+01 4.945003294944763184e+01 5.800000000000000000e+01 9.280000000000000000e+02
3.689300000000013569e+01 4.945003294944763184e+01 5.900000000000000000e+01 7.290000000000000000e+02
3.802700000000016445e+01 4.945003294944763184e+01 6.000000000000000000e+01 1.033000000000000000e+03
3.844100000000020145e+01 4.945003294944763184e+01 6.100000000000000000e+01 9.430000000000000000e+02
3.941600000000023840e+01 4.945003294944763184e+01 6.200000000000000000e+01 7.530000000000000000e+02
4.007500000000026574e+01 4.945003294944763184e+01 6.300000000000000000e+01 1.687000000000000000e+03
4.090100000000029468e+01 4.945003294944763184e+01 6.400000000000000000e+01 9.450000000000000000e+02
4.182900000000032747e+01 4.945003294944763184e+01 6.500000000000000000e+01 9.340000000000000000e+02
4.271400000000036101e+01 4.945003294944763184e+01 6.600000000000000000e+01 1.514000000000000000e+03
4.373900000000040222e+01 4.945003294944763184e+01 6.700000000000000000e+01 7.480000000000000000e+02
4.499300000000044264e+01 4.945003294944763184e+01 6.800000000000000000e+01 7.550000000000000000e+02
4.597400000000048692e+01 4.945003294944763184e+01 6.900000000000000000e+01 1.366000000000000000e+03
4.734000000000053632e+01 4.945003294944763184e+01 7.000000000000000000e+01 7.730000000000000000e+02
4.828600000000056980e+01 4.945003294944763184e+01 7.100000000000000000e+01 1.140000000000000000e+03
4.941400000000061965e+01 4.945003294944763184e+01 7.200000000000000000e+01 1.427000000000000000e+03
4.945003294944763184e+01 4.945003294944763184e+01 7.300000000000000000e+01 9.350000000000000000e+02
4.945003294944763184e+01 4.945003294944763184e+01 7.400000000000000000e+01 1.234000000000000000e+03
3.875000000000000444e+00 5.272373652458190918e+01 0.000000000000000000e+00 0.000000000000000000e+00
5.897000000000000242e+00 5.272373652458190918e+01 1.000000000000000000e+00 1.300000000000000000e+01
7.147000000000000242e+00 5.272373652458190918e+01 2.000000000000000000e+00 1.000000000000000000e+01
7.849000000000001087e+00 5.272373652458190918e+01 3.000000000000000000e+00 2.000000000000000000e+01
8.871000000000002217e+00 5.272373652458190918e+01 4.000000000000000000e+00 2.500000000000000000e+01
9.204000000000002402e+00 5.272373652458190918e+01 5.000000000000000000e+00 1.900000000000000000e+01
9.693000000000001393e+00 5.272373652458190918e+01 6.000000000000000000e+00 3.600000000000000000e+01
1.079400000000000226e+01 5.272373652458190918e+01 7.000000000000000000e+00 2.700000000000000000e+01
1.079400000000000226e+01 5.272373652458190918e+01 8.000000000000000000e+00 2.800000000000000000e+01
1.183999999999999986e+01 5.272373652458190918e+01 9.000000000000000000e+00 3.600000000000000000e+01
1.227699999999999925e+01 5.272373652458190918e+01 1.000000000000000000e+01 4.300000000000000000e+01
1.270299999999999940e+01 5.272373652458190918e+01 1.100000000000000000e+01 4.200000000000000000e+01
1.339100000000000001e+01 5.272373652458190918e+01 1.200000000000000000e+01 5.200000000000000000e+01
1.395800000000000018e+01 5.272373652458190918e+01 1.300000000000000000e+01 4.400000000000000000e+01
1.489499999999999957e+01 5.272373652458190918e+01 1.400000000000000000e+01 8.600000000000000000e+01
1.552999999999999936e+01 5.272373652458190918e+01 1.500000000000000000e+01 9.000000000000000000e+01
1.602599999999999980e+01 5.272373652458190918e+01 1.600000000000000000e+01 7.400000000000000000e+01
1.626899999999999835e+01 5.272373652458190918e+01 1.700000000000000000e+01 1.210000000000000000e+02
1.696599999999999397e+01 5.272373652458190918e+01 1.800000000000000000e+01 1.780000000000000000e+02
1.764199999999998880e+01 5.272373652458190918e+01 1.900000000000000000e+01 1.390000000000000000e+02
1.829699999999999349e+01 5.272373652458190918e+01 2.000000000000000000e+01 1.660000000000000000e+02
1.878500000000000014e+01 5.272373652458190918e+01 2.100000000000000000e+01 1.310000000000000000e+02
1.985300000000000153e+01 5.272373652458190918e+01 2.200000000000000000e+01 1.660000000000000000e+02
2.023700000000000188e+01 5.272373652458190918e+01 2.300000000000000000e+01 1.390000000000000000e+02
2.033999999999999986e+01 5.272373652458190918e+01 2.400000000000000000e+01 1.200000000000000000e+02
2.098199999999999577e+01 5.272373652458190918e+01 2.500000000000000000e+01 1.940000000000000000e+02
2.172599999999998843e+01 5.272373652458190918e+01 2.600000000000000000e+01 2.130000000000000000e+02
2.207299999999998263e+01 5.272373652458190918e+01 2.700000000000000000e+01 1.790000000000000000e+02
2.265799999999997638e+01 5.272373652458190918e+01 2.800000000000000000e+01 2.200000000000000000e+02
2.298499999999997101e+01 5.272373652458190918e+01 2.900000000000000000e+01 1.560000000000000000e+02
2.337699999999996692e+01 5.272373652458190918e+01 3.000000000000000000e+01 1.960000000000000000e+02
2.381799999999997297e+01 5.272373652458190918e+01 3.100000000000000000e+01 3.670000000000000000e+02
2.394699999999997786e+01 5.272373652458190918e+01 3.200000000000000000e+01 2.760000000000000000e+02
2.461199999999997345e+01 5.272373652458190918e+01 3.300000000000000000e+01 3.070000000000000000e+02
2.504499999999997328e+01 5.272373652458190918e+01 3.400000000000000000e+01 3.710000000000000000e+02
2.584799999999996700e+01 5.272373652458190918e+01 3.500000000000000000e+01 2.430000000000000000e+02
2.664599999999996527e+01 5.272373652458190918e+01 3.600000000000000000e+01 3.590000000000000000e+02
2.676499999999996504e+01 5.272373652458190918e+01 3.700000000000000000e+01 2.470000000000000000e+02
2.723999999999997002e+01 5.272373652458190918e+01 3.800000000000000000e+01 3.130000000000000000e+02
2.757899999999997576e+01 5.272373652458190918e+01 3.900000000000000000e+01 2.610000000000000000e+02
2.836299999999996047e+01 5.272373652458190918e+01 4.000000000000000000e+01 4.980000000000000000e+02
2.885799999999995080e+01 5.272373652458190918e+01 4.100000000000000000e+01 4.230000000000000000e+02
2.923699999999994859e+01 5.272373652458190918e+01 4.200000000000000000e+01 4.550000000000000000e+02
2.951899999999995927e+01 5.272373652458190918e+01 4.300000000000000000e+01 4.560000000000000000e+02
3.044099999999997763e+01 5.272373652458190918e+01 4.400000000000000000e+01 4.030000000000000000e+02
3.116199999999996706e+01 5.272373652458190918e+01 4.500000000000000000e+01 5.850000000000000000e+02
3.132699999999996976e+01 5.272373652458190918e+01 4.600000000000000000e+01 4.620000000000000000e+02
3.178399999999997760e+01 5.272373652458190918e+01 4.700000000000000000e+01 8.510000000000000000e+02
3.214399999999996993e+01 5.272373652458190918e+01 4.800000000000000000e+01 5.390000000000000000e+02
3.311499999999989541e+01 5.272373652458190918e+01 4.900000000000000000e+01 7.570000000000000000e+02
3.359599999999990416e+01 5.272373652458190918e+01 5.000000000000000000e+01 4.360000000000000000e+02
3.430699999999991689e+01 5.272373652458190918e+01 5.100000000000000000e+01 6.640000000000000000e+02
3.500899999999995060e+01 5.272373652458190918e+01 5.200000000000000000e+01 5.860000000000000000e+02
3.546099999999994168e+01 5.272373652458190918e+01 5.300000000000000000e+01 1.112000000000000000e+03
3.636200000000002319e+01 5.272373652458190918e+01 5.400000000000000000e+01 1.027000000000000000e+03
3.683699999999999619e+01 5.272373652458190918e+01 5.500000000000000000e+01 6.330000000000000000e+02
3.737500000000007105e+01 5.272373652458190918e+01 5.600000000000000000e+01 9.030000000000000000e+02
3.829800000000004445e+01 5.272373652458190918e+01 5.700000000000000000e+01 7.600000000000000000e+02
3.916300000000012460e+01 5.272373652458190918e+01 5.800000000000000000e+01 6.920000000000000000e+02
3.997600000000011278e+01 5.272373652458190918e+01 5.900000000000000000e+01 8.020000000000000000e+02
4.036100000000014631e+01 5.272373652458190918e+01 6.000000000000000000e+01 1.257000000000000000e+03
4.215200000000024261e+01 5.272373652458190918e+01 6.100000000000000000e+01 1.626000000000000000e+03
4.261500000000028621e+01 5.272373652458190918e+01 6.200000000000000000e+01 1.489000000000000000e+03
4.358400000000031582e+01 5.272373652458190918e+01 6.300000000000000000e+01 8.980000000000000000e+02
4.419600000000033901e+01 5.272373652458190918e+01 6.400000000000000000e+01 1.098000000000000000e+03
4.492600000000038563e+01 5.272373652458190918e+01 6.500000000000000000e+01 2.203000000000000000e+03
4.549300000000040001e+01 5.272373652458190918e+01 6.600000000000000000e+01 1.051000000000000000e+03
4.744800000000046936e+01 5.272373652458190918e+01 6.700000000000000000e+01 6.900000000000000000e+02
4.795500000000049567e+01 5.272373652458190918e+01 6.800000000000000000e+01 9.660000000000000000e+02
4.921300000000055519e+01 5.272373652458190918e+01 6.900000000000000000e+01 9.560000000000000000e+02
5.039300000000059043e+01 5.272373652458190918e+01 7.000000000000000000e+01 9.880000000000000000e+02
5.168300000000063221e+01 5.272373652458190918e+01 7.100000000000000000e+01 8.760000000000000000e+02
5.272400000000067166e+01 5.272373652458190918e+01 7.200000000000000000e+01 1.289000000000000000e+03
5.272373652458190918e+01 5.272373652458190918e+01 7.300000000000000000e+01 9.330000000000000000e+02
5.272373652458190918e+01 5.272373652458190918e+01 7.400000000000000000e+01 1.092000000000000000e+03
4.813000000000000611e+00 5.446653032302856445e+01 0.000000000000000000e+00 0.000000000000000000e+00
6.282000000000001805e+00 5.446653032302856445e+01 1.000000000000000000e+00 1.600000000000000000e+01
7.356000000000002537e+00 5.446653032302856445e+01 2.000000000000000000e+00 2.500000000000000000e+01
8.231000000000003425e+00 5.446653032302856445e+01 3.000000000000000000e+00 1.200000000000000000e+01
9.255000000000004334e+00 5.446653032302856445e+01 4.000000000000000000e+00 3.200000000000000000e+01
9.754000000000004889e+00 5.446653032302856445e+01 5.000000000000000000e+00 2.700000000000000000e+01
1.008200000000000607e+01 5.446653032302856445e+01 6.000000000000000000e+00 2.300000000000000000e+01
1.038300000000000622e+01 5.446653032302856445e+01 7.000000000000000000e+00 3.300000000000000000e+01
1.148000000000000576e+01 5.446653032302856445e+01 8.000000000000000000e+00 2.900000000000000000e+01
1.148000000000000576e+01 5.446653032302856445e+01 9.000000000000000000e+00 3.300000000000000000e+01
1.188500000000000334e+01 5.446653032302856445e+01 1.000000000000000000e+01 3.100000000000000000e+01
1.278100000000000414e+01 5.446653032302856445e+01 1.100000000000000000e+01 5.700000000000000000e+01
1.333700000000000330e+01 5.446653032302856445e+01 1.200000000000000000e+01 3.400000000000000000e+01
1.384600000000000364e+01 5.446653032302856445e+01 1.300000000000000000e+01 6.800000000000000000e+01
1.440500000000000647e+01 5.446653032302856445e+01 1.400000000000000000e+01 7.800000000000000000e+01
1.491300000000000736e+01 5.446653032302856445e+01 1.500000000000000000e+01 7.400000000000000000e+01
1.564900000000000624e+01 5.446653032302856445e+01 1.600000000000000000e+01 7.200000000000000000e+01
1.648100000000000165e+01 5.446653032302856445e+01 1.700000000000000000e+01 8.300000000000000000e+01
1.680700000000000216e+01 5.446653032302856445e+01 1.800000000000000000e+01 8.700000000000000000e+01
1.783999999999999631e+01 5.446653032302856445e+01 1.900000000000000000e+01 1.300000000000000000e+02
1.860000000000000142e+01 5.446653032302856445e+01 2.000000000000000000e+01 1.320000000000000000e+02
1.923500000000000654e+01 5.446653032302856445e+01 2.100000000000000000e+01 1.560000000000000000e+02
1.974800000000000821e+01 5.446653032302856445e+01 2.200000000000000000e+01 1.280000000000000000e+02
2.083400000000000318e+01 5.446653032302856445e+01 2.300000000000000000e+01 2.020000000000000000e+02
2.121900000000000119e+01 5.446653032302856445e+01 2.400000000000000000e+01 1.930000000000000000e+02
2.159799999999999898e+01 5.446653032302856445e+01 2.500000000000000000e+01 2.280000000000000000e+02
2.205000000000000071e+01 5.446653032302856445e+01 2.600000000000000000e+01 2.240000000000000000e+02
2.239599999999999724e+01 5.446653032302856445e+01 2.700000000000000000e+01 2.040000000000000000e+02
2.308599999999999497e+01 5.446653032302856445e+01 2.800000000000000000e+01 1.920000000000000000e+02
2.386899999999998201e+01 5.446653032302856445e+01 2.900000000000000000e+01 2.430000000000000000e+02
2.454599999999999582e+01 5.446653032302856445e+01 3.000000000000000000e+01 1.980000000000000000e+02
2.522800000000000153e+01 5.446653032302856445e+01 3.100000000000000000e+01 3.100000000000000000e+02
2.556000000000000938e+01 5.446653032302856445e+01 3.200000000000000000e+01 2.210000000000000000e+02
2.584500000000000952e+01 5.446653032302856445e+01 3.300000000000000000e+01 3.430000000000000000e+02
2.635800000000001120e+01 5.446653032302856445e+01 3.400000000000000000e+01 4.490000000000000000e+02
2.712600000000000122e+01 5.446653032302856445e+01 3.500000000000000000e+01 3.290000000000000000e+02
2.743199999999999861e+01 5.446653032302856445e+01 3.600000000000000000e+01 3.090000000000000000e+02
2.784199999999999875e+01 5.446653032302856445e+01 3.700000000000000000e+01 3.770000000000000000e+02
2.820400000000000063e+01 5.446653032302856445e+01 3.800000000000000000e+01 5.840000000000000000e+02
2.874500000000000455e+01 5.446653032302856445e+01 3.900000000000000000e+01 4.110000000000000000e+02
2.974899999999998812e+01 5.446653032302856445e+01 4.000000000000000000e+01 3.870000000000000000e+02
3.062899999999997647e+01 5.446653032302856445e+01 4.100000000000000000e+01 4.440000000000000000e+02
3.123299999999997212e+01 5.446653032302856445e+01 4.200000000000000000e+01 5.450000000000000000e+02
3.167499999999997584e+01 5.446653032302856445e+01 4.300000000000000000e+01 4.520000000000000000e+02
3.209799999999998477e+01 5.446653032302856445e+01 4.400000000000000000e+01 6.820000000000000000e+02
3.253699999999997061e+01 5.446653032302856445e+01 4.500000000000000000e+01 5.130000000000000000e+02
3.308499999999994401e+01 5.446653032302856445e+01 4.600000000000000000e+01 6.750000000000000000e+02
3.342599999999994509e+01 5.446653032302856445e+01 4.700000000000000000e+01 6.480000000000000000e+02
3.419999999999992468e+01 5.446653032302856445e+01 4.800000000000000000e+01 8.300000000000000000e+02
3.435399999999989973e+01 5.446653032302856445e+01 4.900000000000000000e+01 6.220000000000000000e+02
3.505999999999989569e+01 5.446653032302856445e+01 5.000000000000000000e+01 6.860000000000000000e+02
3.583999999999991104e+01 5.446653032302856445e+01 5.100000000000000000e+01 8.350000000000000000e+02
3.603999999999990678e+01 5.446653032302856445e+01 5.200000000000000000e+01 5.440000000000000000e+02
3.722799999999988074e+01 5.446653032302856445e+01 5.300000000000000000e+01 6.210000000000000000e+02
3.797899999999994947e+01 5.446653032302856445e+01 5.400000000000000000e+01 9.100000000000000000e+02
3.861199999999993793e+01 5.446653032302856445e+01 5.500000000000000000e+01 8.140000000000000000e+02
3.909999999999998721e+01 5.446653032302856445e+01 5.600000000000000000e+01 1.352000000000000000e+03
3.991899999999993298e+01 5.446653032302856445e+01 5.700000000000000000e+01 1.135000000000000000e+03
4.029199999999995185e+01 5.446653032302856445e+01 5.800000000000000000e+01 8.790000000000000000e+02
4.121999999999997755e+01 5.446653032302856445e+01 5.900000000000000000e+01 1.239000000000000000e+03
4.151300000000000523e+01 5.446653032302856445e+01 6.000000000000000000e+01 7.070000000000000000e+02
4.233000000000004803e+01 5.446653032302856445e+01 6.100000000000000000e+01 7.670000000000000000e+02
4.344400000000011630e+01 5.446653032302856445e+01 6.200000000000000000e+01 1.626000000000000000e+03
4.422700000000015308e+01 5.446653032302856445e+01 6.300000000000000000e+01 1.360000000000000000e+03
4.500900000000017087e+01 5.446653032302856445e+01 6.400000000000000000e+01 8.420000000000000000e+02
4.604200000000022186e+01 5.446653032302856445e+01 6.500000000000000000e+01 2.429000000000000000e+03
4.704500000000025750e+01 5.446653032302856445e+01 6.600000000000000000e+01 6.370000000000000000e+02
4.786100000000028132e+01 5.446653032302856445e+01 6.700000000000000000e+01 8.420000000000000000e+02
4.911100000000034527e+01 5.446653032302856445e+01 6.800000000000000000e+01 7.510000000000000000e+02
5.002600000000037994e+01 5.446653032302856445e+01 6.900000000000000000e+01 1.105000000000000000e+03
5.118500000000042860e+01 5.446653032302856445e+01 7.000000000000000000e+01 8.810000000000000000e+02
5.201100000000048595e+01 5.446653032302856445e+01 7.100000000000000000e+01 1.194000000000000000e+03
5.451000000000055223e+01 5.446653032302856445e+01 7.200000000000000000e+01 1.679000000000000000e+03
5.446653032302856445e+01 5.446653032302856445e+01 7.300000000000000000e+01 1.035000000000000000e+03
5.446653032302856445e+01 5.446653032302856445e+01 7.400000000000000000e+01 1.099000000000000000e+03
3.299000000000000377e+00 4.987873101234436035e+01 0.000000000000000000e+00 1.000000000000000000e+00
4.415000000000000924e+00 4.987873101234436035e+01 1.000000000000000000e+00 4.000000000000000000e+00
6.232000000000001094e+00 4.987873101234436035e+01 2.000000000000000000e+00 1.300000000000000000e+01
6.413000000000001144e+00 4.987873101234436035e+01 3.000000000000000000e+00 1.000000000000000000e+01
7.085999999999999410e+00 4.987873101234436035e+01 4.000000000000000000e+00 1.700000000000000000e+01
8.289999999999999147e+00 4.987873101234436035e+01 5.000000000000000000e+00 1.900000000000000000e+01
8.456999999999998963e+00 4.987873101234436035e+01 6.000000000000000000e+00 1.800000000000000000e+01
8.776999999999999247e+00 4.987873101234436035e+01 7.000000000000000000e+00 2.900000000000000000e+01
9.242999999999998550e+00 4.987873101234436035e+01 8.000000000000000000e+00 4.000000000000000000e+01
9.850999999999997314e+00 4.987873101234436035e+01 9.000000000000000000e+00 4.700000000000000000e+01
1.014599999999999724e+01 4.987873101234436035e+01 1.000000000000000000e+01 2.800000000000000000e+01
1.057799999999999940e+01 4.987873101234436035e+01 1.100000000000000000e+01 5.500000000000000000e+01
1.113299999999999912e+01 4.987873101234436035e+01 1.200000000000000000e+01 3.600000000000000000e+01
1.153800000000000026e+01 4.987873101234436035e+01 1.300000000000000000e+01 6.600000000000000000e+01
1.165200000000000102e+01 4.987873101234436035e+01 1.400000000000000000e+01 8.300000000000000000e+01
1.206500000000000128e+01 4.987873101234436035e+01 1.500000000000000000e+01 5.300000000000000000e+01
1.268400000000000105e+01 4.987873101234436035e+01 1.600000000000000000e+01 5.000000000000000000e+01
1.304099999999999859e+01 4.987873101234436035e+01 1.700000000000000000e+01 1.130000000000000000e+02
1.397100000000000009e+01 4.987873101234436035e+01 1.800000000000000000e+01 7.400000000000000000e+01
1.466600000000000037e+01 4.987873101234436035e+01 1.900000000000000000e+01 1.040000000000000000e+02
1.488600000000000101e+01 4.987873101234436035e+01 2.000000000000000000e+01 9.600000000000000000e+01
1.552100000000000080e+01 4.987873101234436035e+01 2.100000000000000000e+01 1.460000000000000000e+02
1.604100000000000392e+01 4.987873101234436035e+01 2.200000000000000000e+01 9.300000000000000000e+01
1.663299999999999912e+01 4.987873101234436035e+01 2.300000000000000000e+01 1.440000000000000000e+02
1.658499999999999730e+01 4.987873101234436035e+01 2.400000000000000000e+01 1.100000000000000000e+02
1.747499999999999076e+01 4.987873101234436035e+01 2.500000000000000000e+01 1.450000000000000000e+02
1.828099999999998460e+01 4.987873101234436035e+01 2.600000000000000000e+01 1.690000000000000000e+02
1.914499999999997470e+01 4.987873101234436035e+01 2.700000000000000000e+01 1.930000000000000000e+02
1.963899999999996382e+01 4.987873101234436035e+01 2.800000000000000000e+01 2.690000000000000000e+02
2.021199999999995711e+01 4.987873101234436035e+01 2.900000000000000000e+01 2.070000000000000000e+02
2.058499999999996177e+01 4.987873101234436035e+01 3.000000000000000000e+01 2.000000000000000000e+02
2.077299999999996061e+01 4.987873101234436035e+01 3.100000000000000000e+01 1.720000000000000000e+02
2.133999999999996078e+01 4.987873101234436035e+01 3.200000000000000000e+01 3.210000000000000000e+02
2.150699999999996237e+01 4.987873101234436035e+01 3.300000000000000000e+01 1.870000000000000000e+02
2.247999999999995779e+01 4.987873101234436035e+01 3.400000000000000000e+01 3.310000000000000000e+02
2.291599999999995418e+01 4.987873101234436035e+01 3.500000000000000000e+01 1.710000000000000000e+02
2.309199999999995256e+01 4.987873101234436035e+01 3.600000000000000000e+01 3.070000000000000000e+02
2.376399999999995671e+01 4.987873101234436035e+01 3.700000000000000000e+01 3.000000000000000000e+02
2.421299999999996189e+01 4.987873101234436035e+01 3.800000000000000000e+01 3.310000000000000000e+02
2.475199999999995981e+01 4.987873101234436035e+01 3.900000000000000000e+01 2.950000000000000000e+02
2.562599999999993727e+01 4.987873101234436035e+01 4.000000000000000000e+01 2.470000000000000000e+02
2.554799999999993787e+01 4.987873101234436035e+01 4.100000000000000000e+01 3.890000000000000000e+02
2.633799999999994057e+01 4.987873101234436035e+01 4.200000000000000000e+01 3.890000000000000000e+02
2.696599999999994779e+01 4.987873101234436035e+01 4.300000000000000000e+01 5.300000000000000000e+02
2.768699999999996564e+01 4.987873101234436035e+01 4.400000000000000000e+01 4.090000000000000000e+02
2.771099999999996655e+01 4.987873101234436035e+01 4.500000000000000000e+01 3.470000000000000000e+02
2.829999999999996874e+01 4.987873101234436035e+01 4.600000000000000000e+01 4.920000000000000000e+02
2.911799999999998434e+01 4.987873101234436035e+01 4.700000000000000000e+01 3.700000000000000000e+02
2.959899999999997533e+01 4.987873101234436035e+01 4.800000000000000000e+01 4.140000000000000000e+02
3.029499999999998394e+01 4.987873101234436035e+01 4.900000000000000000e+01 3.490000000000000000e+02
3.059799999999998832e+01 4.987873101234436035e+01 5.000000000000000000e+01 5.500000000000000000e+02
3.148899999999997235e+01 4.987873101234436035e+01 5.100000000000000000e+01 7.100000000000000000e+02
3.193799999999998462e+01 4.987873101234436035e+01 5.200000000000000000e+01 5.750000000000000000e+02
3.262099999999999511e+01 4.987873101234436035e+01 5.300000000000000000e+01 6.370000000000000000e+02
3.346000000000002927e+01 4.987873101234436035e+01 5.400000000000000000e+01 4.400000000000000000e+02
3.402300000000001745e+01 4.987873101234436035e+01 5.500000000000000000e+01 1.046000000000000000e+03
3.491000000000008896e+01 4.987873101234436035e+01 5.600000000000000000e+01 6.840000000000000000e+02
3.549000000000005883e+01 4.987873101234436035e+01 5.700000000000000000e+01 7.460000000000000000e+02
3.642000000000011539e+01 4.987873101234436035e+01 5.800000000000000000e+01 1.227000000000000000e+03
3.711400000000014643e+01 4.987873101234436035e+01 5.900000000000000000e+01 4.850000000000000000e+02
3.774600000000015143e+01 4.987873101234436035e+01 6.000000000000000000e+01 1.018000000000000000e+03
3.881600000000022277e+01 4.987873101234436035e+01 6.100000000000000000e+01 1.177000000000000000e+03
3.970100000000026341e+01 4.987873101234436035e+01 6.200000000000000000e+01 8.120000000000000000e+02
4.032100000000029638e+01 4.987873101234436035e+01 6.300000000000000000e+01 8.040000000000000000e+02
4.135700000000033327e+01 4.987873101234436035e+01 6.400000000000000000e+01 1.681000000000000000e+03
4.224100000000036204e+01 4.987873101234436035e+01 6.500000000000000000e+01 2.240000000000000000e+03
4.282600000000039131e+01 4.987873101234436035e+01 6.600000000000000000e+01 1.016000000000000000e+03
4.457400000000045992e+01 4.987873101234436035e+01 6.700000000000000000e+01 6.140000000000000000e+02
4.537000000000048061e+01 4.987873101234436035e+01 6.800000000000000000e+01 9.240000000000000000e+02
4.658500000000052665e+01 4.987873101234436035e+01 6.900000000000000000e+01 1.095000000000000000e+03
4.763600000000057122e+01 4.987873101234436035e+01 7.000000000000000000e+01 1.035000000000000000e+03
4.863100000000061129e+01 4.987873101234436035e+01 7.100000000000000000e+01 1.155000000000000000e+03
4.973100000000065535e+01 4.987873101234436035e+01 7.200000000000000000e+01 9.890000000000000000e+02
4.987873101234436035e+01 4.987873101234436035e+01 7.300000000000000000e+01 2.610000000000000000e+02
4.987873101234436035e+01 4.987873101234436035e+01 7.400000000000000000e+01 1.258000000000000000e+03
