3.723999999999999311e+00 5.681024384498596191e+01 0.000000000000000000e+00 0.000000000000000000e+00
5.937000000000001165e+00 5.681024384498596191e+01 1.000000000000000000e+00 2.000000000000000000e+00
7.192000000000001947e+00 5.681024384498596191e+01 2.000000000000000000e+00 9.000000000000000000e+00
7.892000000000002125e+00 5.681024384498596191e+01 3.000000000000000000e+00 1.600000000000000000e+01
8.578000000000001180e+00 5.681024384498596191e+01 4.000000000000000000e+00 1.100000000000000000e+01
9.077000000000001734e+00 5.681024384498596191e+01 5.000000000000000000e+00 3.500000000000000000e+01
9.916000000000000369e+00 5.681024384498596191e+01 6.000000000000000000e+00 2.700000000000000000e+01
1.007399999999999984e+01 5.681024384498596191e+01 7.000000000000000000e+00 3.500000000000000000e+01
1.115600000000000058e+01 5.681024384498596191e+01 8.000000000000000000e+00 5.100000000000000000e+01
1.145699999999999896e+01 5.681024384498596191e+01 9.000000000000000000e+00 4.200000000000000000e+01
1.204700000000000060e+01 5.681024384498596191e+01 1.000000000000000000e+01 3.700000000000000000e+01
1.290200000000000280e+01 5.681024384498596191e+01 1.100000000000000000e+01 7.500000000000000000e+01
1.356400000000000183e+01 5.681024384498596191e+01 1.200000000000000000e+01 5.500000000000000000e+01
1.411199999999999832e+01 5.681024384498596191e+01 1.300000000000000000e+01 7.200000000000000000e+01
1.451899999999999835e+01 5.681024384498596191e+01 1.400000000000000000e+01 6.800000000000000000e+01
1.534200000000000053e+01 5.681024384498596191e+01 1.500000000000000000e+01 9.800000000000000000e+01
1.595500000000000007e+01 5.681024384498596191e+01 1.600000000000000000e+01 8.800000000000000000e+01
1.601599999999999824e+01 5.681024384498596191e+01 1.700000000000000000e+01 1.260000000000000000e+02
1.700799999999999912e+01 5.681024384498596191e+01 1.800000000000000000e+01 9.600000000000000000e+01
1.723399999999999821e+01 5.681024384498596191e+01 1.900000000000000000e+01 1.690000000000000000e+02
1.761000000000000298e+01 5.681024384498596191e+01 2.000000000000000000e+01 1.320000000000000000e+02
1.820300000000000651e+01 5.681024384498596191e+01 2.100000000000000000e+01 1.590000000000000000e+02
1.830700000000000571e+01 5.681024384498596191e+01 2.200000000000000000e+01 1.280000000000000000e+02
1.899900000000000944e+01 5.681024384498596191e+01 2.300000000000000000e+01 2.100000000000000000e+02
1.938700000000000756e+01 5.681024384498596191e+01 2.400000000000000000e+01 1.740000000000000000e+02
2.012300000000000466e+01 5.681024384498596191e+01 2.500000000000000000e+01 2.220000000000000000e+02
2.061100000000000421e+01 5.681024384498596191e+01 2.600000000000000000e+01 1.910000000000000000e+02
2.073300000000000054e+01 5.681024384498596191e+01 2.700000000000000000e+01 2.060000000000000000e+02
2.141899999999999693e+01 5.681024384498596191e+01 2.800000000000000000e+01 2.040000000000000000e+02
2.197899999999999210e+01 5.681024384498596191e+01 2.900000000000000000e+01 1.890000000000000000e+02
2.213299999999999557e+01 5.681024384498596191e+01 3.000000000000000000e+01 2.770000000000000000e+02
2.273400000000000531e+01 5.681024384498596191e+01 3.100000000000000000e+01 2.850000000000000000e+02
2.316400000000000858e+01 5.681024384498596191e+01 3.200000000000000000e+01 3.160000000000000000e+02
2.337600000000001188e+01 5.681024384498596191e+01 3.300000000000000000e+01 2.430000000000000000e+02
2.404000000000000981e+01 5.681024384498596191e+01 3.400000000000000000e+01 3.280000000000000000e+02
2.436100000000000776e+01 5.681024384498596191e+01 3.500000000000000000e+01 2.740000000000000000e+02
2.484600000000000009e+01 5.681024384498596191e+01 3.600000000000000000e+01 4.120000000000000000e+02
2.519000000000000128e+01 5.681024384498596191e+01 3.700000000000000000e+01 3.850000000000000000e+02
2.541700000000000159e+01 5.681024384498596191e+01 3.800000000000000000e+01 3.730000000000000000e+02
2.612500000000000355e+01 5.681024384498596191e+01 3.900000000000000000e+01 4.000000000000000000e+02
2.673599999999999000e+01 5.681024384498596191e+01 4.000000000000000000e+01 3.150000000000000000e+02
2.676499999999998636e+01 5.681024384498596191e+01 4.100000000000000000e+01 3.980000000000000000e+02
2.782099999999998374e+01 5.681024384498596191e+01 4.200000000000000000e+01 4.040000000000000000e+02
2.818199999999998795e+01 5.681024384498596191e+01 4.300000000000000000e+01 4.030000000000000000e+02
2.830200000000000315e+01 5.681024384498596191e+01 4.400000000000000000e+01 4.940000000000000000e+02
2.928599999999999781e+01 5.681024384498596191e+01 4.500000000000000000e+01 5.150000000000000000e+02
2.987399999999999878e+01 5.681024384498596191e+01 4.600000000000000000e+01 5.570000000000000000e+02
3.086700000000003286e+01 5.681024384498596191e+01 4.700000000000000000e+01 6.510000000000000000e+02
3.156400000000002137e+01 5.681024384498596191e+01 4.800000000000000000e+01 5.300000000000000000e+02
3.191100000000002268e+01 5.681024384498596191e+01 4.900000000000000000e+01 6.030000000000000000e+02
3.268100000000002581e+01 5.681024384498596191e+01 5.000000000000000000e+01 8.630000000000000000e+02
3.331200000000005446e+01 5.681024384498596191e+01 5.100000000000000000e+01 6.810000000000000000e+02
3.398500000000008470e+01 5.681024384498596191e+01 5.200000000000000000e+01 9.330000000000000000e+02
3.480400000000008731e+01 5.681024384498596191e+01 5.300000000000000000e+01 1.026000000000000000e+03
3.545100000000014262e+01 5.681024384498596191e+01 5.400000000000000000e+01 6.740000000000000000e+02
3.614200000000012380e+01 5.681024384498596191e+01 5.500000000000000000e+01 7.680000000000000000e+02
3.689800000000020219e+01 5.681024384498596191e+01 5.600000000000000000e+01 1.167000000000000000e+03
3.760600000000016507e+01 5.681024384498596191e+01 5.700000000000000000e+01 1.106000000000000000e+03
4.028300000000037784e+01 5.681024384498596191e+01 5.800000000000000000e+01 1.341000000000000000e+03
4.110900000000041388e+01 5.681024384498596191e+01 5.900000000000000000e+01 1.409000000000000000e+03
4.234800000000044662e+01 5.681024384498596191e+01 6.000000000000000000e+01 1.876000000000000000e+03
4.290500000000050562e+01 5.681024384498596191e+01 6.100000000000000000e+01 1.396000000000000000e+03
4.430000000000057980e+01 5.681024384498596191e+01 6.200000000000000000e+01 1.470000000000000000e+03
4.493800000000060635e+01 5.681024384498596191e+01 6.300000000000000000e+01 1.335000000000000000e+03
4.690200000000069025e+01 5.681024384498596191e+01 6.400000000000000000e+01 2.458000000000000000e+03
4.806800000000072259e+01 5.681024384498596191e+01 6.500000000000000000e+01 3.140000000000000000e+03
4.884700000000076159e+01 5.681024384498596191e+01 6.600000000000000000e+01 1.842000000000000000e+03
4.980800000000078853e+01 5.681024384498596191e+01 6.700000000000000000e+01 3.067000000000000000e+03
5.130500000000084526e+01 5.681024384498596191e+01 6.800000000000000000e+01 2.052000000000000000e+03
5.226300000000088630e+01 5.681024384498596191e+01 6.900000000000000000e+01 1.587000000000000000e+03
5.320200000000092899e+01 5.681024384498596191e+01 7.000000000000000000e+01 1.349000000000000000e+03
5.411700000000095656e+01 5.681024384498596191e+01 7.100000000000000000e+01 1.379000000000000000e+03
5.683900000000105024e+01 5.681024384498596191e+01 7.200000000000000000e+01 1.449000000000000000e+03
5.681024384498596191e+01 5.681024384498596191e+01 7.300000000000000000e+01 8.020000000000000000e+02
5.681024384498596191e+01 5.681024384498596191e+01 7.400000000000000000e+01 9.180000000000000000e+02
4.286999999999999922e+00 5.546120142936706543e+01 0.000000000000000000e+00 1.000000000000000000e+00
5.950999999999999623e+00 5.546120142936706543e+01 1.000000000000000000e+00 0.000000000000000000e+00
7.754000000000000448e+00 5.546120142936706543e+01 2.000000000000000000e+00 1.000000000000000000e+00
8.804000000000000270e+00 5.546120142936706543e+01 3.000000000000000000e+00 8.000000000000000000e+00
1.033200000000000252e+01 5.546120142936706543e+01 4.000000000000000000e+00 3.300000000000000000e+01
1.133000000000000185e+01 5.546120142936706543e+01 5.000000000000000000e+00 2.600000000000000000e+01
1.214300000000000423e+01 5.546120142936706543e+01 6.000000000000000000e+00 5.700000000000000000e+01
1.277600000000000513e+01 5.546120142936706543e+01 7.000000000000000000e+00 5.800000000000000000e+01
1.321200000000000330e+01 5.546120142936706543e+01 8.000000000000000000e+00 6.000000000000000000e+01
1.384100000000000286e+01 5.546120142936706543e+01 9.000000000000000000e+00 9.100000000000000000e+01
1.395000000000000284e+01 5.546120142936706543e+01 1.000000000000000000e+01 7.600000000000000000e+01
1.456200000000000294e+01 5.546120142936706543e+01 1.100000000000000000e+01 8.700000000000000000e+01
1.511400000000000254e+01 5.546120142936706543e+01 1.200000000000000000e+01 6.000000000000000000e+01
1.578500000000000369e+01 5.546120142936706543e+01 1.300000000000000000e+01 1.070000000000000000e+02
1.618000000000000327e+01 5.546120142936706543e+01 1.400000000000000000e+01 7.100000000000000000e+01
1.632000000000000384e+01 5.546120142936706543e+01 1.500000000000000000e+01 9.500000000000000000e+01
1.669200000000000372e+01 5.546120142936706543e+01 1.600000000000000000e+01 1.310000000000000000e+02
1.715900000000000247e+01 5.546120142936706543e+01 1.700000000000000000e+01 1.080000000000000000e+02
1.775300000000000011e+01 5.546120142936706543e+01 1.800000000000000000e+01 8.200000000000000000e+01
1.775300000000000011e+01 5.546120142936706543e+01 1.900000000000000000e+01 1.590000000000000000e+02
1.851700000000000301e+01 5.546120142936706543e+01 2.000000000000000000e+01 1.080000000000000000e+02
1.894200000000000728e+01 5.546120142936706543e+01 2.100000000000000000e+01 1.310000000000000000e+02
1.945600000000000662e+01 5.546120142936706543e+01 2.200000000000000000e+01 1.270000000000000000e+02
2.004900000000000659e+01 5.546120142936706543e+01 2.300000000000000000e+01 1.970000000000000000e+02
2.033700000000000685e+01 5.546120142936706543e+01 2.400000000000000000e+01 1.690000000000000000e+02
2.070700000000000784e+01 5.546120142936706543e+01 2.500000000000000000e+01 1.910000000000000000e+02
2.088900000000000645e+01 5.546120142936706543e+01 2.600000000000000000e+01 1.500000000000000000e+02
2.140700000000000003e+01 5.546120142936706543e+01 2.700000000000000000e+01 2.120000000000000000e+02
2.182499999999999574e+01 5.546120142936706543e+01 2.800000000000000000e+01 1.610000000000000000e+02
2.230699999999999150e+01 5.546120142936706543e+01 2.900000000000000000e+01 1.850000000000000000e+02
2.246299999999999386e+01 5.546120142936706543e+01 3.000000000000000000e+01 1.870000000000000000e+02
2.282499999999999929e+01 5.546120142936706543e+01 3.100000000000000000e+01 1.700000000000000000e+02
2.356299999999999883e+01 5.546120142936706543e+01 3.200000000000000000e+01 1.960000000000000000e+02
2.411599999999999966e+01 5.546120142936706543e+01 3.300000000000000000e+01 2.830000000000000000e+02
2.421799999999999642e+01 5.546120142936706543e+01 3.400000000000000000e+01 2.150000000000000000e+02
2.471099999999999142e+01 5.546120142936706543e+01 3.500000000000000000e+01 2.250000000000000000e+02
2.562599999999999056e+01 5.546120142936706543e+01 3.600000000000000000e+01 2.450000000000000000e+02
2.561999999999999034e+01 5.546120142936706543e+01 3.700000000000000000e+01 2.390000000000000000e+02
2.585699999999999932e+01 5.546120142936706543e+01 3.800000000000000000e+01 3.860000000000000000e+02
2.667199999999999349e+01 5.546120142936706543e+01 3.900000000000000000e+01 3.310000000000000000e+02
2.672199999999999065e+01 5.546120142936706543e+01 4.000000000000000000e+01 3.790000000000000000e+02
2.729899999999998172e+01 5.546120142936706543e+01 4.100000000000000000e+01 3.810000000000000000e+02
2.845999999999997954e+01 5.546120142936706543e+01 4.200000000000000000e+01 4.930000000000000000e+02
2.912799999999999301e+01 5.546120142936706543e+01 4.300000000000000000e+01 4.740000000000000000e+02
2.926399999999999579e+01 5.546120142936706543e+01 4.400000000000000000e+01 3.790000000000000000e+02
2.998499999999998877e+01 5.546120142936706543e+01 4.500000000000000000e+01 4.550000000000000000e+02
3.052099999999999369e+01 5.546120142936706543e+01 4.600000000000000000e+01 4.950000000000000000e+02
3.128000000000001180e+01 5.546120142936706543e+01 4.700000000000000000e+01 6.000000000000000000e+02
3.127000000000001378e+01 5.546120142936706543e+01 4.800000000000000000e+01 6.640000000000000000e+02
3.198700000000002319e+01 5.546120142936706543e+01 4.900000000000000000e+01 7.160000000000000000e+02
3.333099999999999596e+01 5.546120142936706543e+01 5.000000000000000000e+01 6.840000000000000000e+02
3.354200000000000870e+01 5.546120142936706543e+01 5.100000000000000000e+01 5.290000000000000000e+02
3.399200000000003996e+01 5.546120142936706543e+01 5.200000000000000000e+01 8.210000000000000000e+02
3.461900000000004951e+01 5.546120142936706543e+01 5.300000000000000000e+01 8.450000000000000000e+02
3.570700000000011443e+01 5.546120142936706543e+01 5.400000000000000000e+01 9.880000000000000000e+02
3.641800000000009163e+01 5.546120142936706543e+01 5.500000000000000000e+01 7.310000000000000000e+02
3.737200000000021305e+01 5.546120142936706543e+01 5.600000000000000000e+01 9.980000000000000000e+02
3.830500000000018446e+01 5.546120142936706543e+01 5.700000000000000000e+01 8.460000000000000000e+02
3.897200000000023579e+01 5.546120142936706543e+01 5.800000000000000000e+01 1.582000000000000000e+03
4.129100000000030946e+01 5.546120142936706543e+01 5.900000000000000000e+01 1.547000000000000000e+03
4.178900000000033543e+01 5.546120142936706543e+01 6.000000000000000000e+01 1.833000000000000000e+03
4.323800000000045429e+01 5.546120142936706543e+01 6.100000000000000000e+01 2.024000000000000000e+03
4.373600000000049448e+01 5.546120142936706543e+01 6.200000000000000000e+01 1.383000000000000000e+03
4.468900000000052586e+01 5.546120142936706543e+01 6.300000000000000000e+01 1.814000000000000000e+03
4.526600000000055246e+01 5.546120142936706543e+01 6.400000000000000000e+01 1.521000000000000000e+03
4.663000000000059941e+01 5.546120142936706543e+01 6.500000000000000000e+01 2.221000000000000000e+03
4.790900000000063841e+01 5.546120142936706543e+01 6.600000000000000000e+01 1.425000000000000000e+03
4.871600000000069031e+01 5.546120142936706543e+01 6.700000000000000000e+01 2.236000000000000000e+03
4.986200000000071242e+01 5.546120142936706543e+01 6.800000000000000000e+01 2.428000000000000000e+03
5.067800000000075045e+01 5.546120142936706543e+01 6.900000000000000000e+01 1.843000000000000000e+03
5.229200000000080450e+01 5.546120142936706543e+01 7.000000000000000000e+01 1.741000000000000000e+03
5.441100000000089665e+01 5.546120142936706543e+01 7.100000000000000000e+01 1.249000000000000000e+03
5.543500000000092598e+01 5.546120142936706543e+01 7.200000000000000000e+01 1.762000000000000000e+03
5.546120142936706543e+01 5.546120142936706543e+01 7.300000000000000000e+01 7.980000000000000000e+02
5.546120142936706543e+01 5.546120142936706543e+01 7.400000000000000000e+01 8.560000000000000000e+02
4.841000000000000192e+00 5.477467226982116699e+01 0.000000000000000000e+00 0.000000000000000000e+00
6.145999999999999019e+00 5.477467226982116699e+01 1.000000000000000000e+00 1.100000000000000000e+01
6.874999999999999112e+00 5.477467226982116699e+01 2.000000000000000000e+00 1.300000000000000000e+01
8.484999999999997655e+00 5.477467226982116699e+01 3.000000000000000000e+00 2.000000000000000000e+01
8.834999999999997300e+00 5.477467226982116699e+01 4.000000000000000000e+00 2.300000000000000000e+01
9.506999999999996120e+00 5.477467226982116699e+01 5.000000000000000000e+00 2.000000000000000000e+01
1.032699999999999463e+01 5.477467226982116699e+01 6.000000000000000000e+00 3.100000000000000000e+01
1.064699999999999491e+01 5.477467226982116699e+01 7.000000000000000000e+00 4.300000000000000000e+01
1.158199999999999541e+01 5.477467226982116699e+01 8.000000000000000000e+00 5.400000000000000000e+01
1.217899999999999316e+01 5.477467226982116699e+01 9.000000000000000000e+00 6.000000000000000000e+01
1.276199999999999157e+01 5.477467226982116699e+01 1.000000000000000000e+01 7.600000000000000000e+01
1.346999999999999176e+01 5.477467226982116699e+01 1.100000000000000000e+01 7.900000000000000000e+01
1.401999999999999069e+01 5.477467226982116699e+01 1.200000000000000000e+01 7.600000000000000000e+01
1.442299999999999116e+01 5.477467226982116699e+01 1.300000000000000000e+01 7.000000000000000000e+01
1.481499999999999062e+01 5.477467226982116699e+01 1.400000000000000000e+01 9.600000000000000000e+01
1.544799999999999152e+01 5.477467226982116699e+01 1.500000000000000000e+01 8.800000000000000000e+01
1.606599999999999184e+01 5.477467226982116699e+01 1.600000000000000000e+01 9.300000000000000000e+01
1.587199999999999100e+01 5.477467226982116699e+01 1.700000000000000000e+01 1.060000000000000000e+02
1.664899999999999380e+01 5.477467226982116699e+01 1.800000000000000000e+01 9.500000000000000000e+01
1.698699999999999122e+01 5.477467226982116699e+01 1.900000000000000000e+01 1.160000000000000000e+02
1.717999999999999261e+01 5.477467226982116699e+01 2.000000000000000000e+01 1.290000000000000000e+02
1.762799999999999301e+01 5.477467226982116699e+01 2.100000000000000000e+01 1.590000000000000000e+02
1.806799999999999073e+01 5.477467226982116699e+01 2.200000000000000000e+01 8.600000000000000000e+01
1.864699999999999136e+01 5.477467226982116699e+01 2.300000000000000000e+01 1.540000000000000000e+02
1.931899999999998840e+01 5.477467226982116699e+01 2.400000000000000000e+01 1.630000000000000000e+02
1.941399999999998727e+01 5.477467226982116699e+01 2.500000000000000000e+01 1.800000000000000000e+02
2.009399999999998698e+01 5.477467226982116699e+01 2.600000000000000000e+01 1.930000000000000000e+02
2.073299999999998278e+01 5.477467226982116699e+01 2.700000000000000000e+01 2.030000000000000000e+02
2.098299999999998278e+01 5.477467226982116699e+01 2.800000000000000000e+01 1.950000000000000000e+02
2.121899999999997632e+01 5.477467226982116699e+01 2.900000000000000000e+01 1.580000000000000000e+02
2.154199999999997672e+01 5.477467226982116699e+01 3.000000000000000000e+01 2.380000000000000000e+02
2.213599999999998502e+01 5.477467226982116699e+01 3.100000000000000000e+01 2.920000000000000000e+02
2.277899999999999636e+01 5.477467226982116699e+01 3.200000000000000000e+01 2.460000000000000000e+02
2.297700000000000031e+01 5.477467226982116699e+01 3.300000000000000000e+01 2.630000000000000000e+02
2.378299999999999770e+01 5.477467226982116699e+01 3.400000000000000000e+01 3.060000000000000000e+02
2.441699999999999093e+01 5.477467226982116699e+01 3.500000000000000000e+01 3.030000000000000000e+02
2.459399999999999054e+01 5.477467226982116699e+01 3.600000000000000000e+01 3.150000000000000000e+02
2.530699999999998795e+01 5.477467226982116699e+01 3.700000000000000000e+01 2.340000000000000000e+02
2.547999999999998622e+01 5.477467226982116699e+01 3.800000000000000000e+01 4.330000000000000000e+02
2.600699999999998724e+01 5.477467226982116699e+01 3.900000000000000000e+01 3.570000000000000000e+02
2.662399999999997391e+01 5.477467226982116699e+01 4.000000000000000000e+01 4.160000000000000000e+02
2.730599999999996186e+01 5.477467226982116699e+01 4.100000000000000000e+01 3.400000000000000000e+02
2.800199999999995626e+01 5.477467226982116699e+01 4.200000000000000000e+01 4.880000000000000000e+02
2.843799999999996331e+01 5.477467226982116699e+01 4.300000000000000000e+01 5.190000000000000000e+02
2.895699999999997232e+01 5.477467226982116699e+01 4.400000000000000000e+01 6.010000000000000000e+02
2.952399999999997604e+01 5.477467226982116699e+01 4.500000000000000000e+01 4.890000000000000000e+02
3.000799999999997780e+01 5.477467226982116699e+01 4.600000000000000000e+01 4.400000000000000000e+02
3.031499999999997996e+01 5.477467226982116699e+01 4.700000000000000000e+01 5.870000000000000000e+02
3.089199999999997104e+01 5.477467226982116699e+01 4.800000000000000000e+01 7.430000000000000000e+02
3.202799999999997027e+01 5.477467226982116699e+01 4.900000000000000000e+01 6.870000000000000000e+02
3.280799999999997851e+01 5.477467226982116699e+01 5.000000000000000000e+01 6.260000000000000000e+02
3.312500000000000000e+01 5.477467226982116699e+01 5.100000000000000000e+01 8.060000000000000000e+02
3.351700000000003854e+01 5.477467226982116699e+01 5.200000000000000000e+01 7.890000000000000000e+02
3.425700000000002632e+01 5.477467226982116699e+01 5.300000000000000000e+01 4.920000000000000000e+02
3.471200000000003882e+01 5.477467226982116699e+01 5.400000000000000000e+01 6.860000000000000000e+02
3.539200000000001012e+01 5.477467226982116699e+01 5.500000000000000000e+01 1.054000000000000000e+03
3.632200000000008799e+01 5.477467226982116699e+01 5.600000000000000000e+01 1.111000000000000000e+03
3.704000000000005599e+01 5.477467226982116699e+01 5.700000000000000000e+01 9.250000000000000000e+02
3.773700000000012267e+01 5.477467226982116699e+01 5.800000000000000000e+01 1.397000000000000000e+03
3.950900000000015666e+01 5.477467226982116699e+01 5.900000000000000000e+01 1.491000000000000000e+03
4.031600000000018724e+01 5.477467226982116699e+01 6.000000000000000000e+01 1.320000000000000000e+03
4.100400000000025358e+01 5.477467226982116699e+01 6.100000000000000000e+01 1.132000000000000000e+03
4.176200000000026336e+01 5.477467226982116699e+01 6.200000000000000000e+01 1.009000000000000000e+03
4.245700000000030627e+01 5.477467226982116699e+01 6.300000000000000000e+01 1.828000000000000000e+03
4.382600000000035578e+01 5.477467226982116699e+01 6.400000000000000000e+01 1.444000000000000000e+03
4.488100000000038392e+01 5.477467226982116699e+01 6.500000000000000000e+01 2.440000000000000000e+03
4.581100000000041916e+01 5.477467226982116699e+01 6.600000000000000000e+01 1.392000000000000000e+03
4.681200000000045947e+01 5.477467226982116699e+01 6.700000000000000000e+01 1.326000000000000000e+03
4.833200000000051233e+01 5.477467226982116699e+01 6.800000000000000000e+01 1.225000000000000000e+03
4.893200000000054928e+01 5.477467226982116699e+01 6.900000000000000000e+01 1.303000000000000000e+03
5.032300000000059725e+01 5.477467226982116699e+01 7.000000000000000000e+01 1.858000000000000000e+03
5.362700000000072720e+01 5.477467226982116699e+01 7.100000000000000000e+01 1.977000000000000000e+03
5.468200000000076955e+01 5.477467226982116699e+01 7.200000000000000000e+01 2.044000000000000000e+03
5.477467226982116699e+01 5.477467226982116699e+01 7.300000000000000000e+01 8.330000000000000000e+02
5.477467226982116699e+01 5.477467226982116699e+01 7.400000000000000000e+01 7.210000000000000000e+02
4.568999999999999950e+00 5.440423870086669922e+01 0.000000000000000000e+00 1.000000000000000000e+01
5.125999999999999446e+00 5.440423870086669922e+01 1.000000000000000000e+00 2.200000000000000000e+01
6.375000000000000000e+00 5.440423870086669922e+01 2.000000000000000000e+00 2.300000000000000000e+01
6.900999999999999801e+00 5.440423870086669922e+01 3.000000000000000000e+00 2.900000000000000000e+01
7.416999999999999815e+00 5.440423870086669922e+01 4.000000000000000000e+00 1.700000000000000000e+01
8.410999999999997812e+00 5.440423870086669922e+01 5.000000000000000000e+00 2.800000000000000000e+01
8.897999999999996135e+00 5.440423870086669922e+01 6.000000000000000000e+00 4.900000000000000000e+01
9.529999999999997584e+00 5.440423870086669922e+01 7.000000000000000000e+00 4.600000000000000000e+01
9.992999999999996774e+00 5.440423870086669922e+01 8.000000000000000000e+00 2.900000000000000000e+01
1.057599999999999518e+01 5.440423870086669922e+01 9.000000000000000000e+00 5.400000000000000000e+01
1.132399999999999274e+01 5.440423870086669922e+01 1.000000000000000000e+01 5.600000000000000000e+01
1.189299999999999180e+01 5.440423870086669922e+01 1.100000000000000000e+01 6.100000000000000000e+01
1.244299999999999073e+01 5.440423870086669922e+01 1.200000000000000000e+01 6.800000000000000000e+01
1.293999999999999062e+01 5.440423870086669922e+01 1.300000000000000000e+01 9.700000000000000000e+01
1.350299999999998946e+01 5.440423870086669922e+01 1.400000000000000000e+01 6.100000000000000000e+01
1.369699999999999029e+01 5.440423870086669922e+01 1.500000000000000000e+01 6.900000000000000000e+01
1.413599999999998857e+01 5.440423870086669922e+01 1.600000000000000000e+01 1.000000000000000000e+02
1.449599999999998801e+01 5.440423870086669922e+01 1.700000000000000000e+01 8.900000000000000000e+01
1.530799999999998739e+01 5.440423870086669922e+01 1.800000000000000000e+01 9.800000000000000000e+01
1.540999999999998771e+01 5.440423870086669922e+01 1.900000000000000000e+01 8.400000000000000000e+01
1.619099999999999184e+01 5.440423870086669922e+01 2.000000000000000000e+01 8.100000000000000000e+01
1.671999999999999531e+01 5.440423870086669922e+01 2.100000000000000000e+01 1.170000000000000000e+02
1.748999999999999488e+01 5.440423870086669922e+01 2.200000000000000000e+01 8.200000000000000000e+01
1.763899999999999579e+01 5.440423870086669922e+01 2.300000000000000000e+01 1.010000000000000000e+02
1.821399999999999508e+01 5.440423870086669922e+01 2.400000000000000000e+01 1.740000000000000000e+02
1.866499999999999559e+01 5.440423870086669922e+01 2.500000000000000000e+01 1.690000000000000000e+02
1.894699999999999562e+01 5.440423870086669922e+01 2.600000000000000000e+01 1.300000000000000000e+02
1.946199999999999619e+01 5.440423870086669922e+01 2.700000000000000000e+01 2.100000000000000000e+02
1.987599999999999412e+01 5.440423870086669922e+01 2.800000000000000000e+01 1.620000000000000000e+02
2.035699999999998866e+01 5.440423870086669922e+01 2.900000000000000000e+01 1.740000000000000000e+02
2.074299999999999145e+01 5.440423870086669922e+01 3.000000000000000000e+01 2.240000000000000000e+02
2.133700000000000330e+01 5.440423870086669922e+01 3.100000000000000000e+01 1.790000000000000000e+02
2.171100000000000918e+01 5.440423870086669922e+01 3.200000000000000000e+01 2.320000000000000000e+02
2.232500000000001705e+01 5.440423870086669922e+01 3.300000000000000000e+01 1.960000000000000000e+02
2.283800000000001518e+01 5.440423870086669922e+01 3.400000000000000000e+01 2.830000000000000000e+02
2.342400000000001015e+01 5.440423870086669922e+01 3.500000000000000000e+01 3.010000000000000000e+02
2.408000000000000540e+01 5.440423870086669922e+01 3.600000000000000000e+01 3.080000000000000000e+02
2.485400000000000276e+01 5.440423870086669922e+01 3.700000000000000000e+01 2.890000000000000000e+02
2.502300000000000324e+01 5.440423870086669922e+01 3.800000000000000000e+01 3.450000000000000000e+02
2.533900000000000574e+01 5.440423870086669922e+01 3.900000000000000000e+01 4.600000000000000000e+02
2.604699999999998994e+01 5.440423870086669922e+01 4.000000000000000000e+01 3.080000000000000000e+02
2.646699999999998809e+01 5.440423870086669922e+01 4.100000000000000000e+01 2.370000000000000000e+02
2.687099999999998090e+01 5.440423870086669922e+01 4.200000000000000000e+01 4.590000000000000000e+02
2.751599999999999113e+01 5.440423870086669922e+01 4.300000000000000000e+01 4.570000000000000000e+02
2.827300000000001390e+01 5.440423870086669922e+01 4.400000000000000000e+01 5.030000000000000000e+02
2.925999999999999801e+01 5.440423870086669922e+01 4.500000000000000000e+01 4.120000000000000000e+02
2.946899999999999764e+01 5.440423870086669922e+01 4.600000000000000000e+01 5.390000000000000000e+02
3.073000000000003595e+01 5.440423870086669922e+01 4.700000000000000000e+01 4.250000000000000000e+02
3.134200000000002007e+01 5.440423870086669922e+01 4.800000000000000000e+01 7.120000000000000000e+02
3.198900000000002564e+01 5.440423870086669922e+01 4.900000000000000000e+01 8.470000000000000000e+02
3.284200000000002007e+01 5.440423870086669922e+01 5.000000000000000000e+01 7.750000000000000000e+02
3.354200000000006554e+01 5.440423870086669922e+01 5.100000000000000000e+01 7.640000000000000000e+02
3.529300000000013426e+01 5.440423870086669922e+01 5.200000000000000000e+01 9.310000000000000000e+02
3.574000000000014410e+01 5.440423870086669922e+01 5.300000000000000000e+01 8.480000000000000000e+02
3.678300000000020731e+01 5.440423870086669922e+01 5.400000000000000000e+01 1.285000000000000000e+03
3.751200000000018520e+01 5.440423870086669922e+01 5.500000000000000000e+01 1.076000000000000000e+03
3.833500000000024244e+01 5.440423870086669922e+01 5.600000000000000000e+01 1.244000000000000000e+03
3.888500000000021117e+01 5.440423870086669922e+01 5.700000000000000000e+01 1.171000000000000000e+03
3.947300000000025477e+01 5.440423870086669922e+01 5.800000000000000000e+01 8.500000000000000000e+02
3.977700000000029945e+01 5.440423870086669922e+01 5.900000000000000000e+01 1.479000000000000000e+03
4.106600000000031514e+01 5.440423870086669922e+01 6.000000000000000000e+01 9.390000000000000000e+02
4.176200000000037704e+01 5.440423870086669922e+01 6.100000000000000000e+01 1.890000000000000000e+03
4.272500000000042064e+01 5.440423870086669922e+01 6.200000000000000000e+01 1.950000000000000000e+03
4.378900000000046333e+01 5.440423870086669922e+01 6.300000000000000000e+01 9.570000000000000000e+02
4.431400000000048323e+01 5.440423870086669922e+01 6.400000000000000000e+01 1.104000000000000000e+03
4.477900000000050085e+01 5.440423870086669922e+01 6.500000000000000000e+01 2.014000000000000000e+03
4.548300000000053700e+01 5.440423870086669922e+01 6.600000000000000000e+01 2.103000000000000000e+03
4.766300000000062909e+01 5.440423870086669922e+01 6.700000000000000000e+01 1.225000000000000000e+03
4.864000000000065427e+01 5.440423870086669922e+01 6.800000000000000000e+01 1.127000000000000000e+03
4.957200000000068485e+01 5.440423870086669922e+01 6.900000000000000000e+01 1.706000000000000000e+03
5.032200000000074169e+01 5.440423870086669922e+01 7.000000000000000000e+01 1.476000000000000000e+03
5.193500000000079098e+01 5.440423870086669922e+01 7.100000000000000000e+01 1.144000000000000000e+03
5.431100000000088102e+01 5.440423870086669922e+01 7.200000000000000000e+01 9.580000000000000000e+02
5.440423870086669922e+01 5.440423870086669922e+01 7.300000000000000000e+01 8.640000000000000000e+02
5.440423870086669922e+01 5.440423870086669922e+01 7.400000000000000000e+01 9.270000000000000000e+02
5.376999999999999780e+00 6.009716153144836426e+01 0.000000000000000000e+00 1.200000000000000000e+01
6.126999999999999780e+00 6.009716153144836426e+01 1.000000000000000000e+00 1.500000000000000000e+01
7.210999999999999410e+00 6.009716153144836426e+01 2.000000000000000000e+00 2.600000000000000000e+01
7.913999999999999702e+00 6.009716153144836426e+01 3.000000000000000000e+00 1.700000000000000000e+01
8.772999999999999687e+00 6.009716153144836426e+01 4.000000000000000000e+00 4.300000000000000000e+01
9.772000000000002018e+00 6.009716153144836426e+01 5.000000000000000000e+00 2.800000000000000000e+01
1.009800000000000075e+01 6.009716153144836426e+01 6.000000000000000000e+00 6.900000000000000000e+01
1.119500000000000384e+01 6.009716153144836426e+01 7.000000000000000000e+00 6.100000000000000000e+01
1.273600000000000421e+01 6.009716153144836426e+01 8.000000000000000000e+00 2.300000000000000000e+01
1.271500000000000341e+01 6.009716153144836426e+01 9.000000000000000000e+00 4.800000000000000000e+01
1.287100000000000399e+01 6.009716153144836426e+01 1.000000000000000000e+01 4.000000000000000000e+01
1.402700000000000458e+01 6.009716153144836426e+01 1.100000000000000000e+01 8.900000000000000000e+01
1.402700000000000458e+01 6.009716153144836426e+01 1.200000000000000000e+01 8.400000000000000000e+01
1.456900000000000261e+01 6.009716153144836426e+01 1.300000000000000000e+01 8.900000000000000000e+01
1.509000000000000341e+01 6.009716153144836426e+01 1.400000000000000000e+01 8.800000000000000000e+01
1.635200000000000387e+01 6.009716153144836426e+01 1.500000000000000000e+01 1.410000000000000000e+02
1.684500000000000597e+01 6.009716153144836426e+01 1.600000000000000000e+01 1.440000000000000000e+02
1.720500000000000540e+01 6.009716153144836426e+01 1.700000000000000000e+01 1.160000000000000000e+02
1.767000000000000171e+01 6.009716153144836426e+01 1.800000000000000000e+01 1.140000000000000000e+02
1.778500000000000014e+01 6.009716153144836426e+01 1.900000000000000000e+01 1.450000000000000000e+02
1.822300000000000253e+01 6.009716153144836426e+01 2.000000000000000000e+01 2.000000000000000000e+02
1.864800000000000679e+01 6.009716153144836426e+01 2.100000000000000000e+01 1.100000000000000000e+02
1.905900000000000816e+01 6.009716153144836426e+01 2.200000000000000000e+01 1.730000000000000000e+02
1.911900000000000333e+01 6.009716153144836426e+01 2.300000000000000000e+01 1.670000000000000000e+02
2.012400000000000233e+01 6.009716153144836426e+01 2.400000000000000000e+01 2.130000000000000000e+02
2.030799999999999272e+01 6.009716153144836426e+01 2.500000000000000000e+01 1.590000000000000000e+02
2.113199999999999434e+01 6.009716153144836426e+01 2.600000000000000000e+01 2.660000000000000000e+02
2.164899999999999025e+01 6.009716153144836426e+01 2.700000000000000000e+01 2.030000000000000000e+02
2.223099999999998033e+01 6.009716153144836426e+01 2.800000000000000000e+01 2.530000000000000000e+02
2.249099999999997834e+01 6.009716153144836426e+01 2.900000000000000000e+01 2.410000000000000000e+02
2.311399999999997945e+01 6.009716153144836426e+01 3.000000000000000000e+01 2.810000000000000000e+02
2.319199999999997885e+01 6.009716153144836426e+01 3.100000000000000000e+01 2.360000000000000000e+02
2.369599999999998019e+01 6.009716153144836426e+01 3.200000000000000000e+01 2.820000000000000000e+02
2.409599999999997166e+01 6.009716153144836426e+01 3.300000000000000000e+01 2.640000000000000000e+02
2.432099999999997308e+01 6.009716153144836426e+01 3.400000000000000000e+01 3.410000000000000000e+02
2.483399999999997121e+01 6.009716153144836426e+01 3.500000000000000000e+01 3.170000000000000000e+02
2.521099999999997365e+01 6.009716153144836426e+01 3.600000000000000000e+01 2.890000000000000000e+02
2.568199999999997374e+01 6.009716153144836426e+01 3.700000000000000000e+01 3.640000000000000000e+02
2.593699999999997630e+01 6.009716153144836426e+01 3.800000000000000000e+01 4.600000000000000000e+02
2.725799999999997070e+01 6.009716153144836426e+01 3.900000000000000000e+01 3.580000000000000000e+02
2.792599999999995575e+01 6.009716153144836426e+01 4.000000000000000000e+01 4.580000000000000000e+02
2.860999999999994614e+01 6.009716153144836426e+01 4.100000000000000000e+01 4.260000000000000000e+02
2.888399999999994350e+01 6.009716153144836426e+01 4.200000000000000000e+01 3.090000000000000000e+02
2.943499999999995254e+01 6.009716153144836426e+01 4.300000000000000000e+01 6.040000000000000000e+02
2.975099999999996214e+01 6.009716153144836426e+01 4.400000000000000000e+01 5.080000000000000000e+02
3.036999999999995481e+01 6.009716153144836426e+01 4.500000000000000000e+01 4.460000000000000000e+02
3.061199999999995924e+01 6.009716153144836426e+01 4.600000000000000000e+01 6.060000000000000000e+02
3.113399999999997192e+01 6.009716153144836426e+01 4.700000000000000000e+01 5.690000000000000000e+02
3.129999999999997229e+01 6.009716153144836426e+01 4.800000000000000000e+01 6.040000000000000000e+02
3.209199999999997033e+01 6.009716153144836426e+01 4.900000000000000000e+01 7.240000000000000000e+02
3.290399999999996083e+01 6.009716153144836426e+01 5.000000000000000000e+01 5.470000000000000000e+02
3.351000000000001222e+01 6.009716153144836426e+01 5.100000000000000000e+01 6.910000000000000000e+02
3.447100000000004627e+01 6.009716153144836426e+01 5.200000000000000000e+01 8.090000000000000000e+02
3.485300000000005127e+01 6.009716153144836426e+01 5.300000000000000000e+01 7.500000000000000000e+02
3.520500000000009777e+01 6.009716153144836426e+01 5.400000000000000000e+01 8.550000000000000000e+02
3.615100000000005309e+01 6.009716153144836426e+01 5.500000000000000000e+01 1.045000000000000000e+03
3.707600000000012130e+01 6.009716153144836426e+01 5.600000000000000000e+01 7.850000000000000000e+02
3.785300000000010101e+01 6.009716153144836426e+01 5.700000000000000000e+01 7.570000000000000000e+02
3.845800000000016183e+01 6.009716153144836426e+01 5.800000000000000000e+01 1.210000000000000000e+03
3.944200000000017781e+01 6.009716153144836426e+01 5.900000000000000000e+01 6.030000000000000000e+02
3.990100000000019520e+01 6.009716153144836426e+01 6.000000000000000000e+01 1.121000000000000000e+03
4.065100000000025915e+01 6.009716153144836426e+01 6.100000000000000000e+01 1.654000000000000000e+03
4.137900000000029621e+01 6.009716153144836426e+01 6.200000000000000000e+01 8.960000000000000000e+02
4.272200000000034947e+01 6.009716153144836426e+01 6.300000000000000000e+01 1.822000000000000000e+03
4.374500000000040245e+01 6.009716153144836426e+01 6.400000000000000000e+01 8.770000000000000000e+02
4.499300000000042132e+01 6.009716153144836426e+01 6.500000000000000000e+01 1.344000000000000000e+03
4.564400000000044599e+01 6.009716153144836426e+01 6.600000000000000000e+01 2.107000000000000000e+03
4.644100000000047856e+01 6.009716153144836426e+01 6.700000000000000000e+01 1.117000000000000000e+03
4.758700000000052910e+01 6.009716153144836426e+01 6.800000000000000000e+01 1.110000000000000000e+03
4.816700000000057003e+01 6.009716153144836426e+01 6.900000000000000000e+01 1.345000000000000000e+03
4.941900000000061510e+01 6.009716153144836426e+01 7.000000000000000000e+01 1.256000000000000000e+03
5.902100000000095292e+01 6.009716153144836426e+01 7.100000000000000000e+01 2.709000000000000000e+03
6.007400000000099993e+01 6.009716153144836426e+01 7.200000000000000000e+01 2.493000000000000000e+03
6.009716153144836426e+01 6.009716153144836426e+01 7.300000000000000000e+01 6.290000000000000000e+02
6.009716153144836426e+01 6.009716153144836426e+01 7.400000000000000000e+01 7.240000000000000000e+02
4.216999999999999638e+00 6.038398146629333496e+01 0.000000000000000000e+00 1.000000000000000000e+00
5.504999999999999893e+00 6.038398146629333496e+01 1.000000000000000000e+00 8.000000000000000000e+00
6.935999999999999055e+00 6.038398146629333496e+01 2.000000000000000000e+00 1.400000000000000000e+01
7.813999999999999169e+00 6.038398146629333496e+01 3.000000000000000000e+00 2.700000000000000000e+01
8.157000000000000028e+00 6.038398146629333496e+01 4.000000000000000000e+00 2.900000000000000000e+01
8.820999999999997954e+00 6.038398146629333496e+01 5.000000000000000000e+00 1.500000000000000000e+01
9.630999999999996675e+00 6.038398146629333496e+01 6.000000000000000000e+00 3.000000000000000000e+01
1.042099999999999760e+01 6.038398146629333496e+01 7.000000000000000000e+00 5.500000000000000000e+01
1.118999999999999773e+01 6.038398146629333496e+01 8.000000000000000000e+00 4.500000000000000000e+01
1.224099999999999433e+01 6.038398146629333496e+01 9.000000000000000000e+00 5.800000000000000000e+01
1.205299999999999372e+01 6.038398146629333496e+01 1.000000000000000000e+01 3.600000000000000000e+01
1.267299999999999471e+01 6.038398146629333496e+01 1.100000000000000000e+01 6.000000000000000000e+01
1.295099999999999518e+01 6.038398146629333496e+01 1.200000000000000000e+01 6.300000000000000000e+01
1.376099999999999568e+01 6.038398146629333496e+01 1.300000000000000000e+01 6.400000000000000000e+01
1.415299999999999692e+01 6.038398146629333496e+01 1.400000000000000000e+01 4.800000000000000000e+01
1.504599999999999582e+01 6.038398146629333496e+01 1.500000000000000000e+01 6.500000000000000000e+01
1.517099999999999582e+01 6.038398146629333496e+01 1.600000000000000000e+01 8.400000000000000000e+01
1.552999999999999581e+01 6.038398146629333496e+01 1.700000000000000000e+01 1.080000000000000000e+02
1.656799999999999073e+01 6.038398146629333496e+01 1.800000000000000000e+01 1.220000000000000000e+02
1.723999999999998778e+01 6.038398146629333496e+01 1.900000000000000000e+01 1.020000000000000000e+02
1.704899999999998883e+01 6.038398146629333496e+01 2.000000000000000000e+01 8.000000000000000000e+01
1.765799999999998704e+01 6.038398146629333496e+01 2.100000000000000000e+01 1.390000000000000000e+02
1.869399999999997775e+01 6.038398146629333496e+01 2.200000000000000000e+01 1.550000000000000000e+02
1.862699999999998113e+01 6.038398146629333496e+01 2.300000000000000000e+01 1.600000000000000000e+02
1.937099999999998090e+01 6.038398146629333496e+01 2.400000000000000000e+01 2.040000000000000000e+02
2.019899999999998030e+01 6.038398146629333496e+01 2.500000000000000000e+01 2.000000000000000000e+02
2.055799999999997496e+01 6.038398146629333496e+01 2.600000000000000000e+01 1.420000000000000000e+02
2.108999999999997854e+01 6.038398146629333496e+01 2.700000000000000000e+01 1.530000000000000000e+02
2.175399999999997291e+01 6.038398146629333496e+01 2.800000000000000000e+01 1.980000000000000000e+02
2.295199999999996265e+01 6.038398146629333496e+01 2.900000000000000000e+01 1.670000000000000000e+02
2.341599999999997195e+01 6.038398146629333496e+01 3.000000000000000000e+01 3.000000000000000000e+02
2.393599999999998218e+01 6.038398146629333496e+01 3.100000000000000000e+01 2.260000000000000000e+02
2.486399999999999011e+01 6.038398146629333496e+01 3.200000000000000000e+01 2.530000000000000000e+02
2.534599999999999298e+01 6.038398146629333496e+01 3.300000000000000000e+01 2.880000000000000000e+02
2.581199999999999051e+01 6.038398146629333496e+01 3.400000000000000000e+01 2.840000000000000000e+02
2.631999999999998963e+01 6.038398146629333496e+01 3.500000000000000000e+01 2.450000000000000000e+02
2.668499999999998806e+01 6.038398146629333496e+01 3.600000000000000000e+01 2.690000000000000000e+02
2.715199999999998681e+01 6.038398146629333496e+01 3.700000000000000000e+01 3.300000000000000000e+02
2.808899999999999153e+01 6.038398146629333496e+01 3.800000000000000000e+01 3.410000000000000000e+02
2.874799999999999756e+01 6.038398146629333496e+01 3.900000000000000000e+01 4.890000000000000000e+02
2.920299999999998519e+01 6.038398146629333496e+01 4.000000000000000000e+01 3.210000000000000000e+02
2.952399999999997604e+01 6.038398146629333496e+01 4.100000000000000000e+01 4.420000000000000000e+02
3.006699999999997530e+01 6.038398146629333496e+01 4.200000000000000000e+01 5.040000000000000000e+02
3.024599999999997735e+01 6.038398146629333496e+01 4.300000000000000000e+01 5.640000000000000000e+02
3.100399999999999423e+01 6.038398146629333496e+01 4.400000000000000000e+01 5.130000000000000000e+02
3.204199999999999449e+01 6.038398146629333496e+01 4.500000000000000000e+01 5.300000000000000000e+02
3.249799999999996203e+01 6.038398146629333496e+01 4.600000000000000000e+01 4.730000000000000000e+02
3.270299999999996743e+01 6.038398146629333496e+01 4.700000000000000000e+01 6.220000000000000000e+02
3.322799999999995180e+01 6.038398146629333496e+01 4.800000000000000000e+01 6.080000000000000000e+02
3.399699999999988620e+01 6.038398146629333496e+01 4.900000000000000000e+01 7.510000000000000000e+02
3.460699999999988563e+01 6.038398146629333496e+01 5.000000000000000000e+01 7.000000000000000000e+02
3.485199999999991149e+01 6.038398146629333496e+01 5.100000000000000000e+01 7.740000000000000000e+02
3.568099999999994765e+01 6.038398146629333496e+01 5.200000000000000000e+01 6.070000000000000000e+02
3.659599999999993258e+01 6.038398146629333496e+01 5.300000000000000000e+01 6.210000000000000000e+02
3.685199999999996834e+01 6.038398146629333496e+01 5.400000000000000000e+01 8.020000000000000000e+02
3.757899999999992957e+01 6.038398146629333496e+01 5.500000000000000000e+01 9.420000000000000000e+02
3.853400000000001313e+01 6.038398146629333496e+01 5.600000000000000000e+01 9.400000000000000000e+02
3.877799999999999159e+01 6.038398146629333496e+01 5.700000000000000000e+01 9.010000000000000000e+02
3.954300000000003479e+01 6.038398146629333496e+01 5.800000000000000000e+01 1.038000000000000000e+03
4.057000000000005713e+01 6.038398146629333496e+01 5.900000000000000000e+01 1.278000000000000000e+03
4.210300000000011522e+01 6.038398146629333496e+01 6.000000000000000000e+01 1.772000000000000000e+03
4.349500000000020350e+01 6.038398146629333496e+01 6.100000000000000000e+01 1.230000000000000000e+03
4.442400000000024107e+01 6.038398146629333496e+01 6.200000000000000000e+01 1.367000000000000000e+03
4.514300000000026358e+01 6.038398146629333496e+01 6.300000000000000000e+01 1.209000000000000000e+03
4.597000000000029729e+01 6.038398146629333496e+01 6.400000000000000000e+01 1.715000000000000000e+03
4.697500000000032827e+01 6.038398146629333496e+01 6.500000000000000000e+01 1.125000000000000000e+03
4.800300000000038381e+01 6.038398146629333496e+01 6.600000000000000000e+01 1.120000000000000000e+03
4.894000000000040274e+01 6.038398146629333496e+01 6.700000000000000000e+01 2.591000000000000000e+03
5.011000000000044707e+01 6.038398146629333496e+01 6.800000000000000000e+01 1.160000000000000000e+03
5.061400000000048749e+01 6.038398146629333496e+01 6.900000000000000000e+01 1.589000000000000000e+03
5.236000000000053234e+01 6.038398146629333496e+01 7.000000000000000000e+01 1.461000000000000000e+03
5.932500000000080576e+01 6.038398146629333496e+01 7.100000000000000000e+01 2.088000000000000000e+03
6.034600000000083497e+01 6.038398146629333496e+01 7.200000000000000000e+01 2.298000000000000000e+03
6.038398146629333496e+01 6.038398146629333496e+01 7.300000000000000000e+01 8.180000000000000000e+02
6.038398146629333496e+01 6.038398146629333496e+01 7.400000000000000000e+01 9.310000000000000000e+02
3.294999999999999929e+00 5.467020773887634277e+01 0.000000000000000000e+00 0.000000000000000000e+00
5.116000000000001435e+00 5.467020773887634277e+01 1.000000000000000000e+00 4.000000000000000000e+00
5.655000000000002025e+00 5.467020773887634277e+01 2.000000000000000000e+00 1.100000000000000000e+01
7.386000000000001009e+00 5.467020773887634277e+01 3.000000000000000000e+00 2.600000000000000000e+01
8.573000000000000398e+00 5.467020773887634277e+01 4.000000000000000000e+00 2.800000000000000000e+01
9.572999999999998622e+00 5.467020773887634277e+01 5.000000000000000000e+00 6.400000000000000000e+01
9.884999999999998010e+00 5.467020773887634277e+01 6.000000000000000000e+00 4.800000000000000000e+01
1.052899999999999814e+01 5.467020773887634277e+01 7.000000000000000000e+00 5.300000000000000000e+01
1.052899999999999814e+01 5.467020773887634277e+01 8.000000000000000000e+00 5.300000000000000000e+01
1.097999999999999865e+01 5.467020773887634277e+01 9.000000000000000000e+00 7.400000000000000000e+01
1.127099999999999902e+01 5.467020773887634277e+01 1.000000000000000000e+01 7.100000000000000000e+01
1.155399999999999849e+01 5.467020773887634277e+01 1.100000000000000000e+01 7.900000000000000000e+01
1.192699999999999605e+01 5.467020773887634277e+01 1.200000000000000000e+01 4.800000000000000000e+01
1.237199999999999633e+01 5.467020773887634277e+01 1.300000000000000000e+01 1.240000000000000000e+02
1.289099999999999469e+01 5.467020773887634277e+01 1.400000000000000000e+01 5.400000000000000000e+01
1.326799999999999535e+01 5.467020773887634277e+01 1.500000000000000000e+01 9.000000000000000000e+01
1.363599999999999390e+01 5.467020773887634277e+01 1.600000000000000000e+01 8.100000000000000000e+01
1.397099999999999653e+01 5.467020773887634277e+01 1.700000000000000000e+01 7.400000000000000000e+01
1.395399999999999352e+01 5.467020773887634277e+01 1.800000000000000000e+01 8.900000000000000000e+01
1.464899999999999558e+01 5.467020773887634277e+01 1.900000000000000000e+01 8.600000000000000000e+01
1.543099999999999739e+01 5.467020773887634277e+01 2.000000000000000000e+01 1.210000000000000000e+02
1.595499999999999474e+01 5.467020773887634277e+01 2.100000000000000000e+01 8.400000000000000000e+01
1.625999999999999446e+01 5.467020773887634277e+01 2.200000000000000000e+01 1.170000000000000000e+02
1.723999999999999133e+01 5.467020773887634277e+01 2.300000000000000000e+01 1.480000000000000000e+02
1.790399999999999281e+01 5.467020773887634277e+01 2.400000000000000000e+01 1.980000000000000000e+02
1.845599999999999241e+01 5.467020773887634277e+01 2.500000000000000000e+01 1.840000000000000000e+02
1.872399999999998954e+01 5.467020773887634277e+01 2.600000000000000000e+01 1.950000000000000000e+02
1.920399999999999352e+01 5.467020773887634277e+01 2.700000000000000000e+01 1.590000000000000000e+02
1.940599999999999525e+01 5.467020773887634277e+01 2.800000000000000000e+01 1.680000000000000000e+02
2.027999999999999048e+01 5.467020773887634277e+01 2.900000000000000000e+01 2.150000000000000000e+02
2.096799999999999642e+01 5.467020773887634277e+01 3.000000000000000000e+01 2.220000000000000000e+02
2.104199999999999804e+01 5.467020773887634277e+01 3.100000000000000000e+01 2.580000000000000000e+02
2.168900000000000716e+01 5.467020773887634277e+01 3.200000000000000000e+01 2.530000000000000000e+02
2.182800000000001006e+01 5.467020773887634277e+01 3.300000000000000000e+01 1.880000000000000000e+02
2.235400000000000986e+01 5.467020773887634277e+01 3.400000000000000000e+01 3.310000000000000000e+02
2.305000000000000782e+01 5.467020773887634277e+01 3.500000000000000000e+01 2.130000000000000000e+02
2.284200000000000585e+01 5.467020773887634277e+01 3.600000000000000000e+01 3.150000000000000000e+02
2.382900000000000418e+01 5.467020773887634277e+01 3.700000000000000000e+01 3.630000000000000000e+02
2.461899999999999977e+01 5.467020773887634277e+01 3.800000000000000000e+01 2.780000000000000000e+02
2.468299999999999983e+01 5.467020773887634277e+01 3.900000000000000000e+01 3.900000000000000000e+02
2.547599999999999909e+01 5.467020773887634277e+01 4.000000000000000000e+01 4.520000000000000000e+02
2.562999999999998835e+01 5.467020773887634277e+01 4.100000000000000000e+01 3.810000000000000000e+02
2.662199999999998212e+01 5.467020773887634277e+01 4.200000000000000000e+01 4.830000000000000000e+02
2.728199999999998937e+01 5.467020773887634277e+01 4.300000000000000000e+01 3.620000000000000000e+02
2.774399999999999977e+01 5.467020773887634277e+01 4.400000000000000000e+01 3.470000000000000000e+02
2.834299999999999997e+01 5.467020773887634277e+01 4.500000000000000000e+01 5.080000000000000000e+02
2.881400000000000006e+01 5.467020773887634277e+01 4.600000000000000000e+01 5.900000000000000000e+02
2.924000000000000199e+01 5.467020773887634277e+01 4.700000000000000000e+01 7.070000000000000000e+02
2.953799999999999670e+01 5.467020773887634277e+01 4.800000000000000000e+01 6.450000000000000000e+02
3.028699999999999548e+01 5.467020773887634277e+01 4.900000000000000000e+01 4.100000000000000000e+02
3.161000000000002430e+01 5.467020773887634277e+01 5.000000000000000000e+01 6.330000000000000000e+02
3.237000000000003297e+01 5.467020773887634277e+01 5.100000000000000000e+01 8.570000000000000000e+02
3.261800000000004474e+01 5.467020773887634277e+01 5.200000000000000000e+01 6.630000000000000000e+02
3.330500000000003524e+01 5.467020773887634277e+01 5.300000000000000000e+01 9.590000000000000000e+02
3.454300000000015558e+01 5.467020773887634277e+01 5.400000000000000000e+01 1.106000000000000000e+03
3.550800000000011636e+01 5.467020773887634277e+01 5.500000000000000000e+01 7.780000000000000000e+02
3.662700000000022982e+01 5.467020773887634277e+01 5.600000000000000000e+01 1.324000000000000000e+03
3.689100000000021140e+01 5.467020773887634277e+01 5.700000000000000000e+01 1.208000000000000000e+03
3.810500000000031662e+01 5.467020773887634277e+01 5.800000000000000000e+01 1.190000000000000000e+03
3.885900000000031440e+01 5.467020773887634277e+01 5.900000000000000000e+01 1.230000000000000000e+03
3.955500000000033367e+01 5.467020773887634277e+01 6.000000000000000000e+01 1.789000000000000000e+03
4.041800000000040427e+01 5.467020773887634277e+01 6.100000000000000000e+01 1.537000000000000000e+03
4.139200000000046487e+01 5.467020773887634277e+01 6.200000000000000000e+01 1.748000000000000000e+03
4.246900000000050568e+01 5.467020773887634277e+01 6.300000000000000000e+01 1.066000000000000000e+03
4.341100000000054138e+01 5.467020773887634277e+01 6.400000000000000000e+01 1.205000000000000000e+03
4.432900000000057616e+01 5.467020773887634277e+01 6.500000000000000000e+01 1.682000000000000000e+03
4.528400000000060999e+01 5.467020773887634277e+01 6.600000000000000000e+01 1.581000000000000000e+03
4.635600000000065535e+01 5.467020773887634277e+01 6.700000000000000000e+01 1.481000000000000000e+03
4.728300000000069048e+01 5.467020773887634277e+01 6.800000000000000000e+01 1.454000000000000000e+03
4.998600000000079291e+01 5.467020773887634277e+01 6.900000000000000000e+01 1.315000000000000000e+03
5.259500000000088704e+01 5.467020773887634277e+01 7.000000000000000000e+01 3.267000000000000000e+03
5.367100000000093019e+01 5.467020773887634277e+01 7.100000000000000000e+01 1.696000000000000000e+03
5.466300000000097015e+01 5.467020773887634277e+01 7.200000000000000000e+01 1.485000000000000000e+03
5.467020773887634277e+01 5.467020773887634277e+01 7.300000000000000000e+01 8.940000000000000000e+02
5.467020773887634277e+01 5.467020773887634277e+01 7.400000000000000000e+01 8.040000000000000000e+02
3.686999999999999833e+00 5.360180735588073730e+01 0.000000000000000000e+00 0.000000000000000000e+00
5.540000000000000036e+00 5.360180735588073730e+01 1.000000000000000000e+00 2.000000000000000000e+00
6.081999999999999851e+00 5.360180735588073730e+01 2.000000000000000000e+00 1.500000000000000000e+01
6.958000000000000185e+00 5.360180735588073730e+01 3.000000000000000000e+00 1.800000000000000000e+01
7.820000000000000284e+00 5.360180735588073730e+01 4.000000000000000000e+00 1.400000000000000000e+01
8.488000000000001322e+00 5.360180735588073730e+01 5.000000000000000000e+00 2.200000000000000000e+01
9.302000000000003155e+00 5.360180735588073730e+01 6.000000000000000000e+00 3.000000000000000000e+01
1.056600000000000250e+01 5.360180735588073730e+01 7.000000000000000000e+00 2.600000000000000000e+01
1.087600000000000300e+01 5.360180735588073730e+01 8.000000000000000000e+00 2.700000000000000000e+01
1.147700000000000031e+01 5.360180735588073730e+01 9.000000000000000000e+00 3.100000000000000000e+01
1.220600000000000129e+01 5.360180735588073730e+01 1.000000000000000000e+01 4.200000000000000000e+01
1.263400000000000212e+01 5.360180735588073730e+01 1.100000000000000000e+01 3.500000000000000000e+01
1.332600000000000229e+01 5.360180735588073730e+01 1.200000000000000000e+01 6.200000000000000000e+01
1.400000000000000355e+01 5.360180735588073730e+01 1.300000000000000000e+01 6.500000000000000000e+01
1.439400000000000546e+01 5.360180735588073730e+01 1.400000000000000000e+01 5.900000000000000000e+01
1.490500000000000647e+01 5.360180735588073730e+01 1.500000000000000000e+01 3.700000000000000000e+01
1.576500000000000412e+01 5.360180735588073730e+01 1.600000000000000000e+01 1.220000000000000000e+02
1.636300000000000310e+01 5.360180735588073730e+01 1.700000000000000000e+01 1.020000000000000000e+02
1.694200000000000372e+01 5.360180735588073730e+01 1.800000000000000000e+01 1.410000000000000000e+02
1.728000000000000114e+01 5.360180735588073730e+01 1.900000000000000000e+01 9.800000000000000000e+01
1.771800000000000352e+01 5.360180735588073730e+01 2.000000000000000000e+01 1.540000000000000000e+02
1.803600000000000492e+01 5.360180735588073730e+01 2.100000000000000000e+01 1.690000000000000000e+02
1.831700000000000372e+01 5.360180735588073730e+01 2.200000000000000000e+01 1.220000000000000000e+02
1.953099999999999881e+01 5.360180735588073730e+01 2.300000000000000000e+01 2.070000000000000000e+02
2.014199999999999235e+01 5.360180735588073730e+01 2.400000000000000000e+01 1.820000000000000000e+02
2.042599999999999127e+01 5.360180735588073730e+01 2.500000000000000000e+01 1.620000000000000000e+02
2.074699999999998923e+01 5.360180735588073730e+01 2.600000000000000000e+01 1.700000000000000000e+02
2.119499999999997897e+01 5.360180735588073730e+01 2.700000000000000000e+01 2.160000000000000000e+02
2.178399999999997405e+01 5.360180735588073730e+01 2.800000000000000000e+01 2.230000000000000000e+02
2.182999999999997343e+01 5.360180735588073730e+01 2.900000000000000000e+01 1.700000000000000000e+02
2.279999999999997939e+01 5.360180735588073730e+01 3.000000000000000000e+01 2.550000000000000000e+02
2.324899999999998457e+01 5.360180735588073730e+01 3.100000000000000000e+01 2.450000000000000000e+02
2.375399999999998357e+01 5.360180735588073730e+01 3.200000000000000000e+01 2.840000000000000000e+02
2.386199999999998056e+01 5.360180735588073730e+01 3.300000000000000000e+01 2.340000000000000000e+02
2.476499999999998280e+01 5.360180735588073730e+01 3.400000000000000000e+01 2.370000000000000000e+02
2.525799999999997780e+01 5.360180735588073730e+01 3.500000000000000000e+01 2.590000000000000000e+02
2.594099999999997408e+01 5.360180735588073730e+01 3.600000000000000000e+01 3.190000000000000000e+02
2.650699999999996592e+01 5.360180735588073730e+01 3.700000000000000000e+01 4.570000000000000000e+02
2.694499999999997186e+01 5.360180735588073730e+01 3.800000000000000000e+01 3.110000000000000000e+02
2.737299999999997624e+01 5.360180735588073730e+01 3.900000000000000000e+01 3.960000000000000000e+02
2.792099999999997451e+01 5.360180735588073730e+01 4.000000000000000000e+01 4.490000000000000000e+02
2.842399999999996041e+01 5.360180735588073730e+01 4.100000000000000000e+01 3.040000000000000000e+02
2.863799999999996260e+01 5.360180735588073730e+01 4.200000000000000000e+01 5.030000000000000000e+02
2.900999999999996604e+01 5.360180735588073730e+01 4.300000000000000000e+01 5.460000000000000000e+02
2.966699999999998028e+01 5.360180735588073730e+01 4.400000000000000000e+01 5.340000000000000000e+02
3.012599999999997280e+01 5.360180735588073730e+01 4.500000000000000000e+01 5.320000000000000000e+02
3.111399999999997590e+01 5.360180735588073730e+01 4.600000000000000000e+01 4.440000000000000000e+02
3.154099999999999326e+01 5.360180735588073730e+01 4.700000000000000000e+01 6.230000000000000000e+02
3.247799999999996601e+01 5.360180735588073730e+01 4.800000000000000000e+01 7.370000000000000000e+02
3.284499999999994913e+01 5.360180735588073730e+01 4.900000000000000000e+01 6.530000000000000000e+02
3.316399999999994463e+01 5.360180735588073730e+01 5.000000000000000000e+01 6.760000000000000000e+02
3.381999999999996476e+01 5.360180735588073730e+01 5.100000000000000000e+01 8.070000000000000000e+02
3.433999999999999631e+01 5.360180735588073730e+01 5.200000000000000000e+01 8.150000000000000000e+02
3.532699999999998397e+01 5.360180735588073730e+01 5.300000000000000000e+01 8.190000000000000000e+02
3.590699999999999648e+01 5.360180735588073730e+01 5.400000000000000000e+01 6.060000000000000000e+02
3.635399999999997078e+01 5.360180735588073730e+01 5.500000000000000000e+01 1.143000000000000000e+03
3.708900000000003416e+01 5.360180735588073730e+01 5.600000000000000000e+01 9.820000000000000000e+02
3.780999999999999517e+01 5.360180735588073730e+01 5.700000000000000000e+01 1.055000000000000000e+03
3.840300000000004133e+01 5.360180735588073730e+01 5.800000000000000000e+01 7.890000000000000000e+02
3.906400000000008532e+01 5.360180735588073730e+01 5.900000000000000000e+01 1.212000000000000000e+03
4.027200000000010505e+01 5.360180735588073730e+01 6.000000000000000000e+01 9.480000000000000000e+02
4.065900000000014103e+01 5.360180735588073730e+01 6.100000000000000000e+01 7.590000000000000000e+02
4.147900000000016263e+01 5.360180735588073730e+01 6.200000000000000000e+01 1.288000000000000000e+03
4.222500000000020748e+01 5.360180735588073730e+01 6.300000000000000000e+01 1.623000000000000000e+03
4.338000000000023704e+01 5.360180735588073730e+01 6.400000000000000000e+01 8.790000000000000000e+02
4.458200000000028496e+01 5.360180735588073730e+01 6.500000000000000000e+01 9.360000000000000000e+02
4.544800000000031304e+01 5.360180735588073730e+01 6.600000000000000000e+01 1.531000000000000000e+03
4.612100000000034328e+01 5.360180735588073730e+01 6.700000000000000000e+01 8.160000000000000000e+02
4.699600000000037880e+01 5.360180735588073730e+01 6.800000000000000000e+01 1.196000000000000000e+03
4.822100000000042286e+01 5.360180735588073730e+01 6.900000000000000000e+01 2.681000000000000000e+03
5.058200000000050522e+01 5.360180735588073730e+01 7.000000000000000000e+01 1.053000000000000000e+03
5.133200000000054075e+01 5.360180735588073730e+01 7.100000000000000000e+01 1.574000000000000000e+03
5.358800000000061914e+01 5.360180735588073730e+01 7.200000000000000000e+01 1.835000000000000000e+03
5.360180735588073730e+01 5.360180735588073730e+01 7.300000000000000000e+01 8.390000000000000000e+02
5.360180735588073730e+01 5.360180735588073730e+01 7.400000000000000000e+01 6.800000000000000000e+02
4.618999999999999773e+00 5.510492897033691406e+01 0.000000000000000000e+00 1.000000000000000000e+00
6.275999999999998913e+00 5.510492897033691406e+01 1.000000000000000000e+00 1.700000000000000000e+01
7.178999999999998494e+00 5.510492897033691406e+01 2.000000000000000000e+00 1.600000000000000000e+01
9.809000000000002828e+00 5.510492897033691406e+01 3.000000000000000000e+00 3.100000000000000000e+01
1.051300000000000168e+01 5.510492897033691406e+01 4.000000000000000000e+00 4.500000000000000000e+01
1.051300000000000168e+01 5.510492897033691406e+01 5.000000000000000000e+00 2.900000000000000000e+01
1.116500000000000270e+01 5.510492897033691406e+01 6.000000000000000000e+00 1.400000000000000000e+01
1.148400000000000176e+01 5.510492897033691406e+01 7.000000000000000000e+00 5.100000000000000000e+01
1.210300000000000153e+01 5.510492897033691406e+01 8.000000000000000000e+00 6.900000000000000000e+01
1.255600000000000094e+01 5.510492897033691406e+01 9.000000000000000000e+00 7.400000000000000000e+01
1.314100000000000001e+01 5.510492897033691406e+01 1.000000000000000000e+01 5.600000000000000000e+01
1.370999999999999908e+01 5.510492897033691406e+01 1.100000000000000000e+01 7.600000000000000000e+01
1.426299999999999990e+01 5.510492897033691406e+01 1.200000000000000000e+01 8.000000000000000000e+01
1.410500000000000043e+01 5.510492897033691406e+01 1.300000000000000000e+01 7.700000000000000000e+01
1.479000000000000092e+01 5.510492897033691406e+01 1.400000000000000000e+01 1.060000000000000000e+02
1.517200000000000060e+01 5.510492897033691406e+01 1.500000000000000000e+01 1.140000000000000000e+02
1.566499999999999915e+01 5.510492897033691406e+01 1.600000000000000000e+01 7.900000000000000000e+01
1.614399999999999835e+01 5.510492897033691406e+01 1.700000000000000000e+01 9.400000000000000000e+01
1.668199999999999505e+01 5.510492897033691406e+01 1.800000000000000000e+01 1.000000000000000000e+02
1.740499999999999048e+01 5.510492897033691406e+01 1.900000000000000000e+01 1.400000000000000000e+02
1.755099999999999127e+01 5.510492897033691406e+01 2.000000000000000000e+01 1.120000000000000000e+02
1.815599999999999170e+01 5.510492897033691406e+01 2.100000000000000000e+01 1.680000000000000000e+02
1.856699999999999307e+01 5.510492897033691406e+01 2.200000000000000000e+01 1.720000000000000000e+02
1.885399999999999565e+01 5.510492897033691406e+01 2.300000000000000000e+01 1.600000000000000000e+02
1.944999999999999218e+01 5.510492897033691406e+01 2.400000000000000000e+01 1.060000000000000000e+02
2.010399999999998855e+01 5.510492897033691406e+01 2.500000000000000000e+01 1.820000000000000000e+02
2.091099999999998005e+01 5.510492897033691406e+01 2.600000000000000000e+01 1.590000000000000000e+02
2.177199999999997360e+01 5.510492897033691406e+01 2.700000000000000000e+01 2.340000000000000000e+02
2.210499999999997200e+01 5.510492897033691406e+01 2.800000000000000000e+01 1.940000000000000000e+02
2.266599999999996484e+01 5.510492897033691406e+01 2.900000000000000000e+01 2.490000000000000000e+02
2.289999999999996660e+01 5.510492897033691406e+01 3.000000000000000000e+01 1.990000000000000000e+02
2.367399999999998172e+01 5.510492897033691406e+01 3.100000000000000000e+01 3.150000000000000000e+02
2.451599999999999113e+01 5.510492897033691406e+01 3.200000000000000000e+01 1.900000000000000000e+02
2.485499999999999687e+01 5.510492897033691406e+01 3.300000000000000000e+01 2.870000000000000000e+02
2.494299999999999784e+01 5.510492897033691406e+01 3.400000000000000000e+01 2.930000000000000000e+02
2.557499999999999929e+01 5.510492897033691406e+01 3.500000000000000000e+01 4.090000000000000000e+02
2.618199999999999150e+01 5.510492897033691406e+01 3.600000000000000000e+01 3.930000000000000000e+02
2.647099999999999298e+01 5.510492897033691406e+01 3.700000000000000000e+01 3.400000000000000000e+02
2.700199999999999534e+01 5.510492897033691406e+01 3.800000000000000000e+01 2.980000000000000000e+02
2.769599999999999795e+01 5.510492897033691406e+01 3.900000000000000000e+01 3.190000000000000000e+02
2.794699999999999562e+01 5.510492897033691406e+01 4.000000000000000000e+01 4.160000000000000000e+02
2.849199999999998312e+01 5.510492897033691406e+01 4.100000000000000000e+01 4.420000000000000000e+02
2.861799999999998079e+01 5.510492897033691406e+01 4.200000000000000000e+01 3.450000000000000000e+02
2.907799999999998875e+01 5.510492897033691406e+01 4.300000000000000000e+01 4.320000000000000000e+02
2.988500000000000867e+01 5.510492897033691406e+01 4.400000000000000000e+01 4.140000000000000000e+02
3.057900000000000063e+01 5.510492897033691406e+01 4.500000000000000000e+01 4.170000000000000000e+02
3.102800000000000225e+01 5.510492897033691406e+01 4.600000000000000000e+01 6.140000000000000000e+02
3.131500000000000838e+01 5.510492897033691406e+01 4.700000000000000000e+01 5.730000000000000000e+02
3.211599999999998545e+01 5.510492897033691406e+01 4.800000000000000000e+01 5.380000000000000000e+02
3.314199999999991775e+01 5.510492897033691406e+01 4.900000000000000000e+01 5.520000000000000000e+02
3.303099999999992065e+01 5.510492897033691406e+01 5.000000000000000000e+01 7.250000000000000000e+02
3.406899999999996709e+01 5.510492897033691406e+01 5.100000000000000000e+01 7.730000000000000000e+02
3.508700000000003172e+01 5.510492897033691406e+01 5.200000000000000000e+01 8.780000000000000000e+02
3.557800000000003138e+01 5.510492897033691406e+01 5.300000000000000000e+01 9.100000000000000000e+02
3.641500000000007020e+01 5.510492897033691406e+01 5.400000000000000000e+01 7.500000000000000000e+02
3.695600000000005281e+01 5.510492897033691406e+01 5.500000000000000000e+01 9.840000000000000000e+02
3.811500000000017963e+01 5.510492897033691406e+01 5.600000000000000000e+01 1.143000000000000000e+03
4.067600000000008720e+01 5.510492897033691406e+01 5.700000000000000000e+01 1.510000000000000000e+03
4.131200000000016104e+01 5.510492897033691406e+01 5.800000000000000000e+01 1.266000000000000000e+03
4.231600000000016593e+01 5.510492897033691406e+01 5.900000000000000000e+01 1.581000000000000000e+03
4.296700000000019060e+01 5.510492897033691406e+01 6.000000000000000000e+01 1.442000000000000000e+03
4.399800000000024625e+01 5.510492897033691406e+01 6.100000000000000000e+01 1.767000000000000000e+03
4.535400000000032605e+01 5.510492897033691406e+01 6.200000000000000000e+01 1.951000000000000000e+03
4.633100000000037966e+01 5.510492897033691406e+01 6.300000000000000000e+01 1.428000000000000000e+03
4.694100000000040751e+01 5.510492897033691406e+01 6.400000000000000000e+01 1.325000000000000000e+03
4.782100000000043849e+01 5.510492897033691406e+01 6.500000000000000000e+01 2.061000000000000000e+03
4.881300000000048556e+01 5.510492897033691406e+01 6.600000000000000000e+01 1.850000000000000000e+03
4.974900000000052103e+01 5.510492897033691406e+01 6.700000000000000000e+01 1.175000000000000000e+03
5.063600000000056411e+01 5.510492897033691406e+01 6.800000000000000000e+01 2.774000000000000000e+03
5.175200000000059930e+01 5.510492897033691406e+01 6.900000000000000000e+01 1.383000000000000000e+03
5.265300000000063818e+01 5.510492897033691406e+01 7.000000000000000000e+01 1.356000000000000000e+03
5.372200000000068343e+01 5.510492897033691406e+01 7.100000000000000000e+01 1.663000000000000000e+03
5.513900000000073476e+01 5.510492897033691406e+01 7.200000000000000000e+01 1.311000000000000000e+03
5.510492897033691406e+01 5.510492897033691406e+01 7.300000000000000000e+01 7.660000000000000000e+02
5.510492897033691406e+01 5.510492897033691406e+01 7.400000000000000000e+01 1.111000000000000000e+03
3.746999999999999886e+00 5.317807841300964355e+01 0.000000000000000000e+00 1.100000000000000000e+01
4.847999999999999865e+00 5.317807841300964355e+01 1.000000000000000000e+00 1.400000000000000000e+01
5.565999999999999837e+00 5.317807841300964355e+01 2.000000000000000000e+00 1.000000000000000000e+01
6.089999999999999858e+00 5.317807841300964355e+01 3.000000000000000000e+00 1.300000000000000000e+01
6.942000000000000171e+00 5.317807841300964355e+01 4.000000000000000000e+00 2.500000000000000000e+01
7.418999999999999595e+00 5.317807841300964355e+01 5.000000000000000000e+00 3.900000000000000000e+01
8.254999999999999005e+00 5.317807841300964355e+01 6.000000000000000000e+00 3.400000000000000000e+01
8.735999999999998877e+00 5.317807841300964355e+01 7.000000000000000000e+00 3.800000000000000000e+01
9.194999999999998508e+00 5.317807841300964355e+01 8.000000000000000000e+00 3.700000000000000000e+01
1.024199999999999555e+01 5.317807841300964355e+01 9.000000000000000000e+00 7.200000000000000000e+01
1.082599999999999518e+01 5.317807841300964355e+01 1.000000000000000000e+01 6.500000000000000000e+01
1.111099999999999532e+01 5.317807841300964355e+01 1.100000000000000000e+01 7.600000000000000000e+01
1.138799999999999635e+01 5.317807841300964355e+01 1.200000000000000000e+01 9.200000000000000000e+01
1.205699999999999505e+01 5.317807841300964355e+01 1.300000000000000000e+01 1.070000000000000000e+02
1.256899999999999373e+01 5.317807841300964355e+01 1.400000000000000000e+01 8.500000000000000000e+01
1.270599999999999419e+01 5.317807841300964355e+01 1.500000000000000000e+01 6.800000000000000000e+01
1.307999999999999474e+01 5.317807841300964355e+01 1.600000000000000000e+01 9.100000000000000000e+01
1.344099999999999540e+01 5.317807841300964355e+01 1.700000000000000000e+01 1.040000000000000000e+02
1.398300000000000054e+01 5.317807841300964355e+01 1.800000000000000000e+01 1.440000000000000000e+02
1.480200000000000138e+01 5.317807841300964355e+01 1.900000000000000000e+01 1.340000000000000000e+02
1.491400000000000148e+01 5.317807841300964355e+01 2.000000000000000000e+01 1.180000000000000000e+02
1.510800000000000054e+01 5.317807841300964355e+01 2.100000000000000000e+01 1.610000000000000000e+02
1.570100000000000406e+01 5.317807841300964355e+01 2.200000000000000000e+01 1.280000000000000000e+02
1.643200000000000571e+01 5.317807841300964355e+01 2.300000000000000000e+01 1.620000000000000000e+02
1.677500000000000568e+01 5.317807841300964355e+01 2.400000000000000000e+01 1.260000000000000000e+02
1.718500000000000583e+01 5.317807841300964355e+01 2.500000000000000000e+01 1.350000000000000000e+02
1.803800000000000736e+01 5.317807841300964355e+01 2.600000000000000000e+01 2.190000000000000000e+02
1.850300000000000722e+01 5.317807841300964355e+01 2.700000000000000000e+01 1.930000000000000000e+02
1.933000000000000540e+01 5.317807841300964355e+01 2.800000000000000000e+01 2.230000000000000000e+02
2.004600000000000648e+01 5.317807841300964355e+01 2.900000000000000000e+01 2.210000000000000000e+02
2.039800000000000679e+01 5.317807841300964355e+01 3.000000000000000000e+01 3.240000000000000000e+02
2.096000000000000796e+01 5.317807841300964355e+01 3.100000000000000000e+01 3.120000000000000000e+02
2.131700000000001083e+01 5.317807841300964355e+01 3.200000000000000000e+01 2.770000000000000000e+02
2.155600000000001515e+01 5.317807841300964355e+01 3.300000000000000000e+01 2.930000000000000000e+02
2.206000000000001648e+01 5.317807841300964355e+01 3.400000000000000000e+01 2.770000000000000000e+02
2.257000000000001094e+01 5.317807841300964355e+01 3.500000000000000000e+01 3.440000000000000000e+02
2.277900000000000702e+01 5.317807841300964355e+01 3.600000000000000000e+01 3.050000000000000000e+02
2.375300000000000367e+01 5.317807841300964355e+01 3.700000000000000000e+01 3.430000000000000000e+02
2.367000000000000526e+01 5.317807841300964355e+01 3.800000000000000000e+01 3.980000000000000000e+02
2.444700000000001339e+01 5.317807841300964355e+01 3.900000000000000000e+01 4.100000000000000000e+02
2.510700000000000642e+01 5.317807841300964355e+01 4.000000000000000000e+01 3.770000000000000000e+02
2.540199999999999747e+01 5.317807841300964355e+01 4.100000000000000000e+01 2.700000000000000000e+02
2.581999999999998963e+01 5.317807841300964355e+01 4.200000000000000000e+01 3.360000000000000000e+02
2.666799999999999926e+01 5.317807841300964355e+01 4.300000000000000000e+01 4.720000000000000000e+02
2.666799999999999926e+01 5.317807841300964355e+01 4.400000000000000000e+01 3.360000000000000000e+02
2.709500000000000242e+01 5.317807841300964355e+01 4.500000000000000000e+01 3.960000000000000000e+02
2.787399999999999878e+01 5.317807841300964355e+01 4.600000000000000000e+01 5.410000000000000000e+02
2.865000000000002345e+01 5.317807841300964355e+01 4.700000000000000000e+01 5.950000000000000000e+02
2.917100000000001359e+01 5.317807841300964355e+01 4.800000000000000000e+01 4.280000000000000000e+02
2.995500000000001251e+01 5.317807841300964355e+01 4.900000000000000000e+01 5.940000000000000000e+02
3.043600000000002126e+01 5.317807841300964355e+01 5.000000000000000000e+01 4.820000000000000000e+02
3.138899999999999224e+01 5.317807841300964355e+01 5.100000000000000000e+01 7.130000000000000000e+02
3.216800000000000637e+01 5.317807841300964355e+01 5.200000000000000000e+01 7.700000000000000000e+02
3.283199999999998653e+01 5.317807841300964355e+01 5.300000000000000000e+01 9.530000000000000000e+02
3.330000000000003268e+01 5.317807841300964355e+01 5.400000000000000000e+01 7.840000000000000000e+02
3.411899999999998556e+01 5.317807841300964355e+01 5.500000000000000000e+01 9.550000000000000000e+02
3.471500000000006025e+01 5.317807841300964355e+01 5.600000000000000000e+01 1.156000000000000000e+03
3.565400000000002478e+01 5.317807841300964355e+01 5.700000000000000000e+01 9.550000000000000000e+02
3.678500000000012449e+01 5.317807841300964355e+01 5.800000000000000000e+01 8.130000000000000000e+02
3.803500000000011028e+01 5.317807841300964355e+01 5.900000000000000000e+01 1.059000000000000000e+03
3.874900000000014444e+01 5.317807841300964355e+01 6.000000000000000000e+01 1.377000000000000000e+03
3.942200000000018179e+01 5.317807841300964355e+01 6.100000000000000000e+01 1.738000000000000000e+03
4.076200000000025625e+01 5.317807841300964355e+01 6.200000000000000000e+01 1.607000000000000000e+03
4.121800000000027353e+01 5.317807841300964355e+01 6.300000000000000000e+01 1.202000000000000000e+03
4.175000000000029843e+01 5.317807841300964355e+01 6.400000000000000000e+01 1.880000000000000000e+03
4.304900000000034765e+01 5.317807841300964355e+01 6.500000000000000000e+01 1.080000000000000000e+03
4.406600000000037909e+01 5.317807841300964355e+01 6.600000000000000000e+01 2.305000000000000000e+03
4.493200000000041427e+01 5.317807841300964355e+01 6.700000000000000000e+01 1.374000000000000000e+03
4.590700000000045122e+01 5.317807841300964355e+01 6.800000000000000000e+01 1.518000000000000000e+03
4.809700000000053421e+01 5.317807841300964355e+01 6.900000000000000000e+01 1.329000000000000000e+03
5.101800000000064017e+01 5.317807841300964355e+01 7.000000000000000000e+01 1.810000000000000000e+03
5.210700000000068854e+01 5.317807841300964355e+01 7.100000000000000000e+01 1.681000000000000000e+03
5.318600000000072470e+01 5.317807841300964355e+01 7.200000000000000000e+01 1.270000000000000000e+03
5.317807841300964355e+01 5.317807841300964355e+01 7.300000000000000000e+01 6.360000000000000000e+02
5.317807841300964355e+01 5.317807841300964355e+01 7.400000000000000000e+01 8.950000000000000000e+02
