3.856000000000000760e+00 3.898071312904357910e+01 0.000000000000000000e+00 1.100000000000000000e+01
4.157000000000000917e+00 3.898071312904357910e+01 1.000000000000000000e+00 1.000000000000000000e+00
4.582000000000000739e+00 3.898071312904357910e+01 2.000000000000000000e+00 1.100000000000000000e+01
6.259000000000000341e+00 3.898071312904357910e+01 3.000000000000000000e+00 1.700000000000000000e+01
6.259000000000000341e+00 3.898071312904357910e+01 4.000000000000000000e+00 9.000000000000000000e+00
6.962999999999999190e+00 3.898071312904357910e+01 5.000000000000000000e+00 2.100000000000000000e+01
7.491999999999999105e+00 3.898071312904357910e+01 6.000000000000000000e+00 1.200000000000000000e+01
7.651999999999999247e+00 3.898071312904357910e+01 7.000000000000000000e+00 2.500000000000000000e+01
8.264999999999998792e+00 3.898071312904357910e+01 8.000000000000000000e+00 4.700000000000000000e+01
8.622999999999999332e+00 3.898071312904357910e+01 9.000000000000000000e+00 4.600000000000000000e+01
8.786999999999999034e+00 3.898071312904357910e+01 1.000000000000000000e+01 2.200000000000000000e+01
8.959999999999999076e+00 3.898071312904357910e+01 1.100000000000000000e+01 5.300000000000000000e+01
9.279999999999997584e+00 3.898071312904357910e+01 1.200000000000000000e+01 4.800000000000000000e+01
9.945999999999996177e+00 3.898071312904357910e+01 1.300000000000000000e+01 5.500000000000000000e+01
1.017800000000000082e+01 3.898071312904357910e+01 1.400000000000000000e+01 5.900000000000000000e+01
1.031800000000000139e+01 3.898071312904357910e+01 1.500000000000000000e+01 5.800000000000000000e+01
1.051800000000000246e+01 3.898071312904357910e+01 1.600000000000000000e+01 6.100000000000000000e+01
1.112299999999999933e+01 3.898071312904357910e+01 1.700000000000000000e+01 8.900000000000000000e+01
1.112299999999999933e+01 3.898071312904357910e+01 1.800000000000000000e+01 7.300000000000000000e+01
1.152599999999999980e+01 3.898071312904357910e+01 1.900000000000000000e+01 5.300000000000000000e+01
1.128100000000000591e+01 3.898071312904357910e+01 2.000000000000000000e+01 7.600000000000000000e+01
1.166200000000000259e+01 3.898071312904357910e+01 2.100000000000000000e+01 7.600000000000000000e+01
1.208800000000000097e+01 3.898071312904357910e+01 2.200000000000000000e+01 1.190000000000000000e+02
1.254200000000000159e+01 3.898071312904357910e+01 2.300000000000000000e+01 9.900000000000000000e+01
1.254200000000000159e+01 3.898071312904357910e+01 2.400000000000000000e+01 1.030000000000000000e+02
1.299900000000000233e+01 3.898071312904357910e+01 2.500000000000000000e+01 9.500000000000000000e+01
1.284800000000000253e+01 3.898071312904357910e+01 2.600000000000000000e+01 1.150000000000000000e+02
1.309300000000000175e+01 3.898071312904357910e+01 2.700000000000000000e+01 1.560000000000000000e+02
1.349300000000000388e+01 3.898071312904357910e+01 2.800000000000000000e+01 8.800000000000000000e+01
1.404900000000000304e+01 3.898071312904357910e+01 2.900000000000000000e+01 1.230000000000000000e+02
1.422500000000000320e+01 3.898071312904357910e+01 3.000000000000000000e+01 1.110000000000000000e+02
1.499100000000000499e+01 3.898071312904357910e+01 3.100000000000000000e+01 1.750000000000000000e+02
1.499100000000000499e+01 3.898071312904357910e+01 3.200000000000000000e+01 1.900000000000000000e+02
1.560800000000000409e+01 3.898071312904357910e+01 3.300000000000000000e+01 1.880000000000000000e+02
1.567600000000000371e+01 3.898071312904357910e+01 3.400000000000000000e+01 1.250000000000000000e+02
1.588500000000000334e+01 3.898071312904357910e+01 3.500000000000000000e+01 2.230000000000000000e+02
1.624500000000000455e+01 3.898071312904357910e+01 3.600000000000000000e+01 1.390000000000000000e+02
1.653399999999999892e+01 3.898071312904357910e+01 3.700000000000000000e+01 2.060000000000000000e+02
1.639299999999999713e+01 3.898071312904357910e+01 3.800000000000000000e+01 2.500000000000000000e+02
1.754899999999999594e+01 3.898071312904357910e+01 3.900000000000000000e+01 2.450000000000000000e+02
1.789999999999999147e+01 3.898071312904357910e+01 4.000000000000000000e+01 1.920000000000000000e+02
1.774099999999998900e+01 3.898071312904357910e+01 4.100000000000000000e+01 2.610000000000000000e+02
1.843799999999997397e+01 3.898071312904357910e+01 4.200000000000000000e+01 2.820000000000000000e+02
1.934399999999998343e+01 3.898071312904357910e+01 4.300000000000000000e+01 2.980000000000000000e+02
1.984699999999999775e+01 3.898071312904357910e+01 4.400000000000000000e+01 3.690000000000000000e+02
1.986899999999999977e+01 3.898071312904357910e+01 4.500000000000000000e+01 4.000000000000000000e+02
1.943000000000000682e+01 3.898071312904357910e+01 4.600000000000000000e+01 4.180000000000000000e+02
2.090300000000000580e+01 3.898071312904357910e+01 4.700000000000000000e+01 4.110000000000000000e+02
2.129200000000001225e+01 3.898071312904357910e+01 4.800000000000000000e+01 4.370000000000000000e+02
2.164300000000001489e+01 3.898071312904357910e+01 4.900000000000000000e+01 4.990000000000000000e+02
2.270500000000003382e+01 3.898071312904357910e+01 5.000000000000000000e+01 3.490000000000000000e+02
2.283900000000002350e+01 3.898071312904357910e+01 5.100000000000000000e+01 5.570000000000000000e+02
2.390800000000001901e+01 3.898071312904357910e+01 5.200000000000000000e+01 6.620000000000000000e+02
2.393600000000001771e+01 3.898071312904357910e+01 5.300000000000000000e+01 7.410000000000000000e+02
2.501100000000001700e+01 3.898071312904357910e+01 5.400000000000000000e+01 8.490000000000000000e+02
2.616600000000000392e+01 3.898071312904357910e+01 5.500000000000000000e+01 7.250000000000000000e+02
2.621199999999999619e+01 3.898071312904357910e+01 5.600000000000000000e+01 6.360000000000000000e+02
2.727299999999996061e+01 3.898071312904357910e+01 5.700000000000000000e+01 5.080000000000000000e+02
2.795799999999995933e+01 3.898071312904357910e+01 5.800000000000000000e+01 1.054000000000000000e+03
2.838899999999994250e+01 3.898071312904357910e+01 5.900000000000000000e+01 6.800000000000000000e+02
2.883499999999993335e+01 3.898071312904357910e+01 6.000000000000000000e+01 1.185000000000000000e+03
2.940399999999993241e+01 3.898071312904357910e+01 6.100000000000000000e+01 6.650000000000000000e+02
3.116599999999994708e+01 3.898071312904357910e+01 6.200000000000000000e+01 1.427000000000000000e+03
3.190099999999997493e+01 3.898071312904357910e+01 6.300000000000000000e+01 1.131000000000000000e+03
3.211099999999998289e+01 3.898071312904357910e+01 6.400000000000000000e+01 1.006000000000000000e+03
3.293900000000002848e+01 3.898071312904357910e+01 6.500000000000000000e+01 8.350000000000000000e+02
3.368600000000004968e+01 3.898071312904357910e+01 6.600000000000000000e+01 5.740000000000000000e+02
3.728100000000022618e+01 3.898071312904357910e+01 6.700000000000000000e+01 6.820000000000000000e+02
3.737900000000023226e+01 3.898071312904357910e+01 6.800000000000000000e+01 8.050000000000000000e+02
3.864100000000029667e+01 3.898071312904357910e+01 6.900000000000000000e+01 9.650000000000000000e+02
3.905100000000030747e+01 3.898071312904357910e+01 7.000000000000000000e+01 1.022000000000000000e+03
3.898071312904357910e+01 3.898071312904357910e+01 0.000000000000000000e+00 0.000000000000000000e+00
3.898071312904357910e+01 3.898071312904357910e+01 0.000000000000000000e+00 0.000000000000000000e+00
3.898071312904357910e+01 3.898071312904357910e+01 0.000000000000000000e+00 0.000000000000000000e+00
3.898071312904357910e+01 3.898071312904357910e+01 0.000000000000000000e+00 0.000000000000000000e+00
4.099000000000000199e+00 3.780840563774108887e+01 0.000000000000000000e+00 1.200000000000000000e+01
4.286000000000000476e+00 3.780840563774108887e+01 1.000000000000000000e+00 1.000000000000000000e+00
5.607000000000000206e+00 3.780840563774108887e+01 2.000000000000000000e+00 1.500000000000000000e+01
5.597999999999999865e+00 3.780840563774108887e+01 3.000000000000000000e+00 9.000000000000000000e+00
6.645999999999999908e+00 3.780840563774108887e+01 4.000000000000000000e+00 1.400000000000000000e+01
7.057999999999999829e+00 3.780840563774108887e+01 5.000000000000000000e+00 8.000000000000000000e+00
7.057999999999999829e+00 3.780840563774108887e+01 6.000000000000000000e+00 3.300000000000000000e+01
8.084000000000001407e+00 3.780840563774108887e+01 7.000000000000000000e+00 1.800000000000000000e+01
8.084000000000001407e+00 3.780840563774108887e+01 8.000000000000000000e+00 1.600000000000000000e+01
9.138000000000001677e+00 3.780840563774108887e+01 9.000000000000000000e+00 1.800000000000000000e+01
9.288000000000002032e+00 3.780840563774108887e+01 1.000000000000000000e+01 6.200000000000000000e+01
9.918000000000004590e+00 3.780840563774108887e+01 1.100000000000000000e+01 6.900000000000000000e+01
1.021300000000000452e+01 3.780840563774108887e+01 1.200000000000000000e+01 3.400000000000000000e+01
1.051000000000000512e+01 3.780840563774108887e+01 1.300000000000000000e+01 5.700000000000000000e+01
1.051000000000000512e+01 3.780840563774108887e+01 1.400000000000000000e+01 3.000000000000000000e+01
1.084600000000000364e+01 3.780840563774108887e+01 1.500000000000000000e+01 8.400000000000000000e+01
1.098100000000000165e+01 3.780840563774108887e+01 1.600000000000000000e+01 2.200000000000000000e+01
1.176500000000000590e+01 3.780840563774108887e+01 1.700000000000000000e+01 6.400000000000000000e+01
1.199900000000000588e+01 3.780840563774108887e+01 1.800000000000000000e+01 4.200000000000000000e+01
1.222600000000000620e+01 3.780840563774108887e+01 1.900000000000000000e+01 1.500000000000000000e+02
1.267100000000000470e+01 3.780840563774108887e+01 2.000000000000000000e+01 5.600000000000000000e+01
1.263000000000000256e+01 3.780840563774108887e+01 2.100000000000000000e+01 9.900000000000000000e+01
1.278000000000000469e+01 3.780840563774108887e+01 2.200000000000000000e+01 1.160000000000000000e+02
1.288500000000000512e+01 3.780840563774108887e+01 2.300000000000000000e+01 1.240000000000000000e+02
1.336300000000000665e+01 3.780840563774108887e+01 2.400000000000000000e+01 1.350000000000000000e+02
1.332900000000000595e+01 3.780840563774108887e+01 2.500000000000000000e+01 8.100000000000000000e+01
1.416100000000000314e+01 3.780840563774108887e+01 2.600000000000000000e+01 1.210000000000000000e+02
1.471700000000000585e+01 3.780840563774108887e+01 2.700000000000000000e+01 1.680000000000000000e+02
1.456000000000000405e+01 3.780840563774108887e+01 2.800000000000000000e+01 1.050000000000000000e+02
1.525300000000000722e+01 3.780840563774108887e+01 2.900000000000000000e+01 1.220000000000000000e+02
1.561200000000000543e+01 3.780840563774108887e+01 3.000000000000000000e+01 7.300000000000000000e+01
1.622400000000000375e+01 3.780840563774108887e+01 3.100000000000000000e+01 1.840000000000000000e+02
1.616400000000000503e+01 3.780840563774108887e+01 3.200000000000000000e+01 2.750000000000000000e+02
1.687300000000000466e+01 3.780840563774108887e+01 3.300000000000000000e+01 1.960000000000000000e+02
1.687300000000000466e+01 3.780840563774108887e+01 3.400000000000000000e+01 1.870000000000000000e+02
1.707700000000000529e+01 3.780840563774108887e+01 3.500000000000000000e+01 1.750000000000000000e+02
1.703700000000000259e+01 3.780840563774108887e+01 3.600000000000000000e+01 2.500000000000000000e+02
1.777600000000000691e+01 3.780840563774108887e+01 3.700000000000000000e+01 1.370000000000000000e+02
1.794500000000000739e+01 3.780840563774108887e+01 3.800000000000000000e+01 2.470000000000000000e+02
1.841500000000000270e+01 3.780840563774108887e+01 3.900000000000000000e+01 3.030000000000000000e+02
1.883199999999999719e+01 3.780840563774108887e+01 4.000000000000000000e+01 2.910000000000000000e+02
1.942299999999998761e+01 3.780840563774108887e+01 4.100000000000000000e+01 3.670000000000000000e+02
1.941699999999998738e+01 3.780840563774108887e+01 4.200000000000000000e+01 2.510000000000000000e+02
2.001999999999999247e+01 3.780840563774108887e+01 4.300000000000000000e+01 3.410000000000000000e+02
2.024699999999999278e+01 3.780840563774108887e+01 4.400000000000000000e+01 2.050000000000000000e+02
2.057199999999999562e+01 3.780840563774108887e+01 4.500000000000000000e+01 3.350000000000000000e+02
2.061699999999999733e+01 3.780840563774108887e+01 4.600000000000000000e+01 3.000000000000000000e+02
2.150300000000000722e+01 3.780840563774108887e+01 4.700000000000000000e+01 4.780000000000000000e+02
2.207900000000000773e+01 3.780840563774108887e+01 4.800000000000000000e+01 4.380000000000000000e+02
2.221200000000001040e+01 3.780840563774108887e+01 4.900000000000000000e+01 6.780000000000000000e+02
2.318400000000002237e+01 3.780840563774108887e+01 5.000000000000000000e+01 5.280000000000000000e+02
2.368600000000002126e+01 3.780840563774108887e+01 5.100000000000000000e+01 4.590000000000000000e+02
2.353200000000001779e+01 3.780840563774108887e+01 5.200000000000000000e+01 3.470000000000000000e+02
2.439500000000000313e+01 3.780840563774108887e+01 5.300000000000000000e+01 4.930000000000000000e+02
2.471400000000000219e+01 3.780840563774108887e+01 5.400000000000000000e+01 7.110000000000000000e+02
2.582699999999997686e+01 3.780840563774108887e+01 5.500000000000000000e+01 5.060000000000000000e+02
2.617599999999997351e+01 3.780840563774108887e+01 5.600000000000000000e+01 8.240000000000000000e+02
2.756299999999993844e+01 3.780840563774108887e+01 5.700000000000000000e+01 8.640000000000000000e+02
2.777399999999993696e+01 3.780840563774108887e+01 5.800000000000000000e+01 5.250000000000000000e+02
2.838999999999990465e+01 3.780840563774108887e+01 5.900000000000000000e+01 1.003000000000000000e+03
2.900299999999988998e+01 3.780840563774108887e+01 6.000000000000000000e+01 9.520000000000000000e+02
2.989399999999988466e+01 3.780840563774108887e+01 6.100000000000000000e+01 4.750000000000000000e+02
2.973199999999988208e+01 3.780840563774108887e+01 6.200000000000000000e+01 6.470000000000000000e+02
3.083699999999989316e+01 3.780840563774108887e+01 6.300000000000000000e+01 5.960000000000000000e+02
3.111499999999989541e+01 3.780840563774108887e+01 6.400000000000000000e+01 4.200000000000000000e+02
3.198899999999989419e+01 3.780840563774108887e+01 6.500000000000000000e+01 1.141000000000000000e+03
3.322199999999995867e+01 3.780840563774108887e+01 6.600000000000000000e+01 5.090000000000000000e+02
3.437300000000000466e+01 3.780840563774108887e+01 6.700000000000000000e+01 7.150000000000000000e+02
3.580900000000004724e+01 3.780840563774108887e+01 6.800000000000000000e+01 4.760000000000000000e+02
3.684100000000009345e+01 3.780840563774108887e+01 6.900000000000000000e+01 1.270000000000000000e+03
3.788000000000014467e+01 3.780840563774108887e+01 7.000000000000000000e+01 1.318000000000000000e+03
3.780840563774108887e+01 3.780840563774108887e+01 0.000000000000000000e+00 0.000000000000000000e+00
3.780840563774108887e+01 3.780840563774108887e+01 0.000000000000000000e+00 0.000000000000000000e+00
3.780840563774108887e+01 3.780840563774108887e+01 0.000000000000000000e+00 0.000000000000000000e+00
3.780840563774108887e+01 3.780840563774108887e+01 0.000000000000000000e+00 0.000000000000000000e+00
4.347999999999998977e+00 3.712389159202575684e+01 0.000000000000000000e+00 2.000000000000000000e+00
5.016999999999999460e+00 3.712389159202575684e+01 1.000000000000000000e+00 1.000000000000000000e+01
5.207999999999999297e+00 3.712389159202575684e+01 2.000000000000000000e+00 1.100000000000000000e+01
6.318999999999999062e+00 3.712389159202575684e+01 3.000000000000000000e+00 2.300000000000000000e+01
7.060999999999999055e+00 3.712389159202575684e+01 4.000000000000000000e+00 6.000000000000000000e+00
7.484999999999999432e+00 3.712389159202575684e+01 5.000000000000000000e+00 1.900000000000000000e+01
8.034999999999998366e+00 3.712389159202575684e+01 6.000000000000000000e+00 2.300000000000000000e+01
8.352999999999999758e+00 3.712389159202575684e+01 7.000000000000000000e+00 4.200000000000000000e+01
8.663999999999999702e+00 3.712389159202575684e+01 8.000000000000000000e+00 2.100000000000000000e+01
9.150999999999998025e+00 3.712389159202575684e+01 9.000000000000000000e+00 5.000000000000000000e+01
9.290999999999998593e+00 3.712389159202575684e+01 1.000000000000000000e+01 5.300000000000000000e+01
9.485999999999998877e+00 3.712389159202575684e+01 1.100000000000000000e+01 2.900000000000000000e+01
9.768999999999998352e+00 3.712389159202575684e+01 1.200000000000000000e+01 8.800000000000000000e+01
9.910999999999997812e+00 3.712389159202575684e+01 1.300000000000000000e+01 3.500000000000000000e+01
1.021899999999999942e+01 3.712389159202575684e+01 1.400000000000000000e+01 3.600000000000000000e+01
1.025099999999999767e+01 3.712389159202575684e+01 1.500000000000000000e+01 7.500000000000000000e+01
1.077399999999999913e+01 3.712389159202575684e+01 1.600000000000000000e+01 5.500000000000000000e+01
1.113300000000000090e+01 3.712389159202575684e+01 1.700000000000000000e+01 4.700000000000000000e+01
1.082300000000000040e+01 3.712389159202575684e+01 1.800000000000000000e+01 8.500000000000000000e+01
1.131899999999999906e+01 3.712389159202575684e+01 1.900000000000000000e+01 6.500000000000000000e+01
1.159299999999999997e+01 3.712389159202575684e+01 2.000000000000000000e+01 7.700000000000000000e+01
1.189900000000000091e+01 3.712389159202575684e+01 2.100000000000000000e+01 8.600000000000000000e+01
1.180300000000000082e+01 3.712389159202575684e+01 2.200000000000000000e+01 5.800000000000000000e+01
1.247000000000000064e+01 3.712389159202575684e+01 2.300000000000000000e+01 1.040000000000000000e+02
1.308000000000000185e+01 3.712389159202575684e+01 2.400000000000000000e+01 1.320000000000000000e+02
1.345700000000000252e+01 3.712389159202575684e+01 2.500000000000000000e+01 9.000000000000000000e+01
1.363900000000000290e+01 3.712389159202575684e+01 2.600000000000000000e+01 8.000000000000000000e+01
1.402700000000000102e+01 3.712389159202575684e+01 2.700000000000000000e+01 1.390000000000000000e+02
1.422200000000000131e+01 3.712389159202575684e+01 2.800000000000000000e+01 1.310000000000000000e+02
1.449100000000000144e+01 3.712389159202575684e+01 2.900000000000000000e+01 1.450000000000000000e+02
1.487299999999999933e+01 3.712389159202575684e+01 3.000000000000000000e+01 1.560000000000000000e+02
1.494899999999999984e+01 3.712389159202575684e+01 3.100000000000000000e+01 1.060000000000000000e+02
1.520399999999999885e+01 3.712389159202575684e+01 3.200000000000000000e+01 1.740000000000000000e+02
1.547799999999999621e+01 3.712389159202575684e+01 3.300000000000000000e+01 2.180000000000000000e+02
1.596399999999999864e+01 3.712389159202575684e+01 3.400000000000000000e+01 1.980000000000000000e+02
1.619000000000000128e+01 3.712389159202575684e+01 3.500000000000000000e+01 1.820000000000000000e+02
1.663199999999999790e+01 3.712389159202575684e+01 3.600000000000000000e+01 1.930000000000000000e+02
1.685200000000000387e+01 3.712389159202575684e+01 3.700000000000000000e+01 2.440000000000000000e+02
1.743299999999999983e+01 3.712389159202575684e+01 3.800000000000000000e+01 1.760000000000000000e+02
1.755199999999999960e+01 3.712389159202575684e+01 3.900000000000000000e+01 1.870000000000000000e+02
1.752800000000000225e+01 3.712389159202575684e+01 4.000000000000000000e+01 2.210000000000000000e+02
1.813599999999999923e+01 3.712389159202575684e+01 4.100000000000000000e+01 2.560000000000000000e+02
1.890700000000000713e+01 3.712389159202575684e+01 4.200000000000000000e+01 2.160000000000000000e+02
1.893200000000000571e+01 3.712389159202575684e+01 4.300000000000000000e+01 3.330000000000000000e+02
1.912100000000000932e+01 3.712389159202575684e+01 4.400000000000000000e+01 4.000000000000000000e+02
1.990400000000001413e+01 3.712389159202575684e+01 4.500000000000000000e+01 3.160000000000000000e+02
2.040200000000001168e+01 3.712389159202575684e+01 4.600000000000000000e+01 4.910000000000000000e+02
2.044100000000001316e+01 3.712389159202575684e+01 4.700000000000000000e+01 4.140000000000000000e+02
2.137000000000001876e+01 3.712389159202575684e+01 4.800000000000000000e+01 3.500000000000000000e+02
2.229500000000000881e+01 3.712389159202575684e+01 4.900000000000000000e+01 5.020000000000000000e+02
2.265700000000001424e+01 3.712389159202575684e+01 5.000000000000000000e+01 5.740000000000000000e+02
2.298300000000001475e+01 3.712389159202575684e+01 5.100000000000000000e+01 3.740000000000000000e+02
2.342300000000001603e+01 3.712389159202575684e+01 5.200000000000000000e+01 5.170000000000000000e+02
2.364600000000001501e+01 3.712389159202575684e+01 5.300000000000000000e+01 5.120000000000000000e+02
2.466900000000001114e+01 3.712389159202575684e+01 5.400000000000000000e+01 8.130000000000000000e+02
2.472200000000000486e+01 3.712389159202575684e+01 5.500000000000000000e+01 5.940000000000000000e+02
2.611899999999999267e+01 3.712389159202575684e+01 5.600000000000000000e+01 5.770000000000000000e+02
2.650899999999995771e+01 3.712389159202575684e+01 5.700000000000000000e+01 7.040000000000000000e+02
2.675199999999995981e+01 3.712389159202575684e+01 5.800000000000000000e+01 5.240000000000000000e+02
2.766799999999993531e+01 3.712389159202575684e+01 5.900000000000000000e+01 8.550000000000000000e+02
2.774699999999993949e+01 3.712389159202575684e+01 6.000000000000000000e+01 8.360000000000000000e+02
2.882299999999992934e+01 3.712389159202575684e+01 6.100000000000000000e+01 1.127000000000000000e+03
2.894599999999993400e+01 3.712389159202575684e+01 6.200000000000000000e+01 8.460000000000000000e+02
2.973199999999993892e+01 3.712389159202575684e+01 6.300000000000000000e+01 1.129000000000000000e+03
3.129799999999996629e+01 3.712389159202575684e+01 6.400000000000000000e+01 6.010000000000000000e+02
3.150099999999997280e+01 3.712389159202575684e+01 6.500000000000000000e+01 5.790000000000000000e+02
3.237800000000000011e+01 3.712389159202575684e+01 6.600000000000000000e+01 6.800000000000000000e+02
3.323700000000004451e+01 3.712389159202575684e+01 6.700000000000000000e+01 6.440000000000000000e+02
3.417200000000007520e+01 3.712389159202575684e+01 6.800000000000000000e+01 5.280000000000000000e+02
3.463500000000009749e+01 3.712389159202575684e+01 6.900000000000000000e+01 5.740000000000000000e+02
3.703600000000019321e+01 3.712389159202575684e+01 7.000000000000000000e+01 6.460000000000000000e+02
3.712389159202575684e+01 3.712389159202575684e+01 0.000000000000000000e+00 0.000000000000000000e+00
3.712389159202575684e+01 3.712389159202575684e+01 0.000000000000000000e+00 0.000000000000000000e+00
3.712389159202575684e+01 3.712389159202575684e+01 0.000000000000000000e+00 0.000000000000000000e+00
3.712389159202575684e+01 3.712389159202575684e+01 0.000000000000000000e+00 0.000000000000000000e+00
5.384000000000000341e+00 3.879145860671997070e+01 0.000000000000000000e+00 2.000000000000000000e+01
6.371000000000000441e+00 3.879145860671997070e+01 1.000000000000000000e+00 5.000000000000000000e+00
6.775000000000000355e+00 3.879145860671997070e+01 2.000000000000000000e+00 3.400000000000000000e+01
7.341000000000000192e+00 3.879145860671997070e+01 3.000000000000000000e+00 4.600000000000000000e+01
7.552999999999999936e+00 3.879145860671997070e+01 4.000000000000000000e+00 2.300000000000000000e+01
8.080999999999999517e+00 3.879145860671997070e+01 5.000000000000000000e+00 8.800000000000000000e+01
8.661999999999999034e+00 3.879145860671997070e+01 6.000000000000000000e+00 2.500000000000000000e+01
9.030999999999998806e+00 3.879145860671997070e+01 7.000000000000000000e+00 4.000000000000000000e+01
9.195999999999997954e+00 3.879145860671997070e+01 8.000000000000000000e+00 5.000000000000000000e+01
9.352999999999997982e+00 3.879145860671997070e+01 9.000000000000000000e+00 6.200000000000000000e+01
1.001099999999999923e+01 3.879145860671997070e+01 1.000000000000000000e+01 5.400000000000000000e+01
1.017099999999999937e+01 3.879145860671997070e+01 1.100000000000000000e+01 3.700000000000000000e+01
1.048000000000000043e+01 3.879145860671997070e+01 1.200000000000000000e+01 7.400000000000000000e+01
1.046000000000000263e+01 3.879145860671997070e+01 1.300000000000000000e+01 4.200000000000000000e+01
1.096100000000000030e+01 3.879145860671997070e+01 1.400000000000000000e+01 6.300000000000000000e+01
1.108999999999999986e+01 3.879145860671997070e+01 1.500000000000000000e+01 4.900000000000000000e+01
1.163699999999999868e+01 3.879145860671997070e+01 1.600000000000000000e+01 7.200000000000000000e+01
1.191599999999999859e+01 3.879145860671997070e+01 1.700000000000000000e+01 7.300000000000000000e+01
1.218899999999999828e+01 3.879145860671997070e+01 1.800000000000000000e+01 3.700000000000000000e+01
1.197199999999999775e+01 3.879145860671997070e+01 1.900000000000000000e+01 7.300000000000000000e+01
1.274300000000000033e+01 3.879145860671997070e+01 2.000000000000000000e+01 8.100000000000000000e+01
1.274300000000000033e+01 3.879145860671997070e+01 2.100000000000000000e+01 7.500000000000000000e+01
1.327100000000000080e+01 3.879145860671997070e+01 2.200000000000000000e+01 8.800000000000000000e+01
1.316300000000000026e+01 3.879145860671997070e+01 2.300000000000000000e+01 1.440000000000000000e+02
1.349200000000000088e+01 3.879145860671997070e+01 2.400000000000000000e+01 1.310000000000000000e+02
1.339600000000000257e+01 3.879145860671997070e+01 2.500000000000000000e+01 8.300000000000000000e+01
1.428400000000000247e+01 3.879145860671997070e+01 2.600000000000000000e+01 1.140000000000000000e+02
1.449700000000000166e+01 3.879145860671997070e+01 2.700000000000000000e+01 1.470000000000000000e+02
1.481500000000000306e+01 3.879145860671997070e+01 2.800000000000000000e+01 9.400000000000000000e+01
1.495400000000000240e+01 3.879145860671997070e+01 2.900000000000000000e+01 2.000000000000000000e+02
1.547500000000000142e+01 3.879145860671997070e+01 3.000000000000000000e+01 1.110000000000000000e+02
1.565400000000000169e+01 3.879145860671997070e+01 3.100000000000000000e+01 1.780000000000000000e+02
1.584500000000000242e+01 3.879145860671997070e+01 3.200000000000000000e+01 1.630000000000000000e+02
1.639300000000000068e+01 3.879145860671997070e+01 3.300000000000000000e+01 2.090000000000000000e+02
1.667400000000000304e+01 3.879145860671997070e+01 3.400000000000000000e+01 2.140000000000000000e+02
1.732000000000000384e+01 3.879145860671997070e+01 3.500000000000000000e+01 2.440000000000000000e+02
1.727800000000000580e+01 3.879145860671997070e+01 3.600000000000000000e+01 2.540000000000000000e+02
1.787000000000000810e+01 3.879145860671997070e+01 3.700000000000000000e+01 1.990000000000000000e+02
1.775900000000000745e+01 3.879145860671997070e+01 3.800000000000000000e+01 1.810000000000000000e+02
1.830700000000000927e+01 3.879145860671997070e+01 3.900000000000000000e+01 2.570000000000000000e+02
1.890700000000000358e+01 3.879145860671997070e+01 4.000000000000000000e+01 3.670000000000000000e+02
1.943599999999999994e+01 3.879145860671997070e+01 4.100000000000000000e+01 3.130000000000000000e+02
1.952899999999999991e+01 3.879145860671997070e+01 4.200000000000000000e+01 2.740000000000000000e+02
1.993300000000000693e+01 3.879145860671997070e+01 4.300000000000000000e+01 4.030000000000000000e+02
2.029900000000000659e+01 3.879145860671997070e+01 4.400000000000000000e+01 3.480000000000000000e+02
2.096400000000000929e+01 3.879145860671997070e+01 4.500000000000000000e+01 4.370000000000000000e+02
2.130000000000000426e+01 3.879145860671997070e+01 4.600000000000000000e+01 3.630000000000000000e+02
2.145600000000000307e+01 3.879145860671997070e+01 4.700000000000000000e+01 3.400000000000000000e+02
2.190799999999999415e+01 3.879145860671997070e+01 4.800000000000000000e+01 3.630000000000000000e+02
2.224199999999999378e+01 3.879145860671997070e+01 4.900000000000000000e+01 5.650000000000000000e+02
2.238299999999999912e+01 3.879145860671997070e+01 5.000000000000000000e+01 4.340000000000000000e+02
2.297999999999999687e+01 3.879145860671997070e+01 5.100000000000000000e+01 3.890000000000000000e+02
2.385900000000000531e+01 3.879145860671997070e+01 5.200000000000000000e+01 6.040000000000000000e+02
2.439299999999999713e+01 3.879145860671997070e+01 5.300000000000000000e+01 6.270000000000000000e+02
2.469699999999999562e+01 3.879145860671997070e+01 5.400000000000000000e+01 4.850000000000000000e+02
2.547899999999996012e+01 3.879145860671997070e+01 5.500000000000000000e+01 4.150000000000000000e+02
2.578799999999995407e+01 3.879145860671997070e+01 5.600000000000000000e+01 4.960000000000000000e+02
2.662799999999990064e+01 3.879145860671997070e+01 5.700000000000000000e+01 8.930000000000000000e+02
2.766999999999989512e+01 3.879145860671997070e+01 5.800000000000000000e+01 8.860000000000000000e+02
2.789599999999989066e+01 3.879145860671997070e+01 5.900000000000000000e+01 7.940000000000000000e+02
2.836199999999987753e+01 3.879145860671997070e+01 6.000000000000000000e+01 9.840000000000000000e+02
3.095599999999986451e+01 3.879145860671997070e+01 6.100000000000000000e+01 9.680000000000000000e+02
3.179599999999986792e+01 3.879145860671997070e+01 6.200000000000000000e+01 6.110000000000000000e+02
3.204299999999987136e+01 3.879145860671997070e+01 6.300000000000000000e+01 1.110000000000000000e+03
3.290799999999988756e+01 3.879145860671997070e+01 6.400000000000000000e+01 1.054000000000000000e+03
3.315799999999989467e+01 3.879145860671997070e+01 6.500000000000000000e+01 1.031000000000000000e+03
3.439399999999994151e+01 3.879145860671997070e+01 6.600000000000000000e+01 7.800000000000000000e+02
3.459799999999998477e+01 3.879145860671997070e+01 6.700000000000000000e+01 6.950000000000000000e+02
3.665300000000003422e+01 3.879145860671997070e+01 6.800000000000000000e+01 5.670000000000000000e+02
3.678100000000005565e+01 3.879145860671997070e+01 6.900000000000000000e+01 8.400000000000000000e+02
3.888600000000013779e+01 3.879145860671997070e+01 7.000000000000000000e+01 8.030000000000000000e+02
3.879145860671997070e+01 3.879145860671997070e+01 0.000000000000000000e+00 0.000000000000000000e+00
3.879145860671997070e+01 3.879145860671997070e+01 0.000000000000000000e+00 0.000000000000000000e+00
3.879145860671997070e+01 3.879145860671997070e+01 0.000000000000000000e+00 0.000000000000000000e+00
3.879145860671997070e+01 3.879145860671997070e+01 0.000000000000000000e+00 0.000000000000000000e+00
3.369000000000000217e+00 3.803489732742309570e+01 0.000000000000000000e+00 1.000000000000000000e+00
4.035999999999999588e+00 3.803489732742309570e+01 1.000000000000000000e+00 0.000000000000000000e+00
4.862000000000000099e+00 3.803489732742309570e+01 2.000000000000000000e+00 6.000000000000000000e+00
6.124999999999999112e+00 3.803489732742309570e+01 3.000000000000000000e+00 1.100000000000000000e+01
6.692999999999998728e+00 3.803489732742309570e+01 4.000000000000000000e+00 9.000000000000000000e+00
6.692999999999998728e+00 3.803489732742309570e+01 5.000000000000000000e+00 2.500000000000000000e+01
7.416999999999998927e+00 3.803489732742309570e+01 6.000000000000000000e+00 4.500000000000000000e+01
8.082999999999998408e+00 3.803489732742309570e+01 7.000000000000000000e+00 3.200000000000000000e+01
8.747999999999997556e+00 3.803489732742309570e+01 8.000000000000000000e+00 3.100000000000000000e+01
8.492999999999998550e+00 3.803489732742309570e+01 9.000000000000000000e+00 3.700000000000000000e+01
9.241999999999995552e+00 3.803489732742309570e+01 1.000000000000000000e+01 2.800000000000000000e+01
9.624999999999998224e+00 3.803489732742309570e+01 1.100000000000000000e+01 5.000000000000000000e+01
1.039499999999999602e+01 3.803489732742309570e+01 1.200000000000000000e+01 6.600000000000000000e+01
1.053399999999999537e+01 3.803489732742309570e+01 1.300000000000000000e+01 4.100000000000000000e+01
1.084999999999999609e+01 3.803489732742309570e+01 1.400000000000000000e+01 4.900000000000000000e+01
1.098899999999999544e+01 3.803489732742309570e+01 1.500000000000000000e+01 8.100000000000000000e+01
1.138199999999999434e+01 3.803489732742309570e+01 1.600000000000000000e+01 8.300000000000000000e+01
1.151699999999999413e+01 3.803489732742309570e+01 1.700000000000000000e+01 6.200000000000000000e+01
1.149499999999999567e+01 3.803489732742309570e+01 1.800000000000000000e+01 8.100000000000000000e+01
1.185999999999999410e+01 3.803489732742309570e+01 1.900000000000000000e+01 5.600000000000000000e+01
1.216199999999999193e+01 3.803489732742309570e+01 2.000000000000000000e+01 8.200000000000000000e+01
1.251599999999999113e+01 3.803489732742309570e+01 2.100000000000000000e+01 1.150000000000000000e+02
1.287099999999999156e+01 3.803489732742309570e+01 2.200000000000000000e+01 1.120000000000000000e+02
1.300399999999999068e+01 3.803489732742309570e+01 2.300000000000000000e+01 7.300000000000000000e+01
1.310499999999999154e+01 3.803489732742309570e+01 2.400000000000000000e+01 6.900000000000000000e+01
1.361499999999999311e+01 3.803489732742309570e+01 2.500000000000000000e+01 9.700000000000000000e+01
1.361499999999999311e+01 3.803489732742309570e+01 2.600000000000000000e+01 1.070000000000000000e+02
1.391399999999999260e+01 3.803489732742309570e+01 2.700000000000000000e+01 9.100000000000000000e+01
1.460299999999999265e+01 3.803489732742309570e+01 2.800000000000000000e+01 1.420000000000000000e+02
1.476699999999999235e+01 3.803489732742309570e+01 2.900000000000000000e+01 1.360000000000000000e+02
1.492199999999999349e+01 3.803489732742309570e+01 3.000000000000000000e+01 1.340000000000000000e+02
1.514699999999999314e+01 3.803489732742309570e+01 3.100000000000000000e+01 1.540000000000000000e+02
1.529099999999999326e+01 3.803489732742309570e+01 3.200000000000000000e+01 1.470000000000000000e+02
1.567199999999999172e+01 3.803489732742309570e+01 3.300000000000000000e+01 1.820000000000000000e+02
1.621199999999999264e+01 3.803489732742309570e+01 3.400000000000000000e+01 2.050000000000000000e+02
1.626899999999999480e+01 3.803489732742309570e+01 3.500000000000000000e+01 1.580000000000000000e+02
1.681099999999999284e+01 3.803489732742309570e+01 3.600000000000000000e+01 1.930000000000000000e+02
1.695199999999998752e+01 3.803489732742309570e+01 3.700000000000000000e+01 2.170000000000000000e+02
1.719399999999998130e+01 3.803489732742309570e+01 3.800000000000000000e+01 1.740000000000000000e+02
1.750099999999997991e+01 3.803489732742309570e+01 3.900000000000000000e+01 3.090000000000000000e+02
1.810399999999998144e+01 3.803489732742309570e+01 4.000000000000000000e+01 2.820000000000000000e+02
1.812899999999998002e+01 3.803489732742309570e+01 4.100000000000000000e+01 2.080000000000000000e+02
1.827499999999997726e+01 3.803489732742309570e+01 4.200000000000000000e+01 2.650000000000000000e+02
1.890999999999997527e+01 3.803489732742309570e+01 4.300000000000000000e+01 3.560000000000000000e+02
1.918899999999997874e+01 3.803489732742309570e+01 4.400000000000000000e+01 3.890000000000000000e+02
1.970999999999999375e+01 3.803489732742309570e+01 4.500000000000000000e+01 2.540000000000000000e+02
2.001299999999999102e+01 3.803489732742309570e+01 4.600000000000000000e+01 3.240000000000000000e+02
2.068999999999999773e+01 3.803489732742309570e+01 4.700000000000000000e+01 2.720000000000000000e+02
2.100500000000000611e+01 3.803489732742309570e+01 4.800000000000000000e+01 3.950000000000000000e+02
2.128599999999999426e+01 3.803489732742309570e+01 4.900000000000000000e+01 5.200000000000000000e+02
2.184900000000001086e+01 3.803489732742309570e+01 5.000000000000000000e+01 4.350000000000000000e+02
2.218400000000000816e+01 3.803489732742309570e+01 5.100000000000000000e+01 4.520000000000000000e+02
2.237500000000001066e+01 3.803489732742309570e+01 5.200000000000000000e+01 5.770000000000000000e+02
2.324699999999999989e+01 3.803489732742309570e+01 5.300000000000000000e+01 7.410000000000000000e+02
2.357699999999999818e+01 3.803489732742309570e+01 5.400000000000000000e+01 3.470000000000000000e+02
2.400999999999999801e+01 3.803489732742309570e+01 5.500000000000000000e+01 4.830000000000000000e+02
2.423899999999999366e+01 3.803489732742309570e+01 5.600000000000000000e+01 7.360000000000000000e+02
2.497599999999996356e+01 3.803489732742309570e+01 5.700000000000000000e+01 6.290000000000000000e+02
2.625799999999994583e+01 3.803489732742309570e+01 5.800000000000000000e+01 5.330000000000000000e+02
2.737899999999990541e+01 3.803489732742309570e+01 5.900000000000000000e+01 8.470000000000000000e+02
2.802099999999989421e+01 3.803489732742309570e+01 6.000000000000000000e+01 6.330000000000000000e+02
2.867299999999988458e+01 3.803489732742309570e+01 6.100000000000000000e+01 9.540000000000000000e+02
2.921199999999988250e+01 3.803489732742309570e+01 6.200000000000000000e+01 9.750000000000000000e+02
2.936399999999988708e+01 3.803489732742309570e+01 6.300000000000000000e+01 1.412000000000000000e+03
3.053299999999991243e+01 3.803489732742309570e+01 6.400000000000000000e+01 6.320000000000000000e+02
3.063399999999991152e+01 3.803489732742309570e+01 6.500000000000000000e+01 9.230000000000000000e+02
3.207399999999994122e+01 3.803489732742309570e+01 6.600000000000000000e+01 6.980000000000000000e+02
3.208799999999995123e+01 3.803489732742309570e+01 6.700000000000000000e+01 5.020000000000000000e+02
3.344800000000000040e+01 3.803489732742309570e+01 6.800000000000000000e+01 6.020000000000000000e+02
3.370600000000001017e+01 3.803489732742309570e+01 6.900000000000000000e+01 8.630000000000000000e+02
3.805700000000020111e+01 3.803489732742309570e+01 7.000000000000000000e+01 6.620000000000000000e+02
3.803489732742309570e+01 3.803489732742309570e+01 0.000000000000000000e+00 0.000000000000000000e+00
3.803489732742309570e+01 3.803489732742309570e+01 0.000000000000000000e+00 0.000000000000000000e+00
3.803489732742309570e+01 3.803489732742309570e+01 0.000000000000000000e+00 0.000000000000000000e+00
3.803489732742309570e+01 3.803489732742309570e+01 0.000000000000000000e+00 0.000000000000000000e+00
3.464999999999999858e+00 4.014255952835083008e+01 0.000000000000000000e+00 0.000000000000000000e+00
4.311999999999999389e+00 4.014255952835083008e+01 1.000000000000000000e+00 1.000000000000000000e+00
5.594999999999999751e+00 4.014255952835083008e+01 2.000000000000000000e+00 0.000000000000000000e+00
5.772999999999999687e+00 4.014255952835083008e+01 3.000000000000000000e+00 1.600000000000000000e+01
6.797999999999999154e+00 4.014255952835083008e+01 4.000000000000000000e+00 1.900000000000000000e+01
6.966999999999998749e+00 4.014255952835083008e+01 5.000000000000000000e+00 1.400000000000000000e+01
7.713999999999998636e+00 4.014255952835083008e+01 6.000000000000000000e+00 4.100000000000000000e+01
7.876999999999998892e+00 4.014255952835083008e+01 7.000000000000000000e+00 2.300000000000000000e+01
8.569999999999998508e+00 4.014255952835083008e+01 8.000000000000000000e+00 3.300000000000000000e+01
8.943999999999999062e+00 4.014255952835083008e+01 9.000000000000000000e+00 4.400000000000000000e+01
9.123999999999998778e+00 4.014255952835083008e+01 1.000000000000000000e+01 2.600000000000000000e+01
9.481999999999999318e+00 4.014255952835083008e+01 1.100000000000000000e+01 2.500000000000000000e+01
9.709999999999999076e+00 4.014255952835083008e+01 1.200000000000000000e+01 2.800000000000000000e+01
1.020499999999999829e+01 4.014255952835083008e+01 1.300000000000000000e+01 4.100000000000000000e+01
1.071700000000000053e+01 4.014255952835083008e+01 1.400000000000000000e+01 3.400000000000000000e+01
1.113300000000000090e+01 4.014255952835083008e+01 1.500000000000000000e+01 6.400000000000000000e+01
1.153400000000000070e+01 4.014255952835083008e+01 1.600000000000000000e+01 7.900000000000000000e+01
1.153400000000000070e+01 4.014255952835083008e+01 1.700000000000000000e+01 8.100000000000000000e+01
1.193800000000000061e+01 4.014255952835083008e+01 1.800000000000000000e+01 8.200000000000000000e+01
1.185400000000000098e+01 4.014255952835083008e+01 1.900000000000000000e+01 4.900000000000000000e+01
1.227500000000000036e+01 4.014255952835083008e+01 2.000000000000000000e+01 5.400000000000000000e+01
1.255499999999999972e+01 4.014255952835083008e+01 2.100000000000000000e+01 1.300000000000000000e+02
1.286200000000000010e+01 4.014255952835083008e+01 2.200000000000000000e+01 8.200000000000000000e+01
1.281400000000000006e+01 4.014255952835083008e+01 2.300000000000000000e+01 8.700000000000000000e+01
1.326200000000000045e+01 4.014255952835083008e+01 2.400000000000000000e+01 1.150000000000000000e+02
1.354600000000000115e+01 4.014255952835083008e+01 2.500000000000000000e+01 8.400000000000000000e+01
1.393400000000000105e+01 4.014255952835083008e+01 2.600000000000000000e+01 1.190000000000000000e+02
1.384300000000000175e+01 4.014255952835083008e+01 2.700000000000000000e+01 1.110000000000000000e+02
1.455000000000000071e+01 4.014255952835083008e+01 2.800000000000000000e+01 7.500000000000000000e+01
1.489300000000000246e+01 4.014255952835083008e+01 2.900000000000000000e+01 7.800000000000000000e+01
1.515700000000000180e+01 4.014255952835083008e+01 3.000000000000000000e+01 1.020000000000000000e+02
1.538700000000000223e+01 4.014255952835083008e+01 3.100000000000000000e+01 1.190000000000000000e+02
1.593200000000000038e+01 4.014255952835083008e+01 3.200000000000000000e+01 2.360000000000000000e+02
1.613699999999999690e+01 4.014255952835083008e+01 3.300000000000000000e+01 1.320000000000000000e+02
1.653000000000000114e+01 4.014255952835083008e+01 3.400000000000000000e+01 2.410000000000000000e+02
1.695799999999999841e+01 4.014255952835083008e+01 3.500000000000000000e+01 2.140000000000000000e+02
1.695799999999999841e+01 4.014255952835083008e+01 3.600000000000000000e+01 2.570000000000000000e+02
1.760399999999999210e+01 4.014255952835083008e+01 3.700000000000000000e+01 1.990000000000000000e+02
1.752699999999999037e+01 4.014255952835083008e+01 3.800000000000000000e+01 3.160000000000000000e+02
1.813699999999999335e+01 4.014255952835083008e+01 3.900000000000000000e+01 3.150000000000000000e+02
1.876999999999998892e+01 4.014255952835083008e+01 4.000000000000000000e+01 2.550000000000000000e+02
1.865999999999998948e+01 4.014255952835083008e+01 4.100000000000000000e+01 2.010000000000000000e+02
1.913999999999998636e+01 4.014255952835083008e+01 4.200000000000000000e+01 1.940000000000000000e+02
1.949799999999998690e+01 4.014255952835083008e+01 4.300000000000000000e+01 3.860000000000000000e+02
2.032000000000000028e+01 4.014255952835083008e+01 4.400000000000000000e+01 5.020000000000000000e+02
2.057700000000000173e+01 4.014255952835083008e+01 4.500000000000000000e+01 3.600000000000000000e+02
2.101900000000000190e+01 4.014255952835083008e+01 4.600000000000000000e+01 2.510000000000000000e+02
2.134400000000000475e+01 4.014255952835083008e+01 4.700000000000000000e+01 3.740000000000000000e+02
2.146100000000000563e+01 4.014255952835083008e+01 4.800000000000000000e+01 2.720000000000000000e+02
2.231000000000001293e+01 4.014255952835083008e+01 4.900000000000000000e+01 5.900000000000000000e+02
2.255000000000001492e+01 4.014255952835083008e+01 5.000000000000000000e+01 5.420000000000000000e+02
2.290900000000000603e+01 4.014255952835083008e+01 5.100000000000000000e+01 2.860000000000000000e+02
2.364800000000001035e+01 4.014255952835083008e+01 5.200000000000000000e+01 3.430000000000000000e+02
2.425400000000001199e+01 4.014255952835083008e+01 5.300000000000000000e+01 5.730000000000000000e+02
2.457300000000001461e+01 4.014255952835083008e+01 5.400000000000000000e+01 6.250000000000000000e+02
2.486400000000001143e+01 4.014255952835083008e+01 5.500000000000000000e+01 6.600000000000000000e+02
2.535300000000000509e+01 4.014255952835083008e+01 5.600000000000000000e+01 7.110000000000000000e+02
2.558299999999999486e+01 4.014255952835083008e+01 5.700000000000000000e+01 7.910000000000000000e+02
2.709899999999999665e+01 4.014255952835083008e+01 5.800000000000000000e+01 4.540000000000000000e+02
2.775299999999995038e+01 4.014255952835083008e+01 5.900000000000000000e+01 6.100000000000000000e+02
2.868199999999995597e+01 4.014255952835083008e+01 6.000000000000000000e+01 1.121000000000000000e+03
2.875499999999995637e+01 4.014255952835083008e+01 6.100000000000000000e+01 4.660000000000000000e+02
2.993699999999995143e+01 4.014255952835083008e+01 6.200000000000000000e+01 7.650000000000000000e+02
2.981199999999995143e+01 4.014255952835083008e+01 6.300000000000000000e+01 9.530000000000000000e+02
3.088099999999995404e+01 4.014255952835083008e+01 6.400000000000000000e+01 1.041000000000000000e+03
3.179399999999997206e+01 4.014255952835083008e+01 6.500000000000000000e+01 7.600000000000000000e+02
3.282500000000003126e+01 4.014255952835083008e+01 6.600000000000000000e+01 1.078000000000000000e+03
3.344500000000005002e+01 4.014255952835083008e+01 6.700000000000000000e+01 3.350000000000000000e+02
3.596100000000014063e+01 4.014255952835083008e+01 6.800000000000000000e+01 8.490000000000000000e+02
3.638500000000016144e+01 4.014255952835083008e+01 6.900000000000000000e+01 6.420000000000000000e+02
4.009900000000034481e+01 4.014255952835083008e+01 7.000000000000000000e+01 8.780000000000000000e+02
4.014255952835083008e+01 4.014255952835083008e+01 0.000000000000000000e+00 0.000000000000000000e+00
4.014255952835083008e+01 4.014255952835083008e+01 0.000000000000000000e+00 0.000000000000000000e+00
4.014255952835083008e+01 4.014255952835083008e+01 0.000000000000000000e+00 0.000000000000000000e+00
4.014255952835083008e+01 4.014255952835083008e+01 0.000000000000000000e+00 0.000000000000000000e+00
3.278999999999999915e+00 3.918097853660583496e+01 0.000000000000000000e+00 0.000000000000000000e+00
4.150000000000000355e+00 3.918097853660583496e+01 1.000000000000000000e+00 0.000000000000000000e+00
5.375000000000000888e+00 3.918097853660583496e+01 2.000000000000000000e+00 8.000000000000000000e+00
6.552000000000000490e+00 3.918097853660583496e+01 3.000000000000000000e+00 1.800000000000000000e+01
6.552000000000000490e+00 3.918097853660583496e+01 4.000000000000000000e+00 1.900000000000000000e+01
7.161999999999999922e+00 3.918097853660583496e+01 5.000000000000000000e+00 2.700000000000000000e+01
7.580000000000000071e+00 3.918097853660583496e+01 6.000000000000000000e+00 1.500000000000000000e+01
8.567000000000000171e+00 3.918097853660583496e+01 7.000000000000000000e+00 2.100000000000000000e+01
8.567000000000000171e+00 3.918097853660583496e+01 8.000000000000000000e+00 2.700000000000000000e+01
8.854000000000000981e+00 3.918097853660583496e+01 9.000000000000000000e+00 2.400000000000000000e+01
9.230999999999999872e+00 3.918097853660583496e+01 1.000000000000000000e+01 5.300000000000000000e+01
9.526999999999999247e+00 3.918097853660583496e+01 1.100000000000000000e+01 3.500000000000000000e+01
9.803999999999998494e+00 3.918097853660583496e+01 1.200000000000000000e+01 4.000000000000000000e+01
1.013299999999999912e+01 3.918097853660583496e+01 1.300000000000000000e+01 3.600000000000000000e+01
1.026499999999999879e+01 3.918097853660583496e+01 1.400000000000000000e+01 5.700000000000000000e+01
1.041199999999999903e+01 3.918097853660583496e+01 1.500000000000000000e+01 5.400000000000000000e+01
1.150399999999999778e+01 3.918097853660583496e+01 1.600000000000000000e+01 1.140000000000000000e+02
1.150399999999999778e+01 3.918097853660583496e+01 1.700000000000000000e+01 5.000000000000000000e+01
1.208500000000000085e+01 3.918097853660583496e+01 1.800000000000000000e+01 8.300000000000000000e+01
1.234800000000000075e+01 3.918097853660583496e+01 1.900000000000000000e+01 7.900000000000000000e+01
1.226699999999999946e+01 3.918097853660583496e+01 2.000000000000000000e+01 7.300000000000000000e+01
1.246399999999999864e+01 3.918097853660583496e+01 2.100000000000000000e+01 8.400000000000000000e+01
1.265799999999999947e+01 3.918097853660583496e+01 2.200000000000000000e+01 1.230000000000000000e+02
1.292699999999999783e+01 3.918097853660583496e+01 2.300000000000000000e+01 1.360000000000000000e+02
1.346099999999999852e+01 3.918097853660583496e+01 2.400000000000000000e+01 8.400000000000000000e+01
1.363899999999999757e+01 3.918097853660583496e+01 2.500000000000000000e+01 1.040000000000000000e+02
1.398199999999999932e+01 3.918097853660583496e+01 2.600000000000000000e+01 1.500000000000000000e+02
1.447300000000000075e+01 3.918097853660583496e+01 2.700000000000000000e+01 1.880000000000000000e+02
1.487300000000000288e+01 3.918097853660583496e+01 2.800000000000000000e+01 1.150000000000000000e+02
1.520100000000000229e+01 3.918097853660583496e+01 2.900000000000000000e+01 1.370000000000000000e+02
1.589300000000000423e+01 3.918097853660583496e+01 3.000000000000000000e+01 2.430000000000000000e+02
1.596900000000000475e+01 3.918097853660583496e+01 3.100000000000000000e+01 1.380000000000000000e+02
1.594700000000000450e+01 3.918097853660583496e+01 3.200000000000000000e+01 1.360000000000000000e+02
1.635000000000000853e+01 3.918097853660583496e+01 3.300000000000000000e+01 1.570000000000000000e+02
1.689900000000001157e+01 3.918097853660583496e+01 3.400000000000000000e+01 2.570000000000000000e+02
1.727800000000000935e+01 3.918097853660583496e+01 3.500000000000000000e+01 2.660000000000000000e+02
1.718400000000000460e+01 3.918097853660583496e+01 3.600000000000000000e+01 2.990000000000000000e+02
1.724899999999999523e+01 3.918097853660583496e+01 3.700000000000000000e+01 2.190000000000000000e+02
1.795600000000000307e+01 3.918097853660583496e+01 3.800000000000000000e+01 2.400000000000000000e+02
1.826399999999999935e+01 3.918097853660583496e+01 3.900000000000000000e+01 3.250000000000000000e+02
1.896199999999999974e+01 3.918097853660583496e+01 4.000000000000000000e+01 3.710000000000000000e+02
1.900900000000000034e+01 3.918097853660583496e+01 4.100000000000000000e+01 3.160000000000000000e+02
1.927599999999999270e+01 3.918097853660583496e+01 4.200000000000000000e+01 3.720000000000000000e+02
2.057599999999999696e+01 3.918097853660583496e+01 4.300000000000000000e+01 2.290000000000000000e+02
2.107500000000000639e+01 3.918097853660583496e+01 4.400000000000000000e+01 4.230000000000000000e+02
2.158300000000001262e+01 3.918097853660583496e+01 4.500000000000000000e+01 4.810000000000000000e+02
2.185700000000000998e+01 3.918097853660583496e+01 4.600000000000000000e+01 3.990000000000000000e+02
2.236600000000001387e+01 3.918097853660583496e+01 4.700000000000000000e+01 3.350000000000000000e+02
2.236600000000001387e+01 3.918097853660583496e+01 4.800000000000000000e+01 3.650000000000000000e+02
2.302700000000001879e+01 3.918097853660583496e+01 4.900000000000000000e+01 8.180000000000000000e+02
2.355100000000001970e+01 3.918097853660583496e+01 5.000000000000000000e+01 5.550000000000000000e+02
2.457900000000000063e+01 3.918097853660583496e+01 5.100000000000000000e+01 6.570000000000000000e+02
2.463400000000000034e+01 3.918097853660583496e+01 5.200000000000000000e+01 6.270000000000000000e+02
2.468599999999999994e+01 3.918097853660583496e+01 5.300000000000000000e+01 6.830000000000000000e+02
2.558000000000001606e+01 3.918097853660583496e+01 5.400000000000000000e+01 9.260000000000000000e+02
2.540200000000000102e+01 3.918097853660583496e+01 5.500000000000000000e+01 5.130000000000000000e+02
2.710400000000000631e+01 3.918097853660583496e+01 5.600000000000000000e+01 4.640000000000000000e+02
2.726899999999998769e+01 3.918097853660583496e+01 5.700000000000000000e+01 5.600000000000000000e+02
2.916999999999998749e+01 3.918097853660583496e+01 5.800000000000000000e+01 8.830000000000000000e+02
2.930999999999998451e+01 3.918097853660583496e+01 5.900000000000000000e+01 1.137000000000000000e+03
2.998099999999999099e+01 3.918097853660583496e+01 6.000000000000000000e+01 7.120000000000000000e+02
3.098399999999998755e+01 3.918097853660583496e+01 6.100000000000000000e+01 6.880000000000000000e+02
3.114899999999999736e+01 3.918097853660583496e+01 6.200000000000000000e+01 9.430000000000000000e+02
3.225200000000002376e+01 3.918097853660583496e+01 6.300000000000000000e+01 6.440000000000000000e+02
3.312200000000006384e+01 3.918097853660583496e+01 6.400000000000000000e+01 1.623000000000000000e+03
3.394900000000008333e+01 3.918097853660583496e+01 6.500000000000000000e+01 6.620000000000000000e+02
3.422900000000009868e+01 3.918097853660583496e+01 6.600000000000000000e+01 1.195000000000000000e+03
3.566700000000015791e+01 3.918097853660583496e+01 6.700000000000000000e+01 7.110000000000000000e+02
3.586000000000016286e+01 3.918097853660583496e+01 6.800000000000000000e+01 7.560000000000000000e+02
3.727000000000022339e+01 3.918097853660583496e+01 6.900000000000000000e+01 6.030000000000000000e+02
3.914300000000031332e+01 3.918097853660583496e+01 7.000000000000000000e+01 1.053000000000000000e+03
3.918097853660583496e+01 3.918097853660583496e+01 0.000000000000000000e+00 0.000000000000000000e+00
3.918097853660583496e+01 3.918097853660583496e+01 0.000000000000000000e+00 0.000000000000000000e+00
3.918097853660583496e+01 3.918097853660583496e+01 0.000000000000000000e+00 0.000000000000000000e+00
3.918097853660583496e+01 3.918097853660583496e+01 0.000000000000000000e+00 0.000000000000000000e+00
3.752999999999999226e+00 3.928583836555480957e+01 0.000000000000000000e+00 0.000000000000000000e+00
4.327999999999999403e+00 3.928583836555480957e+01 1.000000000000000000e+00 0.000000000000000000e+00
5.404999999999999361e+00 3.928583836555480957e+01 2.000000000000000000e+00 4.000000000000000000e+00
6.497999999999998444e+00 3.928583836555480957e+01 3.000000000000000000e+00 2.600000000000000000e+01
6.670999999999998487e+00 3.928583836555480957e+01 4.000000000000000000e+00 2.100000000000000000e+01
6.842999999999998195e+00 3.928583836555480957e+01 5.000000000000000000e+00 1.400000000000000000e+01
8.163999999999997925e+00 3.928583836555480957e+01 6.000000000000000000e+00 2.700000000000000000e+01
8.321999999999997399e+00 3.928583836555480957e+01 7.000000000000000000e+00 2.800000000000000000e+01
8.777999999999996916e+00 3.928583836555480957e+01 8.000000000000000000e+00 7.300000000000000000e+01
9.518999999999996575e+00 3.928583836555480957e+01 9.000000000000000000e+00 5.100000000000000000e+01
9.518999999999996575e+00 3.928583836555480957e+01 1.000000000000000000e+01 3.300000000000000000e+01
9.663999999999996149e+00 3.928583836555480957e+01 1.100000000000000000e+01 4.400000000000000000e+01
9.803999999999996717e+00 3.928583836555480957e+01 1.200000000000000000e+01 3.500000000000000000e+01
1.020299999999999585e+01 3.928583836555480957e+01 1.300000000000000000e+01 8.200000000000000000e+01
1.046099999999999675e+01 3.928583836555480957e+01 1.400000000000000000e+01 6.100000000000000000e+01
1.058799999999999741e+01 3.928583836555480957e+01 1.500000000000000000e+01 7.300000000000000000e+01
1.107299999999999862e+01 3.928583836555480957e+01 1.600000000000000000e+01 6.900000000000000000e+01
1.119299999999999784e+01 3.928583836555480957e+01 1.700000000000000000e+01 8.700000000000000000e+01
1.168100000000000094e+01 3.928583836555480957e+01 1.800000000000000000e+01 6.400000000000000000e+01
1.190600000000000236e+01 3.928583836555480957e+01 1.900000000000000000e+01 7.000000000000000000e+01
1.205900000000000105e+01 3.928583836555480957e+01 2.000000000000000000e+01 7.100000000000000000e+01
1.258500000000000085e+01 3.928583836555480957e+01 2.100000000000000000e+01 1.190000000000000000e+02
1.278599999999999959e+01 3.928583836555480957e+01 2.200000000000000000e+01 8.200000000000000000e+01
1.256899999999999906e+01 3.928583836555480957e+01 2.300000000000000000e+01 1.400000000000000000e+02
1.346299999999999919e+01 3.928583836555480957e+01 2.400000000000000000e+01 8.400000000000000000e+01
1.348699999999999832e+01 3.928583836555480957e+01 2.500000000000000000e+01 1.400000000000000000e+02
1.385899999999999643e+01 3.928583836555480957e+01 2.600000000000000000e+01 1.650000000000000000e+02
1.425499999999999723e+01 3.928583836555480957e+01 2.700000000000000000e+01 1.020000000000000000e+02
1.433899999999999686e+01 3.928583836555480957e+01 2.800000000000000000e+01 1.410000000000000000e+02
1.452899999999999636e+01 3.928583836555480957e+01 2.900000000000000000e+01 1.880000000000000000e+02
1.496399999999999508e+01 3.928583836555480957e+01 3.000000000000000000e+01 1.820000000000000000e+02
1.547499999999999432e+01 3.928583836555480957e+01 3.100000000000000000e+01 1.870000000000000000e+02
1.549099999999999433e+01 3.928583836555480957e+01 3.200000000000000000e+01 1.160000000000000000e+02
1.579799999999999827e+01 3.928583836555480957e+01 3.300000000000000000e+01 1.560000000000000000e+02
1.614199999999999946e+01 3.928583836555480957e+01 3.400000000000000000e+01 1.590000000000000000e+02
1.646600000000000108e+01 3.928583836555480957e+01 3.500000000000000000e+01 2.230000000000000000e+02
1.664799999999999969e+01 3.928583836555480957e+01 3.600000000000000000e+01 2.560000000000000000e+02
1.716899999999998983e+01 3.928583836555480957e+01 3.700000000000000000e+01 2.820000000000000000e+02
1.776799999999997937e+01 3.928583836555480957e+01 3.800000000000000000e+01 2.460000000000000000e+02
1.834999999999997300e+01 3.928583836555480957e+01 3.900000000000000000e+01 3.180000000000000000e+02
1.885199999999997544e+01 3.928583836555480957e+01 4.000000000000000000e+01 3.620000000000000000e+02
1.928099999999997038e+01 3.928583836555480957e+01 4.100000000000000000e+01 3.530000000000000000e+02
1.941899999999997206e+01 3.928583836555480957e+01 4.200000000000000000e+01 4.100000000000000000e+02
1.964999999999997016e+01 3.928583836555480957e+01 4.300000000000000000e+01 2.860000000000000000e+02
1.984899999999997178e+01 3.928583836555480957e+01 4.400000000000000000e+01 4.100000000000000000e+02
2.048499999999998167e+01 3.928583836555480957e+01 4.500000000000000000e+01 2.050000000000000000e+02
2.059799999999998121e+01 3.928583836555480957e+01 4.600000000000000000e+01 4.810000000000000000e+02
2.103599999999998715e+01 3.928583836555480957e+01 4.700000000000000000e+01 3.730000000000000000e+02
2.127199999999998781e+01 3.928583836555480957e+01 4.800000000000000000e+01 5.340000000000000000e+02
2.212699999999996692e+01 3.928583836555480957e+01 4.900000000000000000e+01 4.370000000000000000e+02
2.288399999999997902e+01 3.928583836555480957e+01 5.000000000000000000e+01 3.960000000000000000e+02
2.359399999999996922e+01 3.928583836555480957e+01 5.100000000000000000e+01 6.200000000000000000e+02
2.381899999999996709e+01 3.928583836555480957e+01 5.200000000000000000e+01 7.530000000000000000e+02
2.475699999999995526e+01 3.928583836555480957e+01 5.300000000000000000e+01 5.420000000000000000e+02
2.477499999999995239e+01 3.928583836555480957e+01 5.400000000000000000e+01 6.830000000000000000e+02
2.561499999999995580e+01 3.928583836555480957e+01 5.500000000000000000e+01 7.290000000000000000e+02
2.571499999999995723e+01 3.928583836555480957e+01 5.600000000000000000e+01 3.140000000000000000e+02
2.628299999999993730e+01 3.928583836555480957e+01 5.700000000000000000e+01 1.071000000000000000e+03
2.651399999999992829e+01 3.928583836555480957e+01 5.800000000000000000e+01 4.630000000000000000e+02
2.736299999999988941e+01 3.928583836555480957e+01 5.900000000000000000e+01 1.125000000000000000e+03
2.780499999999988958e+01 3.928583836555480957e+01 6.000000000000000000e+01 6.300000000000000000e+02
2.832199999999989259e+01 3.928583836555480957e+01 6.100000000000000000e+01 1.266000000000000000e+03
3.004899999999991422e+01 3.928583836555480957e+01 6.200000000000000000e+01 4.330000000000000000e+02
3.054099999999990445e+01 3.928583836555480957e+01 6.300000000000000000e+01 8.670000000000000000e+02
3.299799999999995492e+01 3.928583836555480957e+01 6.400000000000000000e+01 1.477000000000000000e+03
3.397099999999998943e+01 3.928583836555480957e+01 6.500000000000000000e+01 6.260000000000000000e+02
3.411699999999999022e+01 3.928583836555480957e+01 6.600000000000000000e+01 1.673000000000000000e+03
3.560700000000004906e+01 3.928583836555480957e+01 6.700000000000000000e+01 1.188000000000000000e+03
3.743500000000012307e+01 3.928583836555480957e+01 6.800000000000000000e+01 9.300000000000000000e+02
3.879600000000019122e+01 3.928583836555480957e+01 6.900000000000000000e+01 6.730000000000000000e+02
3.924500000000021060e+01 3.928583836555480957e+01 7.000000000000000000e+01 7.780000000000000000e+02
3.928583836555480957e+01 3.928583836555480957e+01 0.000000000000000000e+00 0.000000000000000000e+00
3.928583836555480957e+01 3.928583836555480957e+01 0.000000000000000000e+00 0.000000000000000000e+00
3.928583836555480957e+01 3.928583836555480957e+01 0.000000000000000000e+00 0.000000000000000000e+00
3.928583836555480957e+01 3.928583836555480957e+01 0.000000000000000000e+00 0.000000000000000000e+00
4.388000000000000789e+00 3.806021404266357422e+01 0.000000000000000000e+00 1.800000000000000000e+01
4.762000000000001343e+00 3.806021404266357422e+01 1.000000000000000000e+00 1.100000000000000000e+01
4.990000000000001101e+00 3.806021404266357422e+01 2.000000000000000000e+00 1.400000000000000000e+01
5.885000000000000675e+00 3.806021404266357422e+01 3.000000000000000000e+00 3.400000000000000000e+01
6.058000000000000718e+00 3.806021404266357422e+01 4.000000000000000000e+00 1.200000000000000000e+01
6.715000000000000746e+00 3.806021404266357422e+01 5.000000000000000000e+00 3.700000000000000000e+01
7.299000000000001265e+00 3.806021404266357422e+01 6.000000000000000000e+00 2.200000000000000000e+01
7.804000000000001158e+00 3.806021404266357422e+01 7.000000000000000000e+00 7.200000000000000000e+01
8.289000000000001478e+00 3.806021404266357422e+01 8.000000000000000000e+00 2.100000000000000000e+01
8.440000000000001279e+00 3.806021404266357422e+01 9.000000000000000000e+00 3.700000000000000000e+01
9.019000000000001904e+00 3.806021404266357422e+01 1.000000000000000000e+01 4.900000000000000000e+01
9.162000000000002586e+00 3.806021404266357422e+01 1.100000000000000000e+01 3.800000000000000000e+01
9.705000000000001847e+00 3.806021404266357422e+01 1.200000000000000000e+01 6.200000000000000000e+01
9.705000000000001847e+00 3.806021404266357422e+01 1.300000000000000000e+01 7.200000000000000000e+01
1.031600000000000250e+01 3.806021404266357422e+01 1.400000000000000000e+01 8.500000000000000000e+01
1.048000000000000220e+01 3.806021404266357422e+01 1.500000000000000000e+01 8.700000000000000000e+01
1.046500000000000163e+01 3.806021404266357422e+01 1.600000000000000000e+01 3.200000000000000000e+01
1.107800000000000296e+01 3.806021404266357422e+01 1.700000000000000000e+01 9.100000000000000000e+01
1.085000000000000320e+01 3.806021404266357422e+01 1.800000000000000000e+01 9.700000000000000000e+01
1.167200000000000060e+01 3.806021404266357422e+01 1.900000000000000000e+01 6.600000000000000000e+01
1.167200000000000060e+01 3.806021404266357422e+01 2.000000000000000000e+01 6.700000000000000000e+01
1.167200000000000060e+01 3.806021404266357422e+01 2.100000000000000000e+01 7.500000000000000000e+01
1.208399999999999963e+01 3.806021404266357422e+01 2.200000000000000000e+01 7.900000000000000000e+01
1.247700000000000031e+01 3.806021404266357422e+01 2.300000000000000000e+01 1.220000000000000000e+02
1.281600000000000072e+01 3.806021404266357422e+01 2.400000000000000000e+01 1.360000000000000000e+02
1.289199999999999946e+01 3.806021404266357422e+01 2.500000000000000000e+01 1.810000000000000000e+02
1.343899999999999828e+01 3.806021404266357422e+01 2.600000000000000000e+01 9.900000000000000000e+01
1.349499999999999744e+01 3.806021404266357422e+01 2.700000000000000000e+01 1.870000000000000000e+02
1.359899999999999842e+01 3.806021404266357422e+01 2.800000000000000000e+01 1.250000000000000000e+02
1.393899999999999828e+01 3.806021404266357422e+01 2.900000000000000000e+01 1.460000000000000000e+02
1.426999999999999957e+01 3.806021404266357422e+01 3.000000000000000000e+01 1.590000000000000000e+02
1.469299999999999962e+01 3.806021404266357422e+01 3.100000000000000000e+01 1.810000000000000000e+02
1.501900000000000013e+01 3.806021404266357422e+01 3.200000000000000000e+01 2.170000000000000000e+02
1.551099999999999923e+01 3.806021404266357422e+01 3.300000000000000000e+01 2.150000000000000000e+02
1.570199999999999818e+01 3.806021404266357422e+01 3.400000000000000000e+01 2.490000000000000000e+02
1.605099999999999838e+01 3.806021404266357422e+01 3.500000000000000000e+01 2.570000000000000000e+02
1.653099999999999525e+01 3.806021404266357422e+01 3.600000000000000000e+01 2.750000000000000000e+02
1.676199999999998980e+01 3.806021404266357422e+01 3.700000000000000000e+01 1.870000000000000000e+02
1.725399999999998357e+01 3.806021404266357422e+01 3.800000000000000000e+01 3.030000000000000000e+02
1.825499999999998835e+01 3.806021404266357422e+01 3.900000000000000000e+01 2.620000000000000000e+02
1.854399999999998983e+01 3.806021404266357422e+01 4.000000000000000000e+01 3.510000000000000000e+02
1.892099999999998516e+01 3.806021404266357422e+01 4.100000000000000000e+01 3.510000000000000000e+02
1.906999999999998607e+01 3.806021404266357422e+01 4.200000000000000000e+01 2.840000000000000000e+02
1.946099999999998786e+01 3.806021404266357422e+01 4.300000000000000000e+01 4.520000000000000000e+02
2.009999999999999787e+01 3.806021404266357422e+01 4.400000000000000000e+01 4.420000000000000000e+02
2.009899999999999665e+01 3.806021404266357422e+01 4.500000000000000000e+01 4.680000000000000000e+02
2.093399999999999395e+01 3.806021404266357422e+01 4.600000000000000000e+01 3.400000000000000000e+02
2.100399999999999423e+01 3.806021404266357422e+01 4.700000000000000000e+01 3.530000000000000000e+02
2.170400000000001128e+01 3.806021404266357422e+01 4.800000000000000000e+01 4.770000000000000000e+02
2.179000000000000981e+01 3.806021404266357422e+01 4.900000000000000000e+01 4.070000000000000000e+02
2.248900000000002919e+01 3.806021404266357422e+01 5.000000000000000000e+01 4.910000000000000000e+02
2.277500000000001634e+01 3.806021404266357422e+01 5.100000000000000000e+01 6.390000000000000000e+02
2.335600000000001586e+01 3.806021404266357422e+01 5.200000000000000000e+01 5.460000000000000000e+02
2.362200000000000699e+01 3.806021404266357422e+01 5.300000000000000000e+01 5.630000000000000000e+02
2.416400000000000148e+01 3.806021404266357422e+01 5.400000000000000000e+01 6.630000000000000000e+02
2.455400000000000205e+01 3.806021404266357422e+01 5.500000000000000000e+01 3.800000000000000000e+02
2.540799999999999059e+01 3.806021404266357422e+01 5.600000000000000000e+01 8.860000000000000000e+02
2.563599999999997792e+01 3.806021404266357422e+01 5.700000000000000000e+01 5.710000000000000000e+02
2.615499999999996916e+01 3.806021404266357422e+01 5.800000000000000000e+01 1.028000000000000000e+03
2.651199999999996137e+01 3.806021404266357422e+01 5.900000000000000000e+01 6.440000000000000000e+02
2.705099999999995930e+01 3.806021404266357422e+01 6.000000000000000000e+01 6.740000000000000000e+02
2.927299999999996771e+01 3.806021404266357422e+01 6.100000000000000000e+01 6.410000000000000000e+02
2.997699999999998610e+01 3.806021404266357422e+01 6.200000000000000000e+01 1.110000000000000000e+03
3.013999999999998991e+01 3.806021404266357422e+01 6.300000000000000000e+01 5.470000000000000000e+02
3.118099999999999383e+01 3.806021404266357422e+01 6.400000000000000000e+01 9.540000000000000000e+02
3.215300000000000580e+01 3.806021404266357422e+01 6.500000000000000000e+01 1.153000000000000000e+03
3.334200000000006980e+01 3.806021404266357422e+01 6.600000000000000000e+01 1.157000000000000000e+03
3.382700000000008345e+01 3.806021404266357422e+01 6.700000000000000000e+01 6.360000000000000000e+02
3.544500000000014239e+01 3.806021404266357422e+01 6.800000000000000000e+01 7.160000000000000000e+02
3.627400000000017144e+01 3.806021404266357422e+01 6.900000000000000000e+01 7.740000000000000000e+02
3.807700000000026819e+01 3.806021404266357422e+01 7.000000000000000000e+01 1.092000000000000000e+03
3.806021404266357422e+01 3.806021404266357422e+01 0.000000000000000000e+00 0.000000000000000000e+00
3.806021404266357422e+01 3.806021404266357422e+01 0.000000000000000000e+00 0.000000000000000000e+00
3.806021404266357422e+01 3.806021404266357422e+01 0.000000000000000000e+00 0.000000000000000000e+00
3.806021404266357422e+01 3.806021404266357422e+01 0.000000000000000000e+00 0.000000000000000000e+00
3.742000000000000437e+00 3.894326663017272949e+01 0.000000000000000000e+00 1.100000000000000000e+01
4.113000000000000433e+00 3.894326663017272949e+01 1.000000000000000000e+00 6.000000000000000000e+00
4.836000000000000298e+00 3.894326663017272949e+01 2.000000000000000000e+00 1.500000000000000000e+01
4.836000000000000298e+00 3.894326663017272949e+01 3.000000000000000000e+00 1.000000000000000000e+01
5.709000000000000519e+00 3.894326663017272949e+01 4.000000000000000000e+00 1.100000000000000000e+01
6.211000000000000298e+00 3.894326663017272949e+01 5.000000000000000000e+00 2.400000000000000000e+01
6.865000000000000213e+00 3.894326663017272949e+01 6.000000000000000000e+00 2.700000000000000000e+01
7.027000000000000135e+00 3.894326663017272949e+01 7.000000000000000000e+00 2.800000000000000000e+01
7.306000000000000050e+00 3.894326663017272949e+01 8.000000000000000000e+00 2.700000000000000000e+01
8.096000000000000085e+00 3.894326663017272949e+01 9.000000000000000000e+00 4.700000000000000000e+01
8.244999999999999218e+00 3.894326663017272949e+01 1.000000000000000000e+01 5.800000000000000000e+01
8.674999999999998934e+00 3.894326663017272949e+01 1.100000000000000000e+01 4.400000000000000000e+01
8.817999999999999616e+00 3.894326663017272949e+01 1.200000000000000000e+01 3.700000000000000000e+01
9.360999999999998877e+00 3.894326663017272949e+01 1.300000000000000000e+01 7.800000000000000000e+01
9.887999999999999901e+00 3.894326663017272949e+01 1.400000000000000000e+01 5.400000000000000000e+01
9.877000000000000668e+00 3.894326663017272949e+01 1.500000000000000000e+01 5.200000000000000000e+01
1.026900000000000013e+01 3.894326663017272949e+01 1.600000000000000000e+01 8.100000000000000000e+01
1.039199999999999946e+01 3.894326663017272949e+01 1.700000000000000000e+01 4.400000000000000000e+01
1.085899999999999999e+01 3.894326663017272949e+01 1.800000000000000000e+01 7.300000000000000000e+01
1.085899999999999999e+01 3.894326663017272949e+01 1.900000000000000000e+01 1.020000000000000000e+02
1.141000000000000014e+01 3.894326663017272949e+01 2.000000000000000000e+01 9.400000000000000000e+01
1.133800000000000274e+01 3.894326663017272949e+01 2.100000000000000000e+01 8.800000000000000000e+01
1.187000000000000277e+01 3.894326663017272949e+01 2.200000000000000000e+01 7.600000000000000000e+01
1.223400000000000176e+01 3.894326663017272949e+01 2.300000000000000000e+01 8.200000000000000000e+01
1.268900000000000361e+01 3.894326663017272949e+01 2.400000000000000000e+01 1.370000000000000000e+02
1.281200000000000294e+01 3.894326663017272949e+01 2.500000000000000000e+01 9.200000000000000000e+01
1.335500000000000398e+01 3.894326663017272949e+01 2.600000000000000000e+01 1.930000000000000000e+02
1.310900000000000354e+01 3.894326663017272949e+01 2.700000000000000000e+01 1.620000000000000000e+02
1.394000000000000661e+01 3.894326663017272949e+01 2.800000000000000000e+01 1.320000000000000000e+02
1.394000000000000661e+01 3.894326663017272949e+01 2.900000000000000000e+01 1.320000000000000000e+02
1.411500000000000732e+01 3.894326663017272949e+01 3.000000000000000000e+01 1.370000000000000000e+02
1.443600000000001060e+01 3.894326663017272949e+01 3.100000000000000000e+01 1.840000000000000000e+02
1.466900000000000936e+01 3.894326663017272949e+01 3.200000000000000000e+01 1.780000000000000000e+02
1.509700000000000841e+01 3.894326663017272949e+01 3.300000000000000000e+01 2.300000000000000000e+02
1.557300000000000928e+01 3.894326663017272949e+01 3.400000000000000000e+01 1.130000000000000000e+02
1.568800000000000949e+01 3.894326663017272949e+01 3.500000000000000000e+01 2.850000000000000000e+02
1.575300000000000900e+01 3.894326663017272949e+01 3.600000000000000000e+01 1.130000000000000000e+02
1.598700000000000898e+01 3.894326663017272949e+01 3.700000000000000000e+01 2.050000000000000000e+02
1.636300000000001020e+01 3.894326663017272949e+01 3.800000000000000000e+01 3.440000000000000000e+02
1.659400000000000830e+01 3.894326663017272949e+01 3.900000000000000000e+01 2.880000000000000000e+02
1.711000000000000298e+01 3.894326663017272949e+01 4.000000000000000000e+01 2.570000000000000000e+02
1.733499999999999730e+01 3.894326663017272949e+01 4.100000000000000000e+01 2.360000000000000000e+02
1.786299999999999244e+01 3.894326663017272949e+01 4.200000000000000000e+01 2.390000000000000000e+02
1.790899999999999181e+01 3.894326663017272949e+01 4.300000000000000000e+01 3.380000000000000000e+02
1.884499999999999886e+01 3.894326663017272949e+01 4.400000000000000000e+01 1.880000000000000000e+02
1.892399999999999949e+01 3.894326663017272949e+01 4.500000000000000000e+01 2.970000000000000000e+02
1.937900000000000134e+01 3.894326663017272949e+01 4.600000000000000000e+01 2.630000000000000000e+02
1.960900000000000176e+01 3.894326663017272949e+01 4.700000000000000000e+01 2.970000000000000000e+02
2.016200000000000614e+01 3.894326663017272949e+01 4.800000000000000000e+01 4.140000000000000000e+02
2.022700000000000742e+01 3.894326663017272949e+01 4.900000000000000000e+01 5.650000000000000000e+02
2.106100000000002481e+01 3.894326663017272949e+01 5.000000000000000000e+01 5.630000000000000000e+02
2.165200000000000458e+01 3.894326663017272949e+01 5.100000000000000000e+01 3.900000000000000000e+02
2.252900000000001413e+01 3.894326663017272949e+01 5.200000000000000000e+01 3.830000000000000000e+02
2.262500000000001066e+01 3.894326663017272949e+01 5.300000000000000000e+01 6.120000000000000000e+02
2.393200000000000571e+01 3.894326663017272949e+01 5.400000000000000000e+01 5.090000000000000000e+02
2.415300000000000580e+01 3.894326663017272949e+01 5.500000000000000000e+01 3.870000000000000000e+02
2.448599999999999710e+01 3.894326663017272949e+01 5.600000000000000000e+01 6.710000000000000000e+02
2.500199999999998468e+01 3.894326663017272949e+01 5.700000000000000000e+01 3.440000000000000000e+02
2.541899999999997917e+01 3.894326663017272949e+01 5.800000000000000000e+01 9.930000000000000000e+02
2.681599999999991368e+01 3.894326663017272949e+01 5.900000000000000000e+01 8.220000000000000000e+02
2.732999999999991303e+01 3.894326663017272949e+01 6.000000000000000000e+01 1.094000000000000000e+03
2.767499999999990834e+01 3.894326663017272949e+01 6.100000000000000000e+01 5.040000000000000000e+02
2.862099999999992761e+01 3.894326663017272949e+01 6.200000000000000000e+01 6.430000000000000000e+02
2.979199999999994475e+01 3.894326663017272949e+01 6.300000000000000000e+01 6.780000000000000000e+02
3.062999999999994571e+01 3.894326663017272949e+01 6.400000000000000000e+01 1.750000000000000000e+03
3.062599999999994083e+01 3.894326663017272949e+01 6.500000000000000000e+01 3.780000000000000000e+02
3.233399999999998187e+01 3.894326663017272949e+01 6.600000000000000000e+01 7.660000000000000000e+02
3.405800000000005667e+01 3.894326663017272949e+01 6.700000000000000000e+01 7.180000000000000000e+02
3.596700000000012665e+01 3.894326663017272949e+01 6.800000000000000000e+01 8.930000000000000000e+02
3.794400000000020867e+01 3.894326663017272949e+01 6.900000000000000000e+01 1.004000000000000000e+03
3.895200000000025398e+01 3.894326663017272949e+01 7.000000000000000000e+01 1.516000000000000000e+03
3.894326663017272949e+01 3.894326663017272949e+01 0.000000000000000000e+00 0.000000000000000000e+00
3.894326663017272949e+01 3.894326663017272949e+01 0.000000000000000000e+00 0.000000000000000000e+00
3.894326663017272949e+01 3.894326663017272949e+01 0.000000000000000000e+00 0.000000000000000000e+00
3.894326663017272949e+01 3.894326663017272949e+01 0.000000000000000000e+00 0.000000000000000000e+00
