3.802000000000000490e+00 7.085882306098937988e+01 0.000000000000000000e+00 6.000000000000000000e+00
4.595000000000000639e+00 7.085882306098937988e+01 1.000000000000000000e+00 1.000000000000000000e+01
6.527000000000000135e+00 7.085882306098937988e+01 2.000000000000000000e+00 1.300000000000000000e+01
7.289000000000000590e+00 7.085882306098937988e+01 3.000000000000000000e+00 1.800000000000000000e+01
8.217999999999999972e+00 7.085882306098937988e+01 4.000000000000000000e+00 2.800000000000000000e+01
9.314000000000000057e+00 7.085882306098937988e+01 5.000000000000000000e+00 2.500000000000000000e+01
9.843000000000001748e+00 7.085882306098937988e+01 6.000000000000000000e+00 3.900000000000000000e+01
1.036100000000000065e+01 7.085882306098937988e+01 7.000000000000000000e+00 4.000000000000000000e+01
1.135999999999999943e+01 7.085882306098937988e+01 8.000000000000000000e+00 4.700000000000000000e+01
1.218599999999999817e+01 7.085882306098937988e+01 9.000000000000000000e+00 4.400000000000000000e+01
1.200099999999999767e+01 7.085882306098937988e+01 1.000000000000000000e+01 5.700000000000000000e+01
1.276699999999999946e+01 7.085882306098937988e+01 1.100000000000000000e+01 7.600000000000000000e+01
1.296699999999999875e+01 7.085882306098937988e+01 1.200000000000000000e+01 7.300000000000000000e+01
1.327399999999999913e+01 7.085882306098937988e+01 1.300000000000000000e+01 4.900000000000000000e+01
1.372599999999999909e+01 7.085882306098937988e+01 1.400000000000000000e+01 8.900000000000000000e+01
1.403799999999999848e+01 7.085882306098937988e+01 1.500000000000000000e+01 7.800000000000000000e+01
1.458799999999999919e+01 7.085882306098937988e+01 1.600000000000000000e+01 1.040000000000000000e+02
1.458799999999999919e+01 7.085882306098937988e+01 1.700000000000000000e+01 1.040000000000000000e+02
1.484899999999999842e+01 7.085882306098937988e+01 1.800000000000000000e+01 8.900000000000000000e+01
1.534799999999999720e+01 7.085882306098937988e+01 1.900000000000000000e+01 9.100000000000000000e+01
1.594399999999999729e+01 7.085882306098937988e+01 2.000000000000000000e+01 8.400000000000000000e+01
1.624999999999999645e+01 7.085882306098937988e+01 2.100000000000000000e+01 1.330000000000000000e+02
1.686899999999999622e+01 7.085882306098937988e+01 2.200000000000000000e+01 9.800000000000000000e+01
1.679299999999999571e+01 7.085882306098937988e+01 2.300000000000000000e+01 1.110000000000000000e+02
1.719899999999999807e+01 7.085882306098937988e+01 2.400000000000000000e+01 1.190000000000000000e+02
1.771099999999999497e+01 7.085882306098937988e+01 2.500000000000000000e+01 1.750000000000000000e+02
1.749699999999999633e+01 7.085882306098937988e+01 2.600000000000000000e+01 8.700000000000000000e+01
1.838799999999999812e+01 7.085882306098937988e+01 2.700000000000000000e+01 1.300000000000000000e+02
1.922000000000000242e+01 7.085882306098937988e+01 2.800000000000000000e+01 2.230000000000000000e+02
1.978700000000000259e+01 7.085882306098937988e+01 2.900000000000000000e+01 1.860000000000000000e+02
2.037299999999999756e+01 7.085882306098937988e+01 3.000000000000000000e+01 1.950000000000000000e+02
2.069800000000000040e+01 7.085882306098937988e+01 3.100000000000000000e+01 2.750000000000000000e+02
2.085699999999999932e+01 7.085882306098937988e+01 3.200000000000000000e+01 1.950000000000000000e+02
2.157900000000000063e+01 7.085882306098937988e+01 3.300000000000000000e+01 2.800000000000000000e+02
2.202600000000000335e+01 7.085882306098937988e+01 3.400000000000000000e+01 3.270000000000000000e+02
2.224300000000000566e+01 7.085882306098937988e+01 3.500000000000000000e+01 2.480000000000000000e+02
2.258700000000000330e+01 7.085882306098937988e+01 3.600000000000000000e+01 2.480000000000000000e+02
2.295700000000000784e+01 7.085882306098937988e+01 3.700000000000000000e+01 3.340000000000000000e+02
2.374300000000000921e+01 7.085882306098937988e+01 3.800000000000000000e+01 3.220000000000000000e+02
2.428200000000000713e+01 7.085882306098937988e+01 3.900000000000000000e+01 2.410000000000000000e+02
2.492399999999999949e+01 7.085882306098937988e+01 4.000000000000000000e+01 3.620000000000000000e+02
2.558799999999999031e+01 7.085882306098937988e+01 4.100000000000000000e+01 4.940000000000000000e+02
2.590899999999998826e+01 7.085882306098937988e+01 4.200000000000000000e+01 4.700000000000000000e+02
2.642299999999998761e+01 7.085882306098937988e+01 4.300000000000000000e+01 4.440000000000000000e+02
2.680999999999998806e+01 7.085882306098937988e+01 4.400000000000000000e+01 5.020000000000000000e+02
2.707299999999998263e+01 7.085882306098937988e+01 4.500000000000000000e+01 5.300000000000000000e+02
2.815699999999998226e+01 7.085882306098937988e+01 4.600000000000000000e+01 5.380000000000000000e+02
2.877999999999998693e+01 7.085882306098937988e+01 4.700000000000000000e+01 4.820000000000000000e+02
2.883999999999999631e+01 7.085882306098937988e+01 4.800000000000000000e+01 7.780000000000000000e+02
2.972499999999999076e+01 7.085882306098937988e+01 4.900000000000000000e+01 6.430000000000000000e+02
3.029899999999998172e+01 7.085882306098937988e+01 5.000000000000000000e+01 5.510000000000000000e+02
3.131300000000000239e+01 7.085882306098937988e+01 5.100000000000000000e+01 9.010000000000000000e+02
3.188999999999999702e+01 7.085882306098937988e+01 5.200000000000000000e+01 6.850000000000000000e+02
3.297400000000006060e+01 7.085882306098937988e+01 5.300000000000000000e+01 1.061000000000000000e+03
3.386500000000008725e+01 7.085882306098937988e+01 5.400000000000000000e+01 8.760000000000000000e+02
3.438800000000010471e+01 7.085882306098937988e+01 5.500000000000000000e+01 1.004000000000000000e+03
3.501100000000014489e+01 7.085882306098937988e+01 5.600000000000000000e+01 1.183000000000000000e+03
3.695500000000013330e+01 7.085882306098937988e+01 5.700000000000000000e+01 1.301000000000000000e+03
3.771800000000018827e+01 7.085882306098937988e+01 5.800000000000000000e+01 1.082000000000000000e+03
3.832900000000015694e+01 7.085882306098937988e+01 5.900000000000000000e+01 1.495000000000000000e+03
3.950500000000027967e+01 7.085882306098937988e+01 6.000000000000000000e+01 1.257000000000000000e+03
3.984900000000025244e+01 7.085882306098937988e+01 6.100000000000000000e+01 1.293000000000000000e+03
4.091000000000033765e+01 7.085882306098937988e+01 6.200000000000000000e+01 1.603000000000000000e+03
4.200800000000040058e+01 7.085882306098937988e+01 6.300000000000000000e+01 1.920000000000000000e+03
4.257500000000042917e+01 7.085882306098937988e+01 6.400000000000000000e+01 1.747000000000000000e+03
4.380800000000049721e+01 7.085882306098937988e+01 6.500000000000000000e+01 1.784000000000000000e+03
4.580600000000058714e+01 7.085882306098937988e+01 6.600000000000000000e+01 1.187000000000000000e+03
4.708200000000063312e+01 7.085882306098937988e+01 6.700000000000000000e+01 2.388000000000000000e+03
4.799000000000066990e+01 7.085882306098937988e+01 6.800000000000000000e+01 2.449000000000000000e+03
4.925600000000071788e+01 7.085882306098937988e+01 6.900000000000000000e+01 1.347000000000000000e+03
5.195100000000082474e+01 7.085882306098937988e+01 7.000000000000000000e+01 1.109000000000000000e+03
5.576300000000095736e+01 7.085882306098937988e+01 7.100000000000000000e+01 7.990000000000000000e+02
7.069600000000153273e+01 7.085882306098937988e+01 7.200000000000000000e+01 1.219000000000000000e+03
7.085882306098937988e+01 7.085882306098937988e+01 0.000000000000000000e+00 0.000000000000000000e+00
7.085882306098937988e+01 7.085882306098937988e+01 0.000000000000000000e+00 0.000000000000000000e+00
4.200000000000000178e+00 5.787200975418090820e+01 0.000000000000000000e+00 0.000000000000000000e+00
5.397000000000001130e+00 5.787200975418090820e+01 1.000000000000000000e+00 2.000000000000000000e+00
6.388000000000000789e+00 5.787200975418090820e+01 2.000000000000000000e+00 0.000000000000000000e+00
9.423000000000001819e+00 5.787200975418090820e+01 3.000000000000000000e+00 2.600000000000000000e+01
9.980000000000002203e+00 5.787200975418090820e+01 4.000000000000000000e+00 2.700000000000000000e+01
1.106100000000000172e+01 5.787200975418090820e+01 5.000000000000000000e+00 3.800000000000000000e+01
1.106100000000000172e+01 5.787200975418090820e+01 6.000000000000000000e+00 3.500000000000000000e+01
1.157000000000000028e+01 5.787200975418090820e+01 7.000000000000000000e+00 3.400000000000000000e+01
1.175500000000000078e+01 5.787200975418090820e+01 8.000000000000000000e+00 3.200000000000000000e+01
1.225000000000000178e+01 5.787200975418090820e+01 9.000000000000000000e+00 3.700000000000000000e+01
1.335900000000000176e+01 5.787200975418090820e+01 1.000000000000000000e+01 5.700000000000000000e+01
1.367100000000000293e+01 5.787200975418090820e+01 1.100000000000000000e+01 6.100000000000000000e+01
1.412500000000000178e+01 5.787200975418090820e+01 1.200000000000000000e+01 5.300000000000000000e+01
1.457600000000000229e+01 5.787200975418090820e+01 1.300000000000000000e+01 9.100000000000000000e+01
1.465200000000000102e+01 5.787200975418090820e+01 1.400000000000000000e+01 9.200000000000000000e+01
1.528500000000000192e+01 5.787200975418090820e+01 1.500000000000000000e+01 7.100000000000000000e+01
1.595900000000000141e+01 5.787200975418090820e+01 1.600000000000000000e+01 1.000000000000000000e+02
1.635299999999999798e+01 5.787200975418090820e+01 1.700000000000000000e+01 1.030000000000000000e+02
1.644800000000000040e+01 5.787200975418090820e+01 1.800000000000000000e+01 1.010000000000000000e+02
1.695299999999999940e+01 5.787200975418090820e+01 1.900000000000000000e+01 1.120000000000000000e+02
1.746399999999999508e+01 5.787200975418090820e+01 2.000000000000000000e+01 1.080000000000000000e+02
1.781499999999999417e+01 5.787200975418090820e+01 2.100000000000000000e+01 1.090000000000000000e+02
1.792999999999999261e+01 5.787200975418090820e+01 2.200000000000000000e+01 1.540000000000000000e+02
1.836599999999999611e+01 5.787200975418090820e+01 2.300000000000000000e+01 1.890000000000000000e+02
1.910299999999999798e+01 5.787200975418090820e+01 2.400000000000000000e+01 1.730000000000000000e+02
1.981899999999999906e+01 5.787200975418090820e+01 2.500000000000000000e+01 1.890000000000000000e+02
2.023199999999999932e+01 5.787200975418090820e+01 2.600000000000000000e+01 1.690000000000000000e+02
2.088999999999999346e+01 5.787200975418090820e+01 2.700000000000000000e+01 1.750000000000000000e+02
2.125999999999999091e+01 5.787200975418090820e+01 2.800000000000000000e+01 2.250000000000000000e+02
2.161699999999999022e+01 5.787200975418090820e+01 2.900000000000000000e+01 1.960000000000000000e+02
2.204699999999998994e+01 5.787200975418090820e+01 3.000000000000000000e+01 2.610000000000000000e+02
2.287099999999999511e+01 5.787200975418090820e+01 3.100000000000000000e+01 2.480000000000000000e+02
2.315899999999999537e+01 5.787200975418090820e+01 3.200000000000000000e+01 3.180000000000000000e+02
2.373799999999999599e+01 5.787200975418090820e+01 3.300000000000000000e+01 2.410000000000000000e+02
2.388899999999999935e+01 5.787200975418090820e+01 3.400000000000000000e+01 2.640000000000000000e+02
2.405700000000000571e+01 5.787200975418090820e+01 3.500000000000000000e+01 3.550000000000000000e+02
2.418200000000001637e+01 5.787200975418090820e+01 3.600000000000000000e+01 3.530000000000000000e+02
2.471900000000001185e+01 5.787200975418090820e+01 3.700000000000000000e+01 3.370000000000000000e+02
2.509900000000000730e+01 5.787200975418090820e+01 3.800000000000000000e+01 3.210000000000000000e+02
2.533300000000000196e+01 5.787200975418090820e+01 3.900000000000000000e+01 3.990000000000000000e+02
2.607699999999999818e+01 5.787200975418090820e+01 4.000000000000000000e+01 3.230000000000000000e+02
2.613899999999999579e+01 5.787200975418090820e+01 4.100000000000000000e+01 2.890000000000000000e+02
2.673399999999999466e+01 5.787200975418090820e+01 4.200000000000000000e+01 3.940000000000000000e+02
2.677099999999999724e+01 5.787200975418090820e+01 4.300000000000000000e+01 4.340000000000000000e+02
2.720399999999999352e+01 5.787200975418090820e+01 4.400000000000000000e+01 4.180000000000000000e+02
2.829000000000000625e+01 5.787200975418090820e+01 4.500000000000000000e+01 5.960000000000000000e+02
2.867699999999999960e+01 5.787200975418090820e+01 4.600000000000000000e+01 5.790000000000000000e+02
3.054300000000001347e+01 5.787200975418090820e+01 4.700000000000000000e+01 6.900000000000000000e+02
3.145800000000003394e+01 5.787200975418090820e+01 4.800000000000000000e+01 6.710000000000000000e+02
3.153400000000003445e+01 5.787200975418090820e+01 4.900000000000000000e+01 5.920000000000000000e+02
3.286099999999996157e+01 5.787200975418090820e+01 5.000000000000000000e+01 8.100000000000000000e+02
3.375999999999999091e+01 5.787200975418090820e+01 5.100000000000000000e+01 9.830000000000000000e+02
3.425199999999998113e+01 5.787200975418090820e+01 5.200000000000000000e+01 9.900000000000000000e+02
3.564400000000008362e+01 5.787200975418090820e+01 5.300000000000000000e+01 8.920000000000000000e+02
3.595000000000010232e+01 5.787200975418090820e+01 5.400000000000000000e+01 1.149000000000000000e+03
3.656500000000013273e+01 5.787200975418090820e+01 5.500000000000000000e+01 1.198000000000000000e+03
3.734700000000015763e+01 5.787200975418090820e+01 5.600000000000000000e+01 8.910000000000000000e+02
3.806000000000015859e+01 5.787200975418090820e+01 5.700000000000000000e+01 1.461000000000000000e+03
3.995500000000027541e+01 5.787200975418090820e+01 5.800000000000000000e+01 1.103000000000000000e+03
4.041000000000026660e+01 5.787200975418090820e+01 5.900000000000000000e+01 1.704000000000000000e+03
4.141400000000032122e+01 5.787200975418090820e+01 6.000000000000000000e+01 1.743000000000000000e+03
4.196700000000029718e+01 5.787200975418090820e+01 6.100000000000000000e+01 1.535000000000000000e+03
4.260500000000033793e+01 5.787200975418090820e+01 6.200000000000000000e+01 1.647000000000000000e+03
4.368000000000039051e+01 5.787200975418090820e+01 6.300000000000000000e+01 1.536000000000000000e+03
4.453300000000044889e+01 5.787200975418090820e+01 6.400000000000000000e+01 1.967000000000000000e+03
4.534400000000047015e+01 5.787200975418090820e+01 6.500000000000000000e+01 1.926000000000000000e+03
4.579000000000050363e+01 5.787200975418090820e+01 6.600000000000000000e+01 1.602000000000000000e+03
4.683200000000052654e+01 5.787200975418090820e+01 6.700000000000000000e+01 1.212000000000000000e+03
4.911000000000060339e+01 5.787200975418090820e+01 6.800000000000000000e+01 1.207000000000000000e+03
5.024800000000065126e+01 5.787200975418090820e+01 6.900000000000000000e+01 1.339000000000000000e+03
5.122900000000069554e+01 5.787200975418090820e+01 7.000000000000000000e+01 1.567000000000000000e+03
5.207800000000074192e+01 5.787200975418090820e+01 7.100000000000000000e+01 1.365000000000000000e+03
5.792500000000094929e+01 5.787200975418090820e+01 7.200000000000000000e+01 7.750000000000000000e+02
5.787200975418090820e+01 5.787200975418090820e+01 0.000000000000000000e+00 0.000000000000000000e+00
5.787200975418090820e+01 5.787200975418090820e+01 0.000000000000000000e+00 0.000000000000000000e+00
3.747999999999999776e+00 5.627390122413635254e+01 0.000000000000000000e+00 0.000000000000000000e+00
6.123000000000001108e+00 5.627390122413635254e+01 1.000000000000000000e+00 3.000000000000000000e+00
7.680000000000001492e+00 5.627390122413635254e+01 2.000000000000000000e+00 1.500000000000000000e+01
8.445000000000002061e+00 5.627390122413635254e+01 3.000000000000000000e+00 2.000000000000000000e+01
9.002000000000000668e+00 5.627390122413635254e+01 4.000000000000000000e+00 1.600000000000000000e+01
9.913999999999997925e+00 5.627390122413635254e+01 5.000000000000000000e+00 2.600000000000000000e+01
1.009499999999999709e+01 5.627390122413635254e+01 6.000000000000000000e+00 3.500000000000000000e+01
1.078299999999999770e+01 5.627390122413635254e+01 7.000000000000000000e+00 3.700000000000000000e+01
1.128499999999999659e+01 5.627390122413635254e+01 8.000000000000000000e+00 4.300000000000000000e+01
1.145199999999999640e+01 5.627390122413635254e+01 9.000000000000000000e+00 4.800000000000000000e+01
1.173999999999999488e+01 5.627390122413635254e+01 1.000000000000000000e+01 4.600000000000000000e+01
1.254399999999999693e+01 5.627390122413635254e+01 1.100000000000000000e+01 6.500000000000000000e+01
1.284699999999999598e+01 5.627390122413635254e+01 1.200000000000000000e+01 4.000000000000000000e+01
1.328699999999999548e+01 5.627390122413635254e+01 1.300000000000000000e+01 6.200000000000000000e+01
1.357499999999999574e+01 5.627390122413635254e+01 1.400000000000000000e+01 7.000000000000000000e+01
1.350799999999999557e+01 5.627390122413635254e+01 1.500000000000000000e+01 9.500000000000000000e+01
1.452799999999999514e+01 5.627390122413635254e+01 1.600000000000000000e+01 7.200000000000000000e+01
1.518299999999999805e+01 5.627390122413635254e+01 1.700000000000000000e+01 9.400000000000000000e+01
1.569099999999999717e+01 5.627390122413635254e+01 1.800000000000000000e+01 1.090000000000000000e+02
1.630900000000000105e+01 5.627390122413635254e+01 1.900000000000000000e+01 1.120000000000000000e+02
1.643200000000000216e+01 5.627390122413635254e+01 2.000000000000000000e+01 1.660000000000000000e+02
1.712699999999999534e+01 5.627390122413635254e+01 2.100000000000000000e+01 1.500000000000000000e+02
1.746499999999999275e+01 5.627390122413635254e+01 2.200000000000000000e+01 1.600000000000000000e+02
1.762399999999999167e+01 5.627390122413635254e+01 2.300000000000000000e+01 1.310000000000000000e+02
1.832099999999999440e+01 5.627390122413635254e+01 2.400000000000000000e+01 1.680000000000000000e+02
1.869499999999999318e+01 5.627390122413635254e+01 2.500000000000000000e+01 1.460000000000000000e+02
1.884499999999999531e+01 5.627390122413635254e+01 2.600000000000000000e+01 1.860000000000000000e+02
1.960299999999999798e+01 5.627390122413635254e+01 2.700000000000000000e+01 2.200000000000000000e+02
1.969799999999999685e+01 5.627390122413635254e+01 2.800000000000000000e+01 1.680000000000000000e+02
2.014299999999999713e+01 5.627390122413635254e+01 2.900000000000000000e+01 2.130000000000000000e+02
2.048699999999999477e+01 5.627390122413635254e+01 3.000000000000000000e+01 2.180000000000000000e+02
2.147899999999999210e+01 5.627390122413635254e+01 3.100000000000000000e+01 2.840000000000000000e+02
2.190799999999998704e+01 5.627390122413635254e+01 3.200000000000000000e+01 2.230000000000000000e+02
2.219699999999998852e+01 5.627390122413635254e+01 3.300000000000000000e+01 2.620000000000000000e+02
2.256899999999999196e+01 5.627390122413635254e+01 3.400000000000000000e+01 2.980000000000000000e+02
2.321599999999999753e+01 5.627390122413635254e+01 3.500000000000000000e+01 2.690000000000000000e+02
2.335500000000000043e+01 5.627390122413635254e+01 3.600000000000000000e+01 2.370000000000000000e+02
2.357400000000000162e+01 5.627390122413635254e+01 3.700000000000000000e+01 3.420000000000000000e+02
2.391999999999999815e+01 5.627390122413635254e+01 3.800000000000000000e+01 4.020000000000000000e+02
2.445799999999999841e+01 5.627390122413635254e+01 3.900000000000000000e+01 3.790000000000000000e+02
2.515499999999998337e+01 5.627390122413635254e+01 4.000000000000000000e+01 4.740000000000000000e+02
2.617699999999997829e+01 5.627390122413635254e+01 4.100000000000000000e+01 4.540000000000000000e+02
2.670199999999997686e+01 5.627390122413635254e+01 4.200000000000000000e+01 4.710000000000000000e+02
2.710499999999997911e+01 5.627390122413635254e+01 4.300000000000000000e+01 4.930000000000000000e+02
2.775999999999996604e+01 5.627390122413635254e+01 4.400000000000000000e+01 4.380000000000000000e+02
2.773299999999996857e+01 5.627390122413635254e+01 4.500000000000000000e+01 6.300000000000000000e+02
2.912499999999995381e+01 5.627390122413635254e+01 4.600000000000000000e+01 6.090000000000000000e+02
2.949599999999995603e+01 5.627390122413635254e+01 4.700000000000000000e+01 7.080000000000000000e+02
3.063399999999999324e+01 5.627390122413635254e+01 4.800000000000000000e+01 7.210000000000000000e+02
3.186499999999999488e+01 5.627390122413635254e+01 4.900000000000000000e+01 9.170000000000000000e+02
3.256399999999996453e+01 5.627390122413635254e+01 5.000000000000000000e+01 7.720000000000000000e+02
3.286299999999995691e+01 5.627390122413635254e+01 5.100000000000000000e+01 7.380000000000000000e+02
3.349299999999993105e+01 5.627390122413635254e+01 5.200000000000000000e+01 1.123000000000000000e+03
3.388999999999997925e+01 5.627390122413635254e+01 5.300000000000000000e+01 9.460000000000000000e+02
3.474400000000000688e+01 5.627390122413635254e+01 5.400000000000000000e+01 1.066000000000000000e+03
3.675200000000004508e+01 5.627390122413635254e+01 5.500000000000000000e+01 1.351000000000000000e+03
3.771000000000010033e+01 5.627390122413635254e+01 5.600000000000000000e+01 1.170000000000000000e+03
3.814800000000008851e+01 5.627390122413635254e+01 5.700000000000000000e+01 1.218000000000000000e+03
3.857600000000013551e+01 5.627390122413635254e+01 5.800000000000000000e+01 1.720000000000000000e+03
3.930400000000009442e+01 5.627390122413635254e+01 5.900000000000000000e+01 1.462000000000000000e+03
4.022400000000017428e+01 5.627390122413635254e+01 6.000000000000000000e+01 2.033000000000000000e+03
4.086800000000020106e+01 5.627390122413635254e+01 6.100000000000000000e+01 1.371000000000000000e+03
4.191900000000025273e+01 5.627390122413635254e+01 6.200000000000000000e+01 1.488000000000000000e+03
4.219500000000030582e+01 5.627390122413635254e+01 6.300000000000000000e+01 1.574000000000000000e+03
4.315900000000036130e+01 5.627390122413635254e+01 6.400000000000000000e+01 1.898000000000000000e+03
4.495800000000041763e+01 5.627390122413635254e+01 6.500000000000000000e+01 1.702000000000000000e+03
4.578300000000046310e+01 5.627390122413635254e+01 6.600000000000000000e+01 1.563000000000000000e+03
4.861600000000056099e+01 5.627390122413635254e+01 6.700000000000000000e+01 1.639000000000000000e+03
4.914700000000060953e+01 5.627390122413635254e+01 6.800000000000000000e+01 2.134000000000000000e+03
5.191700000000071924e+01 5.627390122413635254e+01 6.900000000000000000e+01 1.071000000000000000e+03
5.298700000000075505e+01 5.627390122413635254e+01 7.000000000000000000e+01 1.241000000000000000e+03
5.473600000000079291e+01 5.627390122413635254e+01 7.100000000000000000e+01 1.291000000000000000e+03
5.614100000000085799e+01 5.627390122413635254e+01 7.200000000000000000e+01 1.834000000000000000e+03
5.627390122413635254e+01 5.627390122413635254e+01 0.000000000000000000e+00 0.000000000000000000e+00
5.627390122413635254e+01 5.627390122413635254e+01 0.000000000000000000e+00 0.000000000000000000e+00
4.377000000000000668e+00 5.824974513053894043e+01 0.000000000000000000e+00 1.300000000000000000e+01
5.584000000000000519e+00 5.824974513053894043e+01 1.000000000000000000e+00 1.100000000000000000e+01
6.953000000000001180e+00 5.824974513053894043e+01 2.000000000000000000e+00 1.100000000000000000e+01
7.909000000000000696e+00 5.824974513053894043e+01 3.000000000000000000e+00 3.800000000000000000e+01
8.092000000000000526e+00 5.824974513053894043e+01 4.000000000000000000e+00 4.000000000000000000e+01
8.841000000000001080e+00 5.824974513053894043e+01 5.000000000000000000e+00 4.900000000000000000e+01
9.906000000000000583e+00 5.824974513053894043e+01 6.000000000000000000e+00 4.000000000000000000e+01
1.060500000000000220e+01 5.824974513053894043e+01 7.000000000000000000e+00 4.200000000000000000e+01
1.094300000000000317e+01 5.824974513053894043e+01 8.000000000000000000e+00 5.700000000000000000e+01
1.143500000000000405e+01 5.824974513053894043e+01 9.000000000000000000e+00 5.400000000000000000e+01
1.223100000000000342e+01 5.824974513053894043e+01 1.000000000000000000e+01 6.800000000000000000e+01
1.300600000000000378e+01 5.824974513053894043e+01 1.100000000000000000e+01 8.400000000000000000e+01
1.361100000000000421e+01 5.824974513053894043e+01 1.200000000000000000e+01 6.700000000000000000e+01
1.385200000000000564e+01 5.824974513053894043e+01 1.300000000000000000e+01 1.030000000000000000e+02
1.434300000000000708e+01 5.824974513053894043e+01 1.400000000000000000e+01 9.800000000000000000e+01
1.448500000000000654e+01 5.824974513053894043e+01 1.500000000000000000e+01 1.260000000000000000e+02
1.516200000000000614e+01 5.824974513053894043e+01 1.600000000000000000e+01 1.140000000000000000e+02
1.555800000000000693e+01 5.824974513053894043e+01 1.700000000000000000e+01 9.700000000000000000e+01
1.581500000000000661e+01 5.824974513053894043e+01 1.800000000000000000e+01 1.240000000000000000e+02
1.618900000000000716e+01 5.824974513053894043e+01 1.900000000000000000e+01 8.800000000000000000e+01
1.640900000000000958e+01 5.824974513053894043e+01 2.000000000000000000e+01 1.390000000000000000e+02
1.690400000000001057e+01 5.824974513053894043e+01 2.100000000000000000e+01 1.540000000000000000e+02
1.713100000000000733e+01 5.824974513053894043e+01 2.200000000000000000e+01 9.400000000000000000e+01
1.756600000000000961e+01 5.824974513053894043e+01 2.300000000000000000e+01 1.230000000000000000e+02
1.788500000000001222e+01 5.824974513053894043e+01 2.400000000000000000e+01 1.450000000000000000e+02
1.839500000000001023e+01 5.824974513053894043e+01 2.500000000000000000e+01 1.180000000000000000e+02
1.879100000000001103e+01 5.824974513053894043e+01 2.600000000000000000e+01 1.480000000000000000e+02
1.945900000000000674e+01 5.824974513053894043e+01 2.700000000000000000e+01 1.540000000000000000e+02
1.969700000000000628e+01 5.824974513053894043e+01 2.800000000000000000e+01 1.970000000000000000e+02
2.027300000000000679e+01 5.824974513053894043e+01 2.900000000000000000e+01 2.160000000000000000e+02
2.044700000000000628e+01 5.824974513053894043e+01 3.000000000000000000e+01 1.840000000000000000e+02
2.086000000000001009e+01 5.824974513053894043e+01 3.100000000000000000e+01 2.260000000000000000e+02
2.141600000000001103e+01 5.824974513053894043e+01 3.200000000000000000e+01 2.530000000000000000e+02
2.180000000000001492e+01 5.824974513053894043e+01 3.300000000000000000e+01 2.140000000000000000e+02
2.203100000000002012e+01 5.824974513053894043e+01 3.400000000000000000e+01 2.490000000000000000e+02
2.234400000000002251e+01 5.824974513053894043e+01 3.500000000000000000e+01 2.960000000000000000e+02
2.285100000000002751e+01 5.824974513053894043e+01 3.600000000000000000e+01 2.280000000000000000e+02
2.352800000000003422e+01 5.824974513053894043e+01 3.700000000000000000e+01 3.140000000000000000e+02
2.393300000000003536e+01 5.824974513053894043e+01 3.800000000000000000e+01 3.720000000000000000e+02
2.440900000000003445e+01 5.824974513053894043e+01 3.900000000000000000e+01 3.430000000000000000e+02
2.485900000000002663e+01 5.824974513053894043e+01 4.000000000000000000e+01 4.160000000000000000e+02
2.547900000000002052e+01 5.824974513053894043e+01 4.100000000000000000e+01 3.390000000000000000e+02
2.620200000000001594e+01 5.824974513053894043e+01 4.200000000000000000e+01 4.250000000000000000e+02
2.660900000000001597e+01 5.824974513053894043e+01 4.300000000000000000e+01 3.710000000000000000e+02
2.687700000000001310e+01 5.824974513053894043e+01 4.400000000000000000e+01 4.480000000000000000e+02
2.736100000000002908e+01 5.824974513053894043e+01 4.500000000000000000e+01 4.800000000000000000e+02
2.791300000000002157e+01 5.824974513053894043e+01 4.600000000000000000e+01 6.060000000000000000e+02
2.847000000000002018e+01 5.824974513053894043e+01 4.700000000000000000e+01 5.860000000000000000e+02
2.892400000000002791e+01 5.824974513053894043e+01 4.800000000000000000e+01 5.090000000000000000e+02
3.035700000000003840e+01 5.824974513053894043e+01 4.900000000000000000e+01 7.050000000000000000e+02
3.119400000000002748e+01 5.824974513053894043e+01 5.000000000000000000e+01 9.410000000000000000e+02
3.194000000000003325e+01 5.824974513053894043e+01 5.100000000000000000e+01 6.950000000000000000e+02
3.365300000000002711e+01 5.824974513053894043e+01 5.200000000000000000e+01 1.065000000000000000e+03
3.425400000000010436e+01 5.824974513053894043e+01 5.300000000000000000e+01 9.120000000000000000e+02
3.539100000000012614e+01 5.824974513053894043e+01 5.400000000000000000e+01 1.435000000000000000e+03
3.600500000000013756e+01 5.824974513053894043e+01 5.500000000000000000e+01 1.128000000000000000e+03
3.669700000000016615e+01 5.824974513053894043e+01 5.600000000000000000e+01 1.466000000000000000e+03
3.755500000000012051e+01 5.824974513053894043e+01 5.700000000000000000e+01 1.389000000000000000e+03
3.848400000000020071e+01 5.824974513053894043e+01 5.800000000000000000e+01 1.500000000000000000e+03
3.951200000000014256e+01 5.824974513053894043e+01 5.900000000000000000e+01 1.129000000000000000e+03
4.039000000000024215e+01 5.824974513053894043e+01 6.000000000000000000e+01 1.762000000000000000e+03
4.129000000000021231e+01 5.824974513053894043e+01 6.100000000000000000e+01 1.579000000000000000e+03
4.172500000000026432e+01 5.824974513053894043e+01 6.200000000000000000e+01 1.844000000000000000e+03
4.288500000000033907e+01 5.824974513053894043e+01 6.300000000000000000e+01 1.687000000000000000e+03
4.534300000000049380e+01 5.824974513053894043e+01 6.400000000000000000e+01 1.585000000000000000e+03
4.591300000000051540e+01 5.824974513053894043e+01 6.500000000000000000e+01 1.676000000000000000e+03
4.639000000000054058e+01 5.824974513053894043e+01 6.600000000000000000e+01 1.838000000000000000e+03
4.749900000000057787e+01 5.824974513053894043e+01 6.700000000000000000e+01 2.221000000000000000e+03
5.003300000000068337e+01 5.824974513053894043e+01 6.800000000000000000e+01 1.626000000000000000e+03
5.121500000000073527e+01 5.824974513053894043e+01 6.900000000000000000e+01 1.468000000000000000e+03
5.227900000000077796e+01 5.824974513053894043e+01 7.000000000000000000e+01 2.398000000000000000e+03
5.334200000000081587e+01 5.824974513053894043e+01 7.100000000000000000e+01 1.398000000000000000e+03
5.804000000000100101e+01 5.824974513053894043e+01 7.200000000000000000e+01 7.680000000000000000e+02
5.824974513053894043e+01 5.824974513053894043e+01 0.000000000000000000e+00 0.000000000000000000e+00
5.824974513053894043e+01 5.824974513053894043e+01 0.000000000000000000e+00 0.000000000000000000e+00
3.740000000000000213e+00 6.150084519386291504e+01 0.000000000000000000e+00 0.000000000000000000e+00
5.338000000000001855e+00 6.150084519386291504e+01 1.000000000000000000e+00 5.000000000000000000e+00
6.134000000000002117e+00 6.150084519386291504e+01 2.000000000000000000e+00 2.200000000000000000e+01
7.647000000000002018e+00 6.150084519386291504e+01 3.000000000000000000e+00 2.000000000000000000e+01
8.573000000000002174e+00 6.150084519386291504e+01 4.000000000000000000e+00 3.100000000000000000e+01
9.294000000000002260e+00 6.150084519386291504e+01 5.000000000000000000e+00 5.200000000000000000e+01
1.053400000000000425e+01 6.150084519386291504e+01 6.000000000000000000e+00 4.400000000000000000e+01
1.033200000000000429e+01 6.150084519386291504e+01 7.000000000000000000e+00 6.000000000000000000e+01
1.120900000000000318e+01 6.150084519386291504e+01 8.000000000000000000e+00 8.000000000000000000e+01
1.168300000000000516e+01 6.150084519386291504e+01 9.000000000000000000e+00 5.500000000000000000e+01
1.218200000000000571e+01 6.150084519386291504e+01 1.000000000000000000e+01 7.400000000000000000e+01
1.342200000000000237e+01 6.150084519386291504e+01 1.100000000000000000e+01 5.700000000000000000e+01
1.383500000000000263e+01 6.150084519386291504e+01 1.200000000000000000e+01 7.000000000000000000e+01
1.447600000000000264e+01 6.150084519386291504e+01 1.300000000000000000e+01 7.200000000000000000e+01
1.476300000000000168e+01 6.150084519386291504e+01 1.400000000000000000e+01 8.600000000000000000e+01
1.531900000000000084e+01 6.150084519386291504e+01 1.500000000000000000e+01 6.700000000000000000e+01
1.558999999999999986e+01 6.150084519386291504e+01 1.600000000000000000e+01 9.400000000000000000e+01
1.572400000000000020e+01 6.150084519386291504e+01 1.700000000000000000e+01 1.030000000000000000e+02
1.624000000000000199e+01 6.150084519386291504e+01 1.800000000000000000e+01 1.390000000000000000e+02
1.697700000000000031e+01 6.150084519386291504e+01 1.900000000000000000e+01 1.200000000000000000e+02
1.769299999999999784e+01 6.150084519386291504e+01 2.000000000000000000e+01 1.450000000000000000e+02
1.788799999999999102e+01 6.150084519386291504e+01 2.100000000000000000e+01 9.700000000000000000e+01
1.835099999999999199e+01 6.150084519386291504e+01 2.200000000000000000e+01 1.510000000000000000e+02
1.821199999999999264e+01 6.150084519386291504e+01 2.300000000000000000e+01 1.760000000000000000e+02
1.878099999999999170e+01 6.150084519386291504e+01 2.400000000000000000e+01 1.630000000000000000e+02
1.901999999999999247e+01 6.150084519386291504e+01 2.500000000000000000e+01 1.750000000000000000e+02
1.941599999999998971e+01 6.150084519386291504e+01 2.600000000000000000e+01 1.900000000000000000e+02
1.979899999999998883e+01 6.150084519386291504e+01 2.700000000000000000e+01 1.690000000000000000e+02
2.014099999999998758e+01 6.150084519386291504e+01 2.800000000000000000e+01 2.080000000000000000e+02
2.052899999999998926e+01 6.150084519386291504e+01 2.900000000000000000e+01 1.820000000000000000e+02
2.081399999999998585e+01 6.150084519386291504e+01 3.000000000000000000e+01 2.120000000000000000e+02
2.129799999999998761e+01 6.150084519386291504e+01 3.100000000000000000e+01 2.170000000000000000e+02
2.185699999999998511e+01 6.150084519386291504e+01 3.200000000000000000e+01 3.260000000000000000e+02
2.263299999999999201e+01 6.150084519386291504e+01 3.300000000000000000e+01 2.680000000000000000e+02
2.299899999999999523e+01 6.150084519386291504e+01 3.400000000000000000e+01 3.070000000000000000e+02
2.364300000000000423e+01 6.150084519386291504e+01 3.500000000000000000e+01 3.220000000000000000e+02
2.426200000000000756e+01 6.150084519386291504e+01 3.600000000000000000e+01 3.340000000000000000e+02
2.435400000000000986e+01 6.150084519386291504e+01 3.700000000000000000e+01 2.660000000000000000e+02
2.511300000000001376e+01 6.150084519386291504e+01 3.800000000000000000e+01 4.010000000000000000e+02
2.565300000000000935e+01 6.150084519386291504e+01 3.900000000000000000e+01 2.660000000000000000e+02
2.605100000000000904e+01 6.150084519386291504e+01 4.000000000000000000e+01 3.380000000000000000e+02
2.638100000000000023e+01 6.150084519386291504e+01 4.100000000000000000e+01 4.390000000000000000e+02
2.648499999999999588e+01 6.150084519386291504e+01 4.200000000000000000e+01 4.930000000000000000e+02
2.718799999999999883e+01 6.150084519386291504e+01 4.300000000000000000e+01 4.580000000000000000e+02
2.826399999999998869e+01 6.150084519386291504e+01 4.400000000000000000e+01 4.610000000000000000e+02
2.841999999999999460e+01 6.150084519386291504e+01 4.500000000000000000e+01 5.970000000000000000e+02
2.918799999999999883e+01 6.150084519386291504e+01 4.600000000000000000e+01 5.350000000000000000e+02
2.924399999999999977e+01 6.150084519386291504e+01 4.700000000000000000e+01 5.280000000000000000e+02
2.981800000000000850e+01 6.150084519386291504e+01 4.800000000000000000e+01 5.450000000000000000e+02
3.016200000000000259e+01 6.150084519386291504e+01 4.900000000000000000e+01 4.910000000000000000e+02
3.089100000000000179e+01 6.150084519386291504e+01 5.000000000000000000e+01 6.080000000000000000e+02
3.170800000000001617e+01 6.150084519386291504e+01 5.100000000000000000e+01 7.360000000000000000e+02
3.212100000000000932e+01 6.150084519386291504e+01 5.200000000000000000e+01 7.810000000000000000e+02
3.312700000000008060e+01 6.150084519386291504e+01 5.300000000000000000e+01 7.870000000000000000e+02
3.325600000000010681e+01 6.150084519386291504e+01 5.400000000000000000e+01 7.620000000000000000e+02
3.391700000000008686e+01 6.150084519386291504e+01 5.500000000000000000e+01 8.160000000000000000e+02
3.429300000000013426e+01 6.150084519386291504e+01 5.600000000000000000e+01 1.017000000000000000e+03
3.511700000000011812e+01 6.150084519386291504e+01 5.700000000000000000e+01 7.670000000000000000e+02
3.626800000000026358e+01 6.150084519386291504e+01 5.800000000000000000e+01 1.317000000000000000e+03
3.721300000000021413e+01 6.150084519386291504e+01 5.900000000000000000e+01 1.075000000000000000e+03
3.849000000000032884e+01 6.150084519386291504e+01 6.000000000000000000e+01 1.215000000000000000e+03
4.004400000000032378e+01 6.150084519386291504e+01 6.100000000000000000e+01 1.777000000000000000e+03
4.112900000000040990e+01 6.150084519386291504e+01 6.200000000000000000e+01 1.397000000000000000e+03
4.195400000000044116e+01 6.150084519386291504e+01 6.300000000000000000e+01 1.465000000000000000e+03
4.253700000000046089e+01 6.150084519386291504e+01 6.400000000000000000e+01 2.037000000000000000e+03
4.347900000000048948e+01 6.150084519386291504e+01 6.500000000000000000e+01 1.739000000000000000e+03
4.550200000000055667e+01 6.150084519386291504e+01 6.600000000000000000e+01 1.877000000000000000e+03
4.636500000000059174e+01 6.150084519386291504e+01 6.700000000000000000e+01 2.131000000000000000e+03
4.729200000000061976e+01 6.150084519386291504e+01 6.800000000000000000e+01 2.222000000000000000e+03
4.854400000000066484e+01 6.150084519386291504e+01 6.900000000000000000e+01 9.820000000000000000e+02
5.411600000000088784e+01 6.150084519386291504e+01 7.000000000000000000e+01 2.074000000000000000e+03
5.662100000000098987e+01 6.150084519386291504e+01 7.100000000000000000e+01 1.721000000000000000e+03
6.133900000000116393e+01 6.150084519386291504e+01 7.200000000000000000e+01 1.211000000000000000e+03
6.150084519386291504e+01 6.150084519386291504e+01 0.000000000000000000e+00 0.000000000000000000e+00
6.150084519386291504e+01 6.150084519386291504e+01 0.000000000000000000e+00 0.000000000000000000e+00
4.394999999999999574e+00 5.615080595016479492e+01 0.000000000000000000e+00 1.000000000000000000e+00
6.000999999999998558e+00 5.615080595016479492e+01 1.000000000000000000e+00 7.000000000000000000e+00
6.781999999999998252e+00 5.615080595016479492e+01 2.000000000000000000e+00 2.200000000000000000e+01
7.737999999999997769e+00 5.615080595016479492e+01 3.000000000000000000e+00 2.200000000000000000e+01
7.737999999999997769e+00 5.615080595016479492e+01 4.000000000000000000e+00 2.400000000000000000e+01
9.018999999999996575e+00 5.615080595016479492e+01 5.000000000000000000e+00 3.700000000000000000e+01
1.077399999999999913e+01 5.615080595016479492e+01 6.000000000000000000e+00 5.000000000000000000e+01
1.147599999999999909e+01 5.615080595016479492e+01 7.000000000000000000e+00 6.800000000000000000e+01
1.164699999999999847e+01 5.615080595016479492e+01 8.000000000000000000e+00 6.600000000000000000e+01
1.230499999999999794e+01 5.615080595016479492e+01 9.000000000000000000e+00 4.100000000000000000e+01
1.246699999999999875e+01 5.615080595016479492e+01 1.000000000000000000e+01 3.300000000000000000e+01
1.324299999999999855e+01 5.615080595016479492e+01 1.100000000000000000e+01 5.800000000000000000e+01
1.354799999999999827e+01 5.615080595016479492e+01 1.200000000000000000e+01 6.900000000000000000e+01
1.384499999999999886e+01 5.615080595016479492e+01 1.300000000000000000e+01 2.200000000000000000e+01
1.427799999999999869e+01 5.615080595016479492e+01 1.400000000000000000e+01 7.400000000000000000e+01
1.483699999999999797e+01 5.615080595016479492e+01 1.500000000000000000e+01 8.800000000000000000e+01
1.536399999999999721e+01 5.615080595016479492e+01 1.600000000000000000e+01 7.800000000000000000e+01
1.617299999999999827e+01 5.615080595016479492e+01 1.700000000000000000e+01 1.350000000000000000e+02
1.668299999999999628e+01 5.615080595016479492e+01 1.800000000000000000e+01 1.170000000000000000e+02
1.705499999999999616e+01 5.615080595016479492e+01 1.900000000000000000e+01 1.110000000000000000e+02
1.740899999999999537e+01 5.615080595016479492e+01 2.000000000000000000e+01 1.170000000000000000e+02
1.765399999999999636e+01 5.615080595016479492e+01 2.100000000000000000e+01 1.320000000000000000e+02
1.810499999999999332e+01 5.615080595016479492e+01 2.200000000000000000e+01 1.260000000000000000e+02
1.821699999999999164e+01 5.615080595016479492e+01 2.300000000000000000e+01 1.580000000000000000e+02
1.895599999999999596e+01 5.615080595016479492e+01 2.400000000000000000e+01 1.180000000000000000e+02
1.956799999999999429e+01 5.615080595016479492e+01 2.500000000000000000e+01 1.500000000000000000e+02
1.947599999999999554e+01 5.615080595016479492e+01 2.600000000000000000e+01 1.200000000000000000e+02
1.996699999999999520e+01 5.615080595016479492e+01 2.700000000000000000e+01 2.220000000000000000e+02
2.068999999999999773e+01 5.615080595016479492e+01 2.800000000000000000e+01 1.980000000000000000e+02
2.146999999999999176e+01 5.615080595016479492e+01 2.900000000000000000e+01 1.690000000000000000e+02
2.207099999999999085e+01 5.615080595016479492e+01 3.000000000000000000e+01 1.810000000000000000e+02
2.195199999999999108e+01 5.615080595016479492e+01 3.100000000000000000e+01 2.180000000000000000e+02
2.253899999999998371e+01 5.615080595016479492e+01 3.200000000000000000e+01 2.050000000000000000e+02
2.324899999999999167e+01 5.615080595016479492e+01 3.300000000000000000e+01 3.030000000000000000e+02
2.369399999999999906e+01 5.615080595016479492e+01 3.400000000000000000e+01 2.450000000000000000e+02
2.396800000000000708e+01 5.615080595016479492e+01 3.500000000000000000e+01 2.390000000000000000e+02
2.387100000000000932e+01 5.615080595016479492e+01 3.600000000000000000e+01 2.070000000000000000e+02
2.453200000000001069e+01 5.615080595016479492e+01 3.700000000000000000e+01 2.730000000000000000e+02
2.528000000000000824e+01 5.615080595016479492e+01 3.800000000000000000e+01 3.150000000000000000e+02
2.566400000000000503e+01 5.615080595016479492e+01 3.900000000000000000e+01 3.010000000000000000e+02
2.588300000000000267e+01 5.615080595016479492e+01 4.000000000000000000e+01 3.120000000000000000e+02
2.627200000000000202e+01 5.615080595016479492e+01 4.100000000000000000e+01 3.020000000000000000e+02
2.663800000000000168e+01 5.615080595016479492e+01 4.200000000000000000e+01 3.680000000000000000e+02
2.695400000000000418e+01 5.615080595016479492e+01 4.300000000000000000e+01 3.470000000000000000e+02
2.721399999999999864e+01 5.615080595016479492e+01 4.400000000000000000e+01 3.430000000000000000e+02
2.822599999999999909e+01 5.615080595016479492e+01 4.500000000000000000e+01 4.480000000000000000e+02
2.898199999999999221e+01 5.615080595016479492e+01 4.600000000000000000e+01 4.090000000000000000e+02
2.957499999999999929e+01 5.615080595016479492e+01 4.700000000000000000e+01 5.550000000000000000e+02
2.968200000000000571e+01 5.615080595016479492e+01 4.800000000000000000e+01 4.910000000000000000e+02
3.025399999999999778e+01 5.615080595016479492e+01 4.900000000000000000e+01 5.220000000000000000e+02
3.091799999999999571e+01 5.615080595016479492e+01 5.000000000000000000e+01 6.290000000000000000e+02
3.167300000000000892e+01 5.615080595016479492e+01 5.100000000000000000e+01 4.590000000000000000e+02
3.177100000000000790e+01 5.615080595016479492e+01 5.200000000000000000e+01 5.600000000000000000e+02
3.240700000000005332e+01 5.615080595016479492e+01 5.300000000000000000e+01 7.450000000000000000e+02
3.337500000000009237e+01 5.615080595016479492e+01 5.400000000000000000e+01 7.990000000000000000e+02
3.325900000000007850e+01 5.615080595016479492e+01 5.500000000000000000e+01 8.720000000000000000e+02
3.387700000000011613e+01 5.615080595016479492e+01 5.600000000000000000e+01 8.000000000000000000e+02
3.467400000000010607e+01 5.615080595016479492e+01 5.700000000000000000e+01 5.380000000000000000e+02
3.522300000000014819e+01 5.615080595016479492e+01 5.800000000000000000e+01 1.065000000000000000e+03
3.674600000000004485e+01 5.615080595016479492e+01 5.900000000000000000e+01 1.159000000000000000e+03
3.947000000000029729e+01 5.615080595016479492e+01 6.000000000000000000e+01 1.464000000000000000e+03
4.037600000000026768e+01 5.615080595016479492e+01 6.100000000000000000e+01 1.381000000000000000e+03
4.084200000000029718e+01 5.615080595016479492e+01 6.200000000000000000e+01 1.342000000000000000e+03
4.165200000000034208e+01 5.615080595016479492e+01 6.300000000000000000e+01 1.103000000000000000e+03
4.313400000000040535e+01 5.615080595016479492e+01 6.400000000000000000e+01 1.914000000000000000e+03
4.454900000000047555e+01 5.615080595016479492e+01 6.500000000000000000e+01 1.619000000000000000e+03
4.470600000000045071e+01 5.615080595016479492e+01 6.600000000000000000e+01 1.812000000000000000e+03
4.574800000000050915e+01 5.615080595016479492e+01 6.700000000000000000e+01 2.454000000000000000e+03
4.734900000000057929e+01 5.615080595016479492e+01 6.800000000000000000e+01 1.616000000000000000e+03
4.855800000000061800e+01 5.615080595016479492e+01 6.900000000000000000e+01 1.223000000000000000e+03
4.971900000000066910e+01 5.615080595016479492e+01 7.000000000000000000e+01 1.397000000000000000e+03
5.050000000000068212e+01 5.615080595016479492e+01 7.100000000000000000e+01 1.557000000000000000e+03
5.606200000000089290e+01 5.615080595016479492e+01 7.200000000000000000e+01 6.710000000000000000e+02
5.615080595016479492e+01 5.615080595016479492e+01 0.000000000000000000e+00 0.000000000000000000e+00
5.615080595016479492e+01 5.615080595016479492e+01 0.000000000000000000e+00 0.000000000000000000e+00
2.527000000000000135e+00 5.696656060218811035e+01 0.000000000000000000e+00 0.000000000000000000e+00
5.113999999999999879e+00 5.696656060218811035e+01 1.000000000000000000e+00 1.000000000000000000e+01
5.895000000000000462e+00 5.696656060218811035e+01 2.000000000000000000e+00 1.400000000000000000e+01
6.471000000000000085e+00 5.696656060218811035e+01 3.000000000000000000e+00 1.000000000000000000e+01
7.576999999999999957e+00 5.696656060218811035e+01 4.000000000000000000e+00 1.500000000000000000e+01
8.835000000000000853e+00 5.696656060218811035e+01 5.000000000000000000e+00 2.000000000000000000e+01
9.189000000000001833e+00 5.696656060218811035e+01 6.000000000000000000e+00 2.700000000000000000e+01
9.707000000000002515e+00 5.696656060218811035e+01 7.000000000000000000e+00 4.000000000000000000e+01
1.054300000000000104e+01 5.696656060218811035e+01 8.000000000000000000e+00 5.000000000000000000e+01
1.136100000000000243e+01 5.696656060218811035e+01 9.000000000000000000e+00 3.600000000000000000e+01
1.168200000000000216e+01 5.696656060218811035e+01 1.000000000000000000e+01 6.600000000000000000e+01
1.184100000000000286e+01 5.696656060218811035e+01 1.100000000000000000e+01 4.800000000000000000e+01
1.214400000000000368e+01 5.696656060218811035e+01 1.200000000000000000e+01 6.600000000000000000e+01
1.238600000000000456e+01 5.696656060218811035e+01 1.300000000000000000e+01 7.100000000000000000e+01
1.268400000000000460e+01 5.696656060218811035e+01 1.400000000000000000e+01 5.500000000000000000e+01
1.315300000000000402e+01 5.696656060218811035e+01 1.500000000000000000e+01 6.400000000000000000e+01
1.342600000000000371e+01 5.696656060218811035e+01 1.600000000000000000e+01 6.900000000000000000e+01
1.406200000000000649e+01 5.696656060218811035e+01 1.700000000000000000e+01 6.600000000000000000e+01
1.459500000000000774e+01 5.696656060218811035e+01 1.800000000000000000e+01 1.090000000000000000e+02
1.478600000000000669e+01 5.696656060218811035e+01 1.900000000000000000e+01 8.100000000000000000e+01
1.532500000000000639e+01 5.696656060218811035e+01 2.000000000000000000e+01 1.300000000000000000e+02
1.590400000000000702e+01 5.696656060218811035e+01 2.100000000000000000e+01 1.100000000000000000e+02
1.589700000000000735e+01 5.696656060218811035e+01 2.200000000000000000e+01 9.600000000000000000e+01
1.645300000000000651e+01 5.696656060218811035e+01 2.300000000000000000e+01 1.410000000000000000e+02
1.729300000000000637e+01 5.696656060218811035e+01 2.400000000000000000e+01 1.950000000000000000e+02
1.770200000000000529e+01 5.696656060218811035e+01 2.500000000000000000e+01 1.150000000000000000e+02
1.808900000000000219e+01 5.696656060218811035e+01 2.600000000000000000e+01 2.140000000000000000e+02
1.876599999999999824e+01 5.696656060218811035e+01 2.700000000000000000e+01 2.220000000000000000e+02
1.895199999999999818e+01 5.696656060218811035e+01 2.800000000000000000e+01 2.570000000000000000e+02
1.948499999999999943e+01 5.696656060218811035e+01 2.900000000000000000e+01 1.740000000000000000e+02
1.957300000000000040e+01 5.696656060218811035e+01 3.000000000000000000e+01 2.290000000000000000e+02
2.006800000000000139e+01 5.696656060218811035e+01 3.100000000000000000e+01 1.890000000000000000e+02
2.070299999999999585e+01 5.696656060218811035e+01 3.200000000000000000e+01 3.140000000000000000e+02
2.111600000000000321e+01 5.696656060218811035e+01 3.300000000000000000e+01 2.460000000000000000e+02
2.153200000000000713e+01 5.696656060218811035e+01 3.400000000000000000e+01 2.500000000000000000e+02
2.180500000000001393e+01 5.696656060218811035e+01 3.500000000000000000e+01 4.000000000000000000e+02
2.216500000000001336e+01 5.696656060218811035e+01 3.600000000000000000e+01 2.920000000000000000e+02
2.271300000000001873e+01 5.696656060218811035e+01 3.700000000000000000e+01 3.150000000000000000e+02
2.279500000000001947e+01 5.696656060218811035e+01 3.800000000000000000e+01 2.970000000000000000e+02
2.315500000000001535e+01 5.696656060218811035e+01 3.900000000000000000e+01 3.490000000000000000e+02
2.356100000000001060e+01 5.696656060218811035e+01 4.000000000000000000e+01 3.870000000000000000e+02
2.394700000000000983e+01 5.696656060218811035e+01 4.100000000000000000e+01 4.460000000000000000e+02
2.491800000000001347e+01 5.696656060218811035e+01 4.200000000000000000e+01 3.610000000000000000e+02
2.522400000000001086e+01 5.696656060218811035e+01 4.300000000000000000e+01 4.810000000000000000e+02
2.577499999999999858e+01 5.696656060218811035e+01 4.400000000000000000e+01 5.120000000000000000e+02
2.601299999999999812e+01 5.696656060218811035e+01 4.500000000000000000e+01 3.880000000000000000e+02
2.631799999999999784e+01 5.696656060218811035e+01 4.600000000000000000e+01 5.450000000000000000e+02
2.682300000000000040e+01 5.696656060218811035e+01 4.700000000000000000e+01 6.010000000000000000e+02
2.758900000000001640e+01 5.696656060218811035e+01 4.800000000000000000e+01 4.510000000000000000e+02
2.805800000000002115e+01 5.696656060218811035e+01 4.900000000000000000e+01 7.230000000000000000e+02
2.889600000000001145e+01 5.696656060218811035e+01 5.000000000000000000e+01 5.000000000000000000e+02
2.938900000000001711e+01 5.696656060218811035e+01 5.100000000000000000e+01 8.050000000000000000e+02
2.985100000000000975e+01 5.696656060218811035e+01 5.200000000000000000e+01 7.360000000000000000e+02
3.115099999999999625e+01 5.696656060218811035e+01 5.300000000000000000e+01 9.630000000000000000e+02
3.203000000000000824e+01 5.696656060218811035e+01 5.400000000000000000e+01 6.710000000000000000e+02
3.249800000000000466e+01 5.696656060218811035e+01 5.500000000000000000e+01 7.820000000000000000e+02
3.315700000000005332e+01 5.696656060218811035e+01 5.600000000000000000e+01 1.047000000000000000e+03
3.370000000000003837e+01 5.696656060218811035e+01 5.700000000000000000e+01 1.072000000000000000e+03
3.418100000000008265e+01 5.696656060218811035e+01 5.800000000000000000e+01 1.069000000000000000e+03
3.516300000000003223e+01 5.696656060218811035e+01 5.900000000000000000e+01 9.560000000000000000e+02
3.614600000000014290e+01 5.696656060218811035e+01 6.000000000000000000e+01 1.003000000000000000e+03
3.734000000000009578e+01 5.696656060218811035e+01 6.100000000000000000e+01 1.337000000000000000e+03
3.812400000000014444e+01 5.696656060218811035e+01 6.200000000000000000e+01 1.333000000000000000e+03
3.861200000000018662e+01 5.696656060218811035e+01 6.300000000000000000e+01 1.683000000000000000e+03
3.977700000000023550e+01 5.696656060218811035e+01 6.400000000000000000e+01 1.304000000000000000e+03
4.078500000000027370e+01 5.696656060218811035e+01 6.500000000000000000e+01 1.616000000000000000e+03
4.234200000000032560e+01 5.696656060218811035e+01 6.600000000000000000e+01 1.289000000000000000e+03
4.313600000000035806e+01 5.696656060218811035e+01 6.700000000000000000e+01 1.902000000000000000e+03
4.439200000000040802e+01 5.696656060218811035e+01 6.800000000000000000e+01 1.480000000000000000e+03
4.711600000000051125e+01 5.696656060218811035e+01 6.900000000000000000e+01 1.917000000000000000e+03
5.064000000000065427e+01 5.696656060218811035e+01 7.000000000000000000e+01 1.852000000000000000e+03
5.199000000000069832e+01 5.696656060218811035e+01 7.100000000000000000e+01 1.976000000000000000e+03
5.698700000000088295e+01 5.696656060218811035e+01 7.200000000000000000e+01 5.850000000000000000e+02
5.696656060218811035e+01 5.696656060218811035e+01 0.000000000000000000e+00 0.000000000000000000e+00
5.696656060218811035e+01 5.696656060218811035e+01 0.000000000000000000e+00 0.000000000000000000e+00
3.663999999999999257e+00 5.057592368125915527e+01 0.000000000000000000e+00 0.000000000000000000e+00
5.897999999999999687e+00 5.057592368125915527e+01 1.000000000000000000e+00 2.400000000000000000e+01
6.876999999999999780e+00 5.057592368125915527e+01 2.000000000000000000e+00 1.100000000000000000e+01
8.032999999999999474e+00 5.057592368125915527e+01 3.000000000000000000e+00 2.900000000000000000e+01
9.895999999999999019e+00 5.057592368125915527e+01 4.000000000000000000e+00 2.700000000000000000e+01
1.045699999999999896e+01 5.057592368125915527e+01 5.000000000000000000e+00 4.500000000000000000e+01
1.100800000000000090e+01 5.057592368125915527e+01 6.000000000000000000e+00 5.300000000000000000e+01
1.118400000000000105e+01 5.057592368125915527e+01 7.000000000000000000e+00 4.100000000000000000e+01
1.170900000000000141e+01 5.057592368125915527e+01 8.000000000000000000e+00 2.700000000000000000e+01
1.220700000000000252e+01 5.057592368125915527e+01 9.000000000000000000e+00 3.900000000000000000e+01
1.253700000000000081e+01 5.057592368125915527e+01 1.000000000000000000e+01 5.000000000000000000e+01
1.303000000000000114e+01 5.057592368125915527e+01 1.100000000000000000e+01 8.100000000000000000e+01
1.319200000000000195e+01 5.057592368125915527e+01 1.200000000000000000e+01 4.300000000000000000e+01
1.349400000000000155e+01 5.057592368125915527e+01 1.300000000000000000e+01 6.100000000000000000e+01
1.393500000000000227e+01 5.057592368125915527e+01 1.400000000000000000e+01 8.700000000000000000e+01
1.393500000000000227e+01 5.057592368125915527e+01 1.500000000000000000e+01 9.000000000000000000e+01
1.464000000000000234e+01 5.057592368125915527e+01 1.600000000000000000e+01 1.100000000000000000e+02
1.504800000000000182e+01 5.057592368125915527e+01 1.700000000000000000e+01 8.900000000000000000e+01
1.530300000000000082e+01 5.057592368125915527e+01 1.800000000000000000e+01 8.700000000000000000e+01
1.579700000000000060e+01 5.057592368125915527e+01 1.900000000000000000e+01 1.050000000000000000e+02
1.618400000000000105e+01 5.057592368125915527e+01 2.000000000000000000e+01 7.400000000000000000e+01
1.678200000000000003e+01 5.057592368125915527e+01 2.100000000000000000e+01 1.450000000000000000e+02
1.690200000000000102e+01 5.057592368125915527e+01 2.200000000000000000e+01 7.300000000000000000e+01
1.725500000000000256e+01 5.057592368125915527e+01 2.300000000000000000e+01 1.410000000000000000e+02
1.766900000000000048e+01 5.057592368125915527e+01 2.400000000000000000e+01 1.460000000000000000e+02
1.840500000000000114e+01 5.057592368125915527e+01 2.500000000000000000e+01 1.260000000000000000e+02
1.861100000000000421e+01 5.057592368125915527e+01 2.600000000000000000e+01 1.710000000000000000e+02
1.895600000000000662e+01 5.057592368125915527e+01 2.700000000000000000e+01 1.980000000000000000e+02
1.946200000000000685e+01 5.057592368125915527e+01 2.800000000000000000e+01 1.480000000000000000e+02
1.951300000000000878e+01 5.057592368125915527e+01 2.900000000000000000e+01 1.880000000000000000e+02
2.014500000000001378e+01 5.057592368125915527e+01 3.000000000000000000e+01 1.780000000000000000e+02
2.027400000000001512e+01 5.057592368125915527e+01 3.100000000000000000e+01 1.960000000000000000e+02
2.128600000000000847e+01 5.057592368125915527e+01 3.200000000000000000e+01 2.280000000000000000e+02
2.231000000000000938e+01 5.057592368125915527e+01 3.300000000000000000e+01 2.230000000000000000e+02
2.260500000000001108e+01 5.057592368125915527e+01 3.400000000000000000e+01 2.670000000000000000e+02
2.249200000000001154e+01 5.057592368125915527e+01 3.500000000000000000e+01 2.800000000000000000e+02
2.334100000000002240e+01 5.057592368125915527e+01 3.600000000000000000e+01 2.450000000000000000e+02
2.378000000000002601e+01 5.057592368125915527e+01 3.700000000000000000e+01 2.760000000000000000e+02
2.479500000000002302e+01 5.057592368125915527e+01 3.800000000000000000e+01 3.800000000000000000e+02
2.514600000000002211e+01 5.057592368125915527e+01 3.900000000000000000e+01 3.250000000000000000e+02
2.563100000000002154e+01 5.057592368125915527e+01 4.000000000000000000e+01 3.350000000000000000e+02
2.555200000000001737e+01 5.057592368125915527e+01 4.100000000000000000e+01 4.070000000000000000e+02
2.631900000000001327e+01 5.057592368125915527e+01 4.200000000000000000e+01 4.010000000000000000e+02
2.688100000000001444e+01 5.057592368125915527e+01 4.300000000000000000e+01 4.120000000000000000e+02
2.689000000000001478e+01 5.057592368125915527e+01 4.400000000000000000e+01 3.890000000000000000e+02
2.761300000000002441e+01 5.057592368125915527e+01 4.500000000000000000e+01 4.970000000000000000e+02
2.789300000000002910e+01 5.057592368125915527e+01 4.600000000000000000e+01 5.470000000000000000e+02
2.860100000000003462e+01 5.057592368125915527e+01 4.700000000000000000e+01 6.320000000000000000e+02
2.908300000000004104e+01 5.057592368125915527e+01 4.800000000000000000e+01 3.730000000000000000e+02
2.990100000000003888e+01 5.057592368125915527e+01 4.900000000000000000e+01 6.120000000000000000e+02
3.039700000000003755e+01 5.057592368125915527e+01 5.000000000000000000e+01 5.280000000000000000e+02
3.075300000000004630e+01 5.057592368125915527e+01 5.100000000000000000e+01 7.950000000000000000e+02
3.143900000000003203e+01 5.057592368125915527e+01 5.200000000000000000e+01 7.010000000000000000e+02
3.188600000000003121e+01 5.057592368125915527e+01 5.300000000000000000e+01 8.570000000000000000e+02
3.246100000000004115e+01 5.057592368125915527e+01 5.400000000000000000e+01 9.810000000000000000e+02
3.335800000000004673e+01 5.057592368125915527e+01 5.500000000000000000e+01 6.880000000000000000e+02
3.323000000000004661e+01 5.057592368125915527e+01 5.600000000000000000e+01 7.590000000000000000e+02
3.387600000000004030e+01 5.057592368125915527e+01 5.700000000000000000e+01 9.300000000000000000e+02
3.420100000000009288e+01 5.057592368125915527e+01 5.800000000000000000e+01 1.204000000000000000e+03
3.510300000000005127e+01 5.057592368125915527e+01 5.900000000000000000e+01 1.268000000000000000e+03
3.602900000000015268e+01 5.057592368125915527e+01 6.000000000000000000e+01 9.670000000000000000e+02
3.682900000000014984e+01 5.057592368125915527e+01 6.100000000000000000e+01 8.990000000000000000e+02
3.739200000000017354e+01 5.057592368125915527e+01 6.200000000000000000e+01 1.298000000000000000e+03
3.826300000000023971e+01 5.057592368125915527e+01 6.300000000000000000e+01 1.328000000000000000e+03
3.912300000000028177e+01 5.057592368125915527e+01 6.400000000000000000e+01 9.880000000000000000e+02
4.108000000000035357e+01 5.057592368125915527e+01 6.500000000000000000e+01 9.670000000000000000e+02
4.194800000000039120e+01 5.057592368125915527e+01 6.600000000000000000e+01 1.885000000000000000e+03
4.308000000000042462e+01 5.057592368125915527e+01 6.700000000000000000e+01 1.275000000000000000e+03
4.490700000000049386e+01 5.057592368125915527e+01 6.800000000000000000e+01 1.056000000000000000e+03
4.645900000000055030e+01 5.057592368125915527e+01 6.900000000000000000e+01 1.093000000000000000e+03
4.787700000000060641e+01 5.057592368125915527e+01 7.000000000000000000e+01 1.449000000000000000e+03
4.842700000000063199e+01 5.057592368125915527e+01 7.100000000000000000e+01 1.074000000000000000e+03
5.041500000000070969e+01 5.057592368125915527e+01 7.200000000000000000e+01 1.661000000000000000e+03
5.057592368125915527e+01 5.057592368125915527e+01 0.000000000000000000e+00 0.000000000000000000e+00
5.057592368125915527e+01 5.057592368125915527e+01 0.000000000000000000e+00 0.000000000000000000e+00
4.143999999999999240e+00 6.047888493537902832e+01 0.000000000000000000e+00 0.000000000000000000e+00
5.937000000000000277e+00 6.047888493537902832e+01 1.000000000000000000e+00 1.000000000000000000e+00
7.488999999999999879e+00 6.047888493537902832e+01 2.000000000000000000e+00 4.000000000000000000e+00
8.621999999999999886e+00 6.047888493537902832e+01 3.000000000000000000e+00 1.500000000000000000e+01
9.733999999999999986e+00 6.047888493537902832e+01 4.000000000000000000e+00 3.700000000000000000e+01
1.045700000000000074e+01 6.047888493537902832e+01 5.000000000000000000e+00 3.600000000000000000e+01
1.116500000000000092e+01 6.047888493537902832e+01 6.000000000000000000e+00 4.000000000000000000e+01
1.151200000000000223e+01 6.047888493537902832e+01 7.000000000000000000e+00 4.300000000000000000e+01
1.234800000000000253e+01 6.047888493537902832e+01 8.000000000000000000e+00 4.200000000000000000e+01
1.332500000000000462e+01 6.047888493537902832e+01 9.000000000000000000e+00 4.300000000000000000e+01
1.364400000000000546e+01 6.047888493537902832e+01 1.000000000000000000e+01 8.800000000000000000e+01
1.426400000000000468e+01 6.047888493537902832e+01 1.100000000000000000e+01 5.600000000000000000e+01
1.501800000000000423e+01 6.047888493537902832e+01 1.200000000000000000e+01 5.700000000000000000e+01
1.501800000000000423e+01 6.047888493537902832e+01 1.300000000000000000e+01 6.200000000000000000e+01
1.581300000000000416e+01 6.047888493537902832e+01 1.400000000000000000e+01 8.700000000000000000e+01
1.670700000000000784e+01 6.047888493537902832e+01 1.500000000000000000e+01 6.900000000000000000e+01
1.711300000000001020e+01 6.047888493537902832e+01 1.600000000000000000e+01 1.300000000000000000e+02
1.707000000000000739e+01 6.047888493537902832e+01 1.700000000000000000e+01 8.100000000000000000e+01
1.743700000000001182e+01 6.047888493537902832e+01 1.800000000000000000e+01 1.190000000000000000e+02
1.775600000000001089e+01 6.047888493537902832e+01 1.900000000000000000e+01 1.160000000000000000e+02
1.835200000000000742e+01 6.047888493537902832e+01 2.000000000000000000e+01 8.400000000000000000e+01
1.973299999999999699e+01 6.047888493537902832e+01 2.100000000000000000e+01 1.640000000000000000e+02
2.018199999999999150e+01 6.047888493537902832e+01 2.200000000000000000e+01 1.610000000000000000e+02
2.050899999999998968e+01 6.047888493537902832e+01 2.300000000000000000e+01 1.830000000000000000e+02
2.082599999999998985e+01 6.047888493537902832e+01 2.400000000000000000e+01 1.960000000000000000e+02
2.113199999999999079e+01 6.047888493537902832e+01 2.500000000000000000e+01 2.130000000000000000e+02
2.107199999999999207e+01 6.047888493537902832e+01 2.600000000000000000e+01 1.860000000000000000e+02
2.190799999999999059e+01 6.047888493537902832e+01 2.700000000000000000e+01 1.280000000000000000e+02
2.193999999999999062e+01 6.047888493537902832e+01 2.800000000000000000e+01 1.660000000000000000e+02
2.232299999999998974e+01 6.047888493537902832e+01 2.900000000000000000e+01 2.060000000000000000e+02
2.270799999999998775e+01 6.047888493537902832e+01 3.000000000000000000e+01 2.440000000000000000e+02
2.263099999999998602e+01 6.047888493537902832e+01 3.100000000000000000e+01 2.070000000000000000e+02
2.344199999999998951e+01 6.047888493537902832e+01 3.200000000000000000e+01 1.570000000000000000e+02
2.399699999999999633e+01 6.047888493537902832e+01 3.300000000000000000e+01 2.310000000000000000e+02
2.435299999999999798e+01 6.047888493537902832e+01 3.400000000000000000e+01 3.440000000000000000e+02
2.476700000000000301e+01 6.047888493537902832e+01 3.500000000000000000e+01 2.620000000000000000e+02
2.486900000000000333e+01 6.047888493537902832e+01 3.600000000000000000e+01 4.040000000000000000e+02
2.550800000000001333e+01 6.047888493537902832e+01 3.700000000000000000e+01 3.230000000000000000e+02
2.587200000000001765e+01 6.047888493537902832e+01 3.800000000000000000e+01 3.120000000000000000e+02
2.655000000000001492e+01 6.047888493537902832e+01 3.900000000000000000e+01 2.900000000000000000e+02
2.695200000000000884e+01 6.047888493537902832e+01 4.000000000000000000e+01 3.790000000000000000e+02
2.733700000000000330e+01 6.047888493537902832e+01 4.100000000000000000e+01 3.770000000000000000e+02
2.760000000000000142e+01 6.047888493537902832e+01 4.200000000000000000e+01 3.840000000000000000e+02
2.771599999999999753e+01 6.047888493537902832e+01 4.300000000000000000e+01 4.390000000000000000e+02
2.890299999999999514e+01 6.047888493537902832e+01 4.400000000000000000e+01 5.320000000000000000e+02
2.968300000000001049e+01 6.047888493537902832e+01 4.500000000000000000e+01 4.080000000000000000e+02
3.005900000000000816e+01 6.047888493537902832e+01 4.600000000000000000e+01 6.010000000000000000e+02
3.042700000000000671e+01 6.047888493537902832e+01 4.700000000000000000e+01 5.500000000000000000e+02
3.095000000000001705e+01 6.047888493537902832e+01 4.800000000000000000e+01 6.930000000000000000e+02
3.155800000000002115e+01 6.047888493537902832e+01 4.900000000000000000e+01 6.860000000000000000e+02
3.210100000000000620e+01 6.047888493537902832e+01 5.000000000000000000e+01 6.760000000000000000e+02
3.282599999999998630e+01 6.047888493537902832e+01 5.100000000000000000e+01 6.650000000000000000e+02
3.367099999999998516e+01 6.047888493537902832e+01 5.200000000000000000e+01 9.920000000000000000e+02
3.465900000000002024e+01 6.047888493537902832e+01 5.300000000000000000e+01 8.080000000000000000e+02
3.502300000000005298e+01 6.047888493537902832e+01 5.400000000000000000e+01 1.053000000000000000e+03
3.579500000000004434e+01 6.047888493537902832e+01 5.500000000000000000e+01 8.680000000000000000e+02
3.697200000000012921e+01 6.047888493537902832e+01 5.600000000000000000e+01 1.022000000000000000e+03
3.728100000000012670e+01 6.047888493537902832e+01 5.700000000000000000e+01 1.039000000000000000e+03
3.791500000000019099e+01 6.047888493537902832e+01 5.800000000000000000e+01 1.323000000000000000e+03
3.908100000000015939e+01 6.047888493537902832e+01 5.900000000000000000e+01 1.235000000000000000e+03
4.000000000000025580e+01 6.047888493537902832e+01 6.000000000000000000e+01 1.270000000000000000e+03
4.080700000000025796e+01 6.047888493537902832e+01 6.100000000000000000e+01 1.425000000000000000e+03
4.322900000000045395e+01 6.047888493537902832e+01 6.200000000000000000e+01 1.547000000000000000e+03
4.411000000000048971e+01 6.047888493537902832e+01 6.300000000000000000e+01 1.756000000000000000e+03
4.496700000000056008e+01 6.047888493537902832e+01 6.400000000000000000e+01 1.949000000000000000e+03
4.616800000000060322e+01 6.047888493537902832e+01 6.500000000000000000e+01 1.835000000000000000e+03
4.756700000000064676e+01 6.047888493537902832e+01 6.600000000000000000e+01 2.046000000000000000e+03
4.856700000000068229e+01 6.047888493537902832e+01 6.700000000000000000e+01 1.915000000000000000e+03
4.943600000000071759e+01 6.047888493537902832e+01 6.800000000000000000e+01 1.864000000000000000e+03
5.036200000000075505e+01 6.047888493537902832e+01 6.900000000000000000e+01 1.023000000000000000e+03
5.432200000000091933e+01 6.047888493537902832e+01 7.000000000000000000e+01 1.421000000000000000e+03
5.549400000000095901e+01 6.047888493537902832e+01 7.100000000000000000e+01 1.723000000000000000e+03
6.052000000000113999e+01 6.047888493537902832e+01 7.200000000000000000e+01 6.640000000000000000e+02
6.047888493537902832e+01 6.047888493537902832e+01 0.000000000000000000e+00 0.000000000000000000e+00
6.047888493537902832e+01 6.047888493537902832e+01 0.000000000000000000e+00 0.000000000000000000e+00
1.919000000000000039e+00 6.012652420997619629e+01 0.000000000000000000e+00 0.000000000000000000e+00
3.713999999999999524e+00 6.012652420997619629e+01 1.000000000000000000e+00 0.000000000000000000e+00
5.454999999999997407e+00 6.012652420997619629e+01 2.000000000000000000e+00 3.000000000000000000e+00
6.215999999999997527e+00 6.012652420997619629e+01 3.000000000000000000e+00 1.400000000000000000e+01
6.960999999999997634e+00 6.012652420997619629e+01 4.000000000000000000e+00 2.200000000000000000e+01
7.872999999999997556e+00 6.012652420997619629e+01 5.000000000000000000e+00 2.800000000000000000e+01
8.052999999999997272e+00 6.012652420997619629e+01 6.000000000000000000e+00 2.600000000000000000e+01
8.538999999999997925e+00 6.012652420997619629e+01 7.000000000000000000e+00 3.100000000000000000e+01
8.741999999999997328e+00 6.012652420997619629e+01 8.000000000000000000e+00 4.600000000000000000e+01
8.912999999999996703e+00 6.012652420997619629e+01 9.000000000000000000e+00 3.600000000000000000e+01
9.713999999999996859e+00 6.012652420997619629e+01 1.000000000000000000e+01 4.500000000000000000e+01
9.871999999999996334e+00 6.012652420997619629e+01 1.100000000000000000e+01 3.600000000000000000e+01
1.078099999999999525e+01 6.012652420997619629e+01 1.200000000000000000e+01 5.700000000000000000e+01
1.121199999999999797e+01 6.012652420997619629e+01 1.300000000000000000e+01 7.700000000000000000e+01
1.180199999999999783e+01 6.012652420997619629e+01 1.400000000000000000e+01 6.600000000000000000e+01
1.204799999999999827e+01 6.012652420997619629e+01 1.500000000000000000e+01 1.050000000000000000e+02
1.262699999999999712e+01 6.012652420997619629e+01 1.600000000000000000e+01 1.050000000000000000e+02
1.328500000000000014e+01 6.012652420997619629e+01 1.700000000000000000e+01 1.290000000000000000e+02
1.354100000000000037e+01 6.012652420997619629e+01 1.800000000000000000e+01 1.080000000000000000e+02
1.403599999999999959e+01 6.012652420997619629e+01 1.900000000000000000e+01 1.010000000000000000e+02
1.451599999999999824e+01 6.012652420997619629e+01 2.000000000000000000e+01 1.330000000000000000e+02
1.555799999999999805e+01 6.012652420997619629e+01 2.100000000000000000e+01 1.220000000000000000e+02
1.567299999999999827e+01 6.012652420997619629e+01 2.200000000000000000e+01 1.360000000000000000e+02
1.621799999999999997e+01 6.012652420997619629e+01 2.300000000000000000e+01 1.250000000000000000e+02
1.674800000000000111e+01 6.012652420997619629e+01 2.400000000000000000e+01 1.240000000000000000e+02
1.736100000000000065e+01 6.012652420997619629e+01 2.500000000000000000e+01 2.420000000000000000e+02
1.747900000000000276e+01 6.012652420997619629e+01 2.600000000000000000e+01 2.080000000000000000e+02
1.827899999999999991e+01 6.012652420997619629e+01 2.700000000000000000e+01 1.910000000000000000e+02
1.919599999999999795e+01 6.012652420997619629e+01 2.800000000000000000e+01 2.070000000000000000e+02
2.016999999999999815e+01 6.012652420997619629e+01 2.900000000000000000e+01 2.360000000000000000e+02
2.060499999999999687e+01 6.012652420997619629e+01 3.000000000000000000e+01 2.590000000000000000e+02
2.101899999999999480e+01 6.012652420997619629e+01 3.100000000000000000e+01 2.870000000000000000e+02
2.140199999999999037e+01 6.012652420997619629e+01 3.200000000000000000e+01 3.190000000000000000e+02
2.191199999999999193e+01 6.012652420997619629e+01 3.300000000000000000e+01 2.950000000000000000e+02
2.220699999999999363e+01 6.012652420997619629e+01 3.400000000000000000e+01 3.420000000000000000e+02
2.277199999999999847e+01 6.012652420997619629e+01 3.500000000000000000e+01 3.200000000000000000e+02
2.287400000000000233e+01 6.012652420997619629e+01 3.600000000000000000e+01 3.260000000000000000e+02
2.376100000000000634e+01 6.012652420997619629e+01 3.700000000000000000e+01 3.980000000000000000e+02
2.425100000000001188e+01 6.012652420997619629e+01 3.800000000000000000e+01 3.450000000000000000e+02
2.501100000000000989e+01 6.012652420997619629e+01 3.900000000000000000e+01 4.040000000000000000e+02
2.560400000000001342e+01 6.012652420997619629e+01 4.000000000000000000e+01 5.210000000000000000e+02
2.588000000000001322e+01 6.012652420997619629e+01 4.100000000000000000e+01 4.080000000000000000e+02
2.646600000000000463e+01 6.012652420997619629e+01 4.200000000000000000e+01 4.310000000000000000e+02
2.691700000000000159e+01 6.012652420997619629e+01 4.300000000000000000e+01 4.350000000000000000e+02
2.768799999999999173e+01 6.012652420997619629e+01 4.400000000000000000e+01 5.600000000000000000e+02
2.822799999999998732e+01 6.012652420997619629e+01 4.500000000000000000e+01 7.040000000000000000e+02
2.925000000000000000e+01 6.012652420997619629e+01 4.600000000000000000e+01 6.860000000000000000e+02
2.985100000000001330e+01 6.012652420997619629e+01 4.700000000000000000e+01 5.110000000000000000e+02
3.007100000000001572e+01 6.012652420997619629e+01 4.800000000000000000e+01 6.170000000000000000e+02
3.068100000000001160e+01 6.012652420997619629e+01 4.900000000000000000e+01 7.280000000000000000e+02
3.112300000000001887e+01 6.012652420997619629e+01 5.000000000000000000e+01 8.100000000000000000e+02
3.180200000000001737e+01 6.012652420997619629e+01 5.100000000000000000e+01 8.090000000000000000e+02
3.252599999999998914e+01 6.012652420997619629e+01 5.200000000000000000e+01 7.030000000000000000e+02
3.338900000000003843e+01 6.012652420997619629e+01 5.300000000000000000e+01 9.290000000000000000e+02
3.408800000000006492e+01 6.012652420997619629e+01 5.400000000000000000e+01 8.690000000000000000e+02
3.477000000000005997e+01 6.012652420997619629e+01 5.500000000000000000e+01 1.030000000000000000e+03
3.553600000000013637e+01 6.012652420997619629e+01 5.600000000000000000e+01 1.122000000000000000e+03
3.645500000000009777e+01 6.012652420997619629e+01 5.700000000000000000e+01 1.454000000000000000e+03
3.679100000000016735e+01 6.012652420997619629e+01 5.800000000000000000e+01 1.013000000000000000e+03
3.773700000000012977e+01 6.012652420997619629e+01 5.900000000000000000e+01 1.475000000000000000e+03
3.879100000000022419e+01 6.012652420997619629e+01 6.000000000000000000e+01 1.109000000000000000e+03
3.909500000000023334e+01 6.012652420997619629e+01 6.100000000000000000e+01 1.184000000000000000e+03
4.048400000000028598e+01 6.012652420997619629e+01 6.200000000000000000e+01 1.724000000000000000e+03
4.114400000000033231e+01 6.012652420997619629e+01 6.300000000000000000e+01 1.441000000000000000e+03
4.189000000000035584e+01 6.012652420997619629e+01 6.400000000000000000e+01 1.210000000000000000e+03
4.330500000000043315e+01 6.012652420997619629e+01 6.500000000000000000e+01 1.930000000000000000e+03
4.664900000000054803e+01 6.012652420997619629e+01 6.600000000000000000e+01 1.711000000000000000e+03
4.743700000000057315e+01 6.012652420997619629e+01 6.700000000000000000e+01 2.437000000000000000e+03
4.832200000000061380e+01 6.012652420997619629e+01 6.800000000000000000e+01 2.073000000000000000e+03
4.976300000000065893e+01 6.012652420997619629e+01 6.900000000000000000e+01 1.238000000000000000e+03
5.114700000000070190e+01 6.012652420997619629e+01 7.000000000000000000e+01 1.280000000000000000e+03
5.323100000000078325e+01 6.012652420997619629e+01 7.100000000000000000e+01 3.780000000000000000e+02
5.988200000000105661e+01 6.012652420997619629e+01 7.200000000000000000e+01 1.031000000000000000e+03
6.012652420997619629e+01 6.012652420997619629e+01 0.000000000000000000e+00 0.000000000000000000e+00
6.012652420997619629e+01 6.012652420997619629e+01 0.000000000000000000e+00 0.000000000000000000e+00
