3.689999999999999947e+00 5.730018377304077148e+01 0.000000000000000000e+00 1.000000000000000000e+01
4.672000000000000597e+00 5.730018377304077148e+01 1.000000000000000000e+00 1.300000000000000000e+01
6.302000000000001378e+00 5.730018377304077148e+01 2.000000000000000000e+00 1.000000000000000000e+01
7.541999999999999815e+00 5.730018377304077148e+01 3.000000000000000000e+00 1.700000000000000000e+01
8.873000000000001108e+00 5.730018377304077148e+01 4.000000000000000000e+00 2.800000000000000000e+01
9.199000000000001620e+00 5.730018377304077148e+01 5.000000000000000000e+00 4.500000000000000000e+01
9.993000000000000327e+00 5.730018377304077148e+01 6.000000000000000000e+00 4.100000000000000000e+01
1.030400000000000027e+01 5.730018377304077148e+01 7.000000000000000000e+00 4.700000000000000000e+01
1.173999999999999844e+01 5.730018377304077148e+01 8.000000000000000000e+00 7.100000000000000000e+01
1.342600000000000193e+01 5.730018377304077148e+01 9.000000000000000000e+00 1.100000000000000000e+02
1.385800000000000232e+01 5.730018377304077148e+01 1.000000000000000000e+01 9.800000000000000000e+01
1.417500000000000249e+01 5.730018377304077148e+01 1.100000000000000000e+01 8.200000000000000000e+01
1.430000000000000249e+01 5.730018377304077148e+01 1.200000000000000000e+01 1.310000000000000000e+02
1.484700000000000308e+01 5.730018377304077148e+01 1.300000000000000000e+01 1.400000000000000000e+02
1.523400000000000354e+01 5.730018377304077148e+01 1.400000000000000000e+01 1.150000000000000000e+02
1.507200000000000273e+01 5.730018377304077148e+01 1.500000000000000000e+01 1.120000000000000000e+02
1.559200000000000408e+01 5.730018377304077148e+01 1.600000000000000000e+01 9.500000000000000000e+01
1.610900000000000531e+01 5.730018377304077148e+01 1.700000000000000000e+01 1.400000000000000000e+02
1.640700000000000358e+01 5.730018377304077148e+01 1.800000000000000000e+01 1.550000000000000000e+02
1.688900000000000645e+01 5.730018377304077148e+01 1.900000000000000000e+01 1.500000000000000000e+02
1.720600000000000662e+01 5.730018377304077148e+01 2.000000000000000000e+01 1.270000000000000000e+02
1.744600000000000506e+01 5.730018377304077148e+01 2.100000000000000000e+01 1.910000000000000000e+02
1.791400000000000503e+01 5.730018377304077148e+01 2.200000000000000000e+01 1.250000000000000000e+02
1.823399999999999821e+01 5.730018377304077148e+01 2.300000000000000000e+01 1.910000000000000000e+02
1.922199999999999420e+01 5.730018377304077148e+01 2.400000000000000000e+01 1.900000000000000000e+02
1.922199999999999420e+01 5.730018377304077148e+01 2.500000000000000000e+01 1.860000000000000000e+02
1.982299999999998619e+01 5.730018377304077148e+01 2.600000000000000000e+01 2.140000000000000000e+02
2.091199999999997416e+01 5.730018377304077148e+01 2.700000000000000000e+01 2.600000000000000000e+02
2.147399999999996467e+01 5.730018377304077148e+01 2.800000000000000000e+01 3.100000000000000000e+02
2.217099999999997451e+01 5.730018377304077148e+01 2.900000000000000000e+01 2.570000000000000000e+02
2.228699999999997772e+01 5.730018377304077148e+01 3.000000000000000000e+01 3.360000000000000000e+02
2.261599999999998190e+01 5.730018377304077148e+01 3.100000000000000000e+01 3.620000000000000000e+02
2.303099999999998104e+01 5.730018377304077148e+01 3.200000000000000000e+01 3.320000000000000000e+02
2.348499999999997456e+01 5.730018377304077148e+01 3.300000000000000000e+01 3.690000000000000000e+02
2.383699999999997132e+01 5.730018377304077148e+01 3.400000000000000000e+01 3.640000000000000000e+02
2.430099999999996641e+01 5.730018377304077148e+01 3.500000000000000000e+01 3.870000000000000000e+02
2.478699999999996706e+01 5.730018377304077148e+01 3.600000000000000000e+01 5.030000000000000000e+02
2.536299999999996757e+01 5.730018377304077148e+01 3.700000000000000000e+01 3.460000000000000000e+02
2.621799999999996800e+01 5.730018377304077148e+01 3.800000000000000000e+01 5.060000000000000000e+02
2.610199999999996834e+01 5.730018377304077148e+01 3.900000000000000000e+01 5.040000000000000000e+02
2.700299999999995393e+01 5.730018377304077148e+01 4.000000000000000000e+01 5.570000000000000000e+02
2.740899999999994563e+01 5.730018377304077148e+01 4.100000000000000000e+01 6.040000000000000000e+02
2.769499999999994699e+01 5.730018377304077148e+01 4.200000000000000000e+01 5.260000000000000000e+02
2.824399999999996069e+01 5.730018377304077148e+01 4.300000000000000000e+01 5.980000000000000000e+02
2.890899999999996695e+01 5.730018377304077148e+01 4.400000000000000000e+01 5.350000000000000000e+02
2.943399999999997618e+01 5.730018377304077148e+01 4.500000000000000000e+01 7.580000000000000000e+02
3.022399999999999309e+01 5.730018377304077148e+01 4.600000000000000000e+01 6.850000000000000000e+02
3.036499999999998778e+01 5.730018377304077148e+01 4.700000000000000000e+01 7.450000000000000000e+02
3.117999999999999616e+01 5.730018377304077148e+01 4.800000000000000000e+01 6.980000000000000000e+02
3.173399999999999110e+01 5.730018377304077148e+01 4.900000000000000000e+01 1.031000000000000000e+03
3.225500000000000966e+01 5.730018377304077148e+01 5.000000000000000000e+01 1.197000000000000000e+03
3.292800000000003280e+01 5.730018377304077148e+01 5.100000000000000000e+01 1.038000000000000000e+03
3.338600000000004542e+01 5.730018377304077148e+01 5.200000000000000000e+01 9.890000000000000000e+02
3.418700000000008998e+01 5.730018377304077148e+01 5.300000000000000000e+01 1.243000000000000000e+03
3.497500000000007248e+01 5.730018377304077148e+01 5.400000000000000000e+01 9.540000000000000000e+02
3.511600000000007782e+01 5.730018377304077148e+01 5.500000000000000000e+01 9.060000000000000000e+02
3.611800000000010868e+01 5.730018377304077148e+01 5.600000000000000000e+01 1.249000000000000000e+03
3.712600000000013978e+01 5.730018377304077148e+01 5.700000000000000000e+01 1.523000000000000000e+03
3.756900000000018025e+01 5.730018377304077148e+01 5.800000000000000000e+01 1.586000000000000000e+03
3.824400000000017030e+01 5.730018377304077148e+01 5.900000000000000000e+01 1.632000000000000000e+03
3.879000000000026915e+01 5.730018377304077148e+01 6.000000000000000000e+01 1.400000000000000000e+03
3.986900000000031241e+01 5.730018377304077148e+01 6.100000000000000000e+01 1.818000000000000000e+03
4.074500000000033850e+01 5.730018377304077148e+01 6.200000000000000000e+01 1.753000000000000000e+03
4.171000000000039876e+01 5.730018377304077148e+01 6.300000000000000000e+01 1.588000000000000000e+03
4.268900000000044059e+01 5.730018377304077148e+01 6.400000000000000000e+01 1.738000000000000000e+03
4.371100000000047459e+01 5.730018377304077148e+01 6.500000000000000000e+01 1.888000000000000000e+03
4.529100000000054393e+01 5.730018377304077148e+01 6.600000000000000000e+01 1.799000000000000000e+03
4.592000000000054882e+01 5.730018377304077148e+01 6.700000000000000000e+01 1.545000000000000000e+03
4.683700000000060015e+01 5.730018377304077148e+01 6.800000000000000000e+01 2.340000000000000000e+03
5.011800000000073396e+01 5.730018377304077148e+01 6.900000000000000000e+01 1.318000000000000000e+03
5.110400000000077370e+01 5.730018377304077148e+01 7.000000000000000000e+01 1.612000000000000000e+03
5.253900000000082571e+01 5.730018377304077148e+01 7.100000000000000000e+01 1.159000000000000000e+03
5.733000000000100727e+01 5.730018377304077148e+01 7.200000000000000000e+01 1.941000000000000000e+03
5.730018377304077148e+01 5.730018377304077148e+01 0.000000000000000000e+00 0.000000000000000000e+00
5.730018377304077148e+01 5.730018377304077148e+01 0.000000000000000000e+00 0.000000000000000000e+00
4.197999999999999510e+00 5.528050613403320312e+01 0.000000000000000000e+00 0.000000000000000000e+00
5.813999999999999169e+00 5.528050613403320312e+01 1.000000000000000000e+00 1.000000000000000000e+01
7.219000000000000306e+00 5.528050613403320312e+01 2.000000000000000000e+00 1.000000000000000000e+01
8.075000000000001066e+00 5.528050613403320312e+01 3.000000000000000000e+00 1.800000000000000000e+01
9.238999999999998991e+00 5.528050613403320312e+01 4.000000000000000000e+00 1.600000000000000000e+01
1.021100000000000030e+01 5.528050613403320312e+01 5.000000000000000000e+00 2.900000000000000000e+01
1.052999999999999936e+01 5.528050613403320312e+01 6.000000000000000000e+00 2.800000000000000000e+01
1.114699999999999847e+01 5.528050613403320312e+01 7.000000000000000000e+00 1.900000000000000000e+01
1.190099999999999802e+01 5.528050613403320312e+01 8.000000000000000000e+00 3.500000000000000000e+01
1.249099999999999966e+01 5.528050613403320312e+01 9.000000000000000000e+00 7.500000000000000000e+01
1.278100000000000058e+01 5.528050613403320312e+01 1.000000000000000000e+01 4.300000000000000000e+01
1.340399999999999991e+01 5.528050613403320312e+01 1.100000000000000000e+01 8.000000000000000000e+01
1.363200000000000145e+01 5.528050613403320312e+01 1.200000000000000000e+01 5.900000000000000000e+01
1.415699999999999825e+01 5.528050613403320312e+01 1.300000000000000000e+01 8.600000000000000000e+01
1.484399999999999764e+01 5.528050613403320312e+01 1.400000000000000000e+01 1.200000000000000000e+02
1.521299999999999741e+01 5.528050613403320312e+01 1.500000000000000000e+01 9.500000000000000000e+01
1.569199999999999662e+01 5.528050613403320312e+01 1.600000000000000000e+01 1.280000000000000000e+02
1.592699999999999605e+01 5.528050613403320312e+01 1.700000000000000000e+01 1.220000000000000000e+02
1.693899999999999295e+01 5.528050613403320312e+01 1.800000000000000000e+01 1.110000000000000000e+02
1.705199999999999250e+01 5.528050613403320312e+01 1.900000000000000000e+01 1.100000000000000000e+02
1.747799999999999443e+01 5.528050613403320312e+01 2.000000000000000000e+01 1.560000000000000000e+02
1.788899999999999579e+01 5.528050613403320312e+01 2.100000000000000000e+01 1.660000000000000000e+02
1.818699999999999406e+01 5.528050613403320312e+01 2.200000000000000000e+01 1.490000000000000000e+02
1.866599999999999326e+01 5.528050613403320312e+01 2.300000000000000000e+01 1.250000000000000000e+02
1.875699999999999434e+01 5.528050613403320312e+01 2.400000000000000000e+01 1.620000000000000000e+02
1.947999999999998622e+01 5.528050613403320312e+01 2.500000000000000000e+01 1.770000000000000000e+02
1.999799999999998334e+01 5.528050613403320312e+01 2.600000000000000000e+01 1.590000000000000000e+02
2.041399999999998016e+01 5.528050613403320312e+01 2.700000000000000000e+01 1.860000000000000000e+02
2.065599999999997749e+01 5.528050613403320312e+01 2.800000000000000000e+01 1.680000000000000000e+02
2.163599999999998857e+01 5.528050613403320312e+01 2.900000000000000000e+01 3.520000000000000000e+02
2.210599999999999099e+01 5.528050613403320312e+01 3.000000000000000000e+01 2.340000000000000000e+02
2.252100000000000080e+01 5.528050613403320312e+01 3.100000000000000000e+01 3.310000000000000000e+02
2.280799999999999628e+01 5.528050613403320312e+01 3.200000000000000000e+01 2.590000000000000000e+02
2.323899999999999011e+01 5.528050613403320312e+01 3.300000000000000000e+01 2.780000000000000000e+02
2.414799999999998192e+01 5.528050613403320312e+01 3.400000000000000000e+01 3.740000000000000000e+02
2.447199999999997999e+01 5.528050613403320312e+01 3.500000000000000000e+01 4.050000000000000000e+02
2.457199999999997786e+01 5.528050613403320312e+01 3.600000000000000000e+01 4.160000000000000000e+02
2.513599999999998147e+01 5.528050613403320312e+01 3.700000000000000000e+01 4.870000000000000000e+02
2.547099999999997877e+01 5.528050613403320312e+01 3.800000000000000000e+01 4.370000000000000000e+02
2.613499999999996248e+01 5.528050613403320312e+01 3.900000000000000000e+01 4.260000000000000000e+02
2.656999999999995410e+01 5.528050613403320312e+01 4.000000000000000000e+01 4.520000000000000000e+02
2.693799999999995620e+01 5.528050613403320312e+01 4.100000000000000000e+01 3.290000000000000000e+02
2.738799999999996260e+01 5.528050613403320312e+01 4.200000000000000000e+01 5.250000000000000000e+02
2.778199999999997161e+01 5.528050613403320312e+01 4.300000000000000000e+01 5.540000000000000000e+02
2.827399999999996538e+01 5.528050613403320312e+01 4.400000000000000000e+01 5.680000000000000000e+02
2.841099999999996584e+01 5.528050613403320312e+01 4.500000000000000000e+01 5.400000000000000000e+02
2.874699999999997502e+01 5.528050613403320312e+01 4.600000000000000000e+01 4.940000000000000000e+02
2.994199999999996464e+01 5.528050613403320312e+01 4.700000000000000000e+01 5.700000000000000000e+02
3.007799999999997098e+01 5.528050613403320312e+01 4.800000000000000000e+01 6.490000000000000000e+02
3.089599999999995461e+01 5.528050613403320312e+01 4.900000000000000000e+01 6.520000000000000000e+02
3.161799999999994526e+01 5.528050613403320312e+01 5.000000000000000000e+01 7.480000000000000000e+02
3.192699999999994986e+01 5.528050613403320312e+01 5.100000000000000000e+01 7.310000000000000000e+02
3.281599999999997408e+01 5.528050613403320312e+01 5.200000000000000000e+01 9.470000000000000000e+02
3.323900000000000432e+01 5.528050613403320312e+01 5.300000000000000000e+01 1.007000000000000000e+03
3.377300000000000324e+01 5.528050613403320312e+01 5.400000000000000000e+01 1.109000000000000000e+03
3.455800000000004246e+01 5.528050613403320312e+01 5.500000000000000000e+01 1.135000000000000000e+03
3.516100000000005110e+01 5.528050613403320312e+01 5.600000000000000000e+01 1.322000000000000000e+03
3.585400000000007736e+01 5.528050613403320312e+01 5.700000000000000000e+01 1.217000000000000000e+03
3.639200000000010959e+01 5.528050613403320312e+01 5.800000000000000000e+01 1.049000000000000000e+03
3.682600000000009999e+01 5.528050613403320312e+01 5.900000000000000000e+01 1.458000000000000000e+03
3.779100000000019577e+01 5.528050613403320312e+01 6.000000000000000000e+01 1.381000000000000000e+03
3.865200000000022840e+01 5.528050613403320312e+01 6.100000000000000000e+01 1.760000000000000000e+03
3.940800000000025705e+01 5.528050613403320312e+01 6.200000000000000000e+01 1.104000000000000000e+03
4.098100000000032850e+01 5.528050613403320312e+01 6.300000000000000000e+01 1.956000000000000000e+03
4.192900000000037153e+01 5.528050613403320312e+01 6.400000000000000000e+01 1.563000000000000000e+03
4.301500000000041268e+01 5.528050613403320312e+01 6.500000000000000000e+01 1.354000000000000000e+03
4.542900000000050653e+01 5.528050613403320312e+01 6.600000000000000000e+01 1.914000000000000000e+03
4.627400000000055513e+01 5.528050613403320312e+01 6.700000000000000000e+01 1.377000000000000000e+03
4.723400000000059862e+01 5.528050613403320312e+01 6.800000000000000000e+01 1.993000000000000000e+03
4.852600000000064284e+01 5.528050613403320312e+01 6.900000000000000000e+01 1.091000000000000000e+03
4.967900000000069838e+01 5.528050613403320312e+01 7.000000000000000000e+01 1.074000000000000000e+03
5.241700000000080450e+01 5.528050613403320312e+01 7.100000000000000000e+01 9.250000000000000000e+02
5.518100000000090688e+01 5.528050613403320312e+01 7.200000000000000000e+01 1.072000000000000000e+03
5.528050613403320312e+01 5.528050613403320312e+01 0.000000000000000000e+00 0.000000000000000000e+00
5.528050613403320312e+01 5.528050613403320312e+01 0.000000000000000000e+00 0.000000000000000000e+00
5.256999999999999673e+00 5.700353384017944336e+01 0.000000000000000000e+00 1.500000000000000000e+01
7.221999999999998643e+00 5.700353384017944336e+01 1.000000000000000000e+00 9.000000000000000000e+00
8.101999999999998536e+00 5.700353384017944336e+01 2.000000000000000000e+00 2.600000000000000000e+01
9.120999999999998664e+00 5.700353384017944336e+01 3.000000000000000000e+00 2.800000000000000000e+01
9.622999999999999332e+00 5.700353384017944336e+01 4.000000000000000000e+00 5.600000000000000000e+01
1.011199999999999832e+01 5.700353384017944336e+01 5.000000000000000000e+00 4.300000000000000000e+01
1.075399999999999778e+01 5.700353384017944336e+01 6.000000000000000000e+00 8.400000000000000000e+01
1.121699999999999875e+01 5.700353384017944336e+01 7.000000000000000000e+00 5.100000000000000000e+01
1.196699999999999520e+01 5.700353384017944336e+01 8.000000000000000000e+00 4.800000000000000000e+01
1.255499999999999616e+01 5.700353384017944336e+01 9.000000000000000000e+00 5.100000000000000000e+01
1.326499999999999524e+01 5.700353384017944336e+01 1.000000000000000000e+01 5.900000000000000000e+01
1.326499999999999524e+01 5.700353384017944336e+01 1.100000000000000000e+01 9.500000000000000000e+01
1.367299999999999649e+01 5.700353384017944336e+01 1.200000000000000000e+01 1.140000000000000000e+02
1.406499999999999773e+01 5.700353384017944336e+01 1.300000000000000000e+01 8.300000000000000000e+01
1.457399999999999807e+01 5.700353384017944336e+01 1.400000000000000000e+01 1.220000000000000000e+02
1.469399999999999729e+01 5.700353384017944336e+01 1.500000000000000000e+01 1.090000000000000000e+02
1.530099999999999660e+01 5.700353384017944336e+01 1.600000000000000000e+01 8.600000000000000000e+01
1.576799999999999535e+01 5.700353384017944336e+01 1.700000000000000000e+01 1.350000000000000000e+02
1.655599999999999028e+01 5.700353384017944336e+01 1.800000000000000000e+01 1.360000000000000000e+02
1.684499999999999176e+01 5.700353384017944336e+01 1.900000000000000000e+01 1.130000000000000000e+02
1.731299999999999528e+01 5.700353384017944336e+01 2.000000000000000000e+01 1.540000000000000000e+02
1.782599999999999696e+01 5.700353384017944336e+01 2.100000000000000000e+01 1.780000000000000000e+02
1.792799999999999727e+01 5.700353384017944336e+01 2.200000000000000000e+01 1.520000000000000000e+02
1.840599999999999525e+01 5.700353384017944336e+01 2.300000000000000000e+01 1.800000000000000000e+02
1.850099999999999412e+01 5.700353384017944336e+01 2.400000000000000000e+01 2.100000000000000000e+02
1.880199999999998894e+01 5.700353384017944336e+01 2.500000000000000000e+01 1.780000000000000000e+02
1.981199999999998340e+01 5.700353384017944336e+01 2.600000000000000000e+01 2.060000000000000000e+02
2.022899999999998144e+01 5.700353384017944336e+01 2.700000000000000000e+01 2.020000000000000000e+02
2.062999999999997769e+01 5.700353384017944336e+01 2.800000000000000000e+01 2.790000000000000000e+02
2.101699999999998170e+01 5.700353384017944336e+01 2.900000000000000000e+01 2.460000000000000000e+02
2.115499999999998693e+01 5.700353384017944336e+01 3.000000000000000000e+01 2.620000000000000000e+02
2.139499999999998892e+01 5.700353384017944336e+01 3.100000000000000000e+01 2.660000000000000000e+02
2.236499999999998778e+01 5.700353384017944336e+01 3.200000000000000000e+01 3.030000000000000000e+02
2.261499999999998423e+01 5.700353384017944336e+01 3.300000000000000000e+01 3.040000000000000000e+02
2.333299999999998064e+01 5.700353384017944336e+01 3.400000000000000000e+01 3.140000000000000000e+02
2.381799999999997297e+01 5.700353384017944336e+01 3.500000000000000000e+01 4.190000000000000000e+02
2.429299999999997084e+01 5.700353384017944336e+01 3.600000000000000000e+01 4.040000000000000000e+02
2.479999999999997584e+01 5.700353384017944336e+01 3.700000000000000000e+01 4.400000000000000000e+02
2.533299999999997709e+01 5.700353384017944336e+01 3.800000000000000000e+01 4.760000000000000000e+02
2.568999999999996930e+01 5.700353384017944336e+01 3.900000000000000000e+01 4.780000000000000000e+02
2.646899999999995146e+01 5.700353384017944336e+01 4.000000000000000000e+01 5.590000000000000000e+02
2.693699999999994787e+01 5.700353384017944336e+01 4.100000000000000000e+01 4.270000000000000000e+02
2.749599999999995603e+01 5.700353384017944336e+01 4.200000000000000000e+01 4.970000000000000000e+02
2.861399999999997945e+01 5.700353384017944336e+01 4.300000000000000000e+01 5.960000000000000000e+02
2.925499999999997414e+01 5.700353384017944336e+01 4.400000000000000000e+01 7.540000000000000000e+02
2.948599999999997578e+01 5.700353384017944336e+01 4.500000000000000000e+01 7.180000000000000000e+02
3.005899999999998684e+01 5.700353384017944336e+01 4.600000000000000000e+01 5.150000000000000000e+02
3.059699999999998710e+01 5.700353384017944336e+01 4.700000000000000000e+01 8.950000000000000000e+02
3.157799999999998875e+01 5.700353384017944336e+01 4.800000000000000000e+01 1.008000000000000000e+03
3.207099999999999085e+01 5.700353384017944336e+01 4.900000000000000000e+01 8.610000000000000000e+02
3.250600000000000023e+01 5.700353384017944336e+01 5.000000000000000000e+01 1.023000000000000000e+03
3.291800000000003479e+01 5.700353384017944336e+01 5.100000000000000000e+01 1.159000000000000000e+03
3.367700000000004223e+01 5.700353384017944336e+01 5.200000000000000000e+01 1.185000000000000000e+03
3.448200000000007748e+01 5.700353384017944336e+01 5.300000000000000000e+01 1.166000000000000000e+03
3.531900000000005946e+01 5.700353384017944336e+01 5.400000000000000000e+01 1.384000000000000000e+03
3.593800000000012318e+01 5.700353384017944336e+01 5.500000000000000000e+01 1.130000000000000000e+03
3.692000000000012960e+01 5.700353384017944336e+01 5.600000000000000000e+01 1.493000000000000000e+03
3.774600000000015854e+01 5.700353384017944336e+01 5.700000000000000000e+01 1.655000000000000000e+03
3.803300000000020020e+01 5.700353384017944336e+01 5.800000000000000000e+01 1.361000000000000000e+03
3.860200000000018150e+01 5.700353384017944336e+01 5.900000000000000000e+01 1.780000000000000000e+03
3.943500000000028649e+01 5.700353384017944336e+01 6.000000000000000000e+01 1.630000000000000000e+03
4.002900000000029479e+01 5.700353384017944336e+01 6.100000000000000000e+01 1.441000000000000000e+03
4.078400000000032577e+01 5.700353384017944336e+01 6.200000000000000000e+01 1.890000000000000000e+03
4.164400000000036783e+01 5.700353384017944336e+01 6.300000000000000000e+01 1.859000000000000000e+03
4.357200000000046458e+01 5.700353384017944336e+01 6.400000000000000000e+01 1.406000000000000000e+03
4.464100000000050272e+01 5.700353384017944336e+01 6.500000000000000000e+01 1.394000000000000000e+03
4.613500000000056644e+01 5.700353384017944336e+01 6.600000000000000000e+01 2.775000000000000000e+03
4.792100000000065307e+01 5.700353384017944336e+01 6.700000000000000000e+01 1.789000000000000000e+03
4.879600000000068860e+01 5.700353384017944336e+01 6.800000000000000000e+01 1.940000000000000000e+03
4.949600000000071987e+01 5.700353384017944336e+01 6.900000000000000000e+01 8.360000000000000000e+02
5.245400000000084617e+01 5.700353384017944336e+01 7.000000000000000000e+01 1.156000000000000000e+03
5.373100000000089693e+01 5.700353384017944336e+01 7.100000000000000000e+01 1.475000000000000000e+03
5.705700000000101113e+01 5.700353384017944336e+01 7.200000000000000000e+01 1.825000000000000000e+03
5.700353384017944336e+01 5.700353384017944336e+01 0.000000000000000000e+00 0.000000000000000000e+00
5.700353384017944336e+01 5.700353384017944336e+01 0.000000000000000000e+00 0.000000000000000000e+00
5.432999999999999829e+00 5.767610549926757812e+01 0.000000000000000000e+00 3.400000000000000000e+01
6.331999999999999851e+00 5.767610549926757812e+01 1.000000000000000000e+00 3.800000000000000000e+01
7.600999999999999091e+00 5.767610549926757812e+01 2.000000000000000000e+00 4.100000000000000000e+01
8.457999999999998408e+00 5.767610549926757812e+01 3.000000000000000000e+00 4.000000000000000000e+01
8.805999999999999162e+00 5.767610549926757812e+01 4.000000000000000000e+00 6.900000000000000000e+01
9.453999999999998849e+00 5.767610549926757812e+01 5.000000000000000000e+00 7.300000000000000000e+01
1.024799999999999933e+01 5.767610549926757812e+01 6.000000000000000000e+00 4.800000000000000000e+01
1.055799999999999983e+01 5.767610549926757812e+01 7.000000000000000000e+00 6.500000000000000000e+01
1.130799999999999983e+01 5.767610549926757812e+01 8.000000000000000000e+00 8.800000000000000000e+01
1.204000000000000092e+01 5.767610549926757812e+01 9.000000000000000000e+00 8.700000000000000000e+01
1.232800000000000118e+01 5.767610549926757812e+01 1.000000000000000000e+01 7.600000000000000000e+01
1.369599999999999795e+01 5.767610549926757812e+01 1.100000000000000000e+01 6.200000000000000000e+01
1.411299999999999955e+01 5.767610549926757812e+01 1.200000000000000000e+01 1.170000000000000000e+02
1.459000000000000163e+01 5.767610549926757812e+01 1.300000000000000000e+01 1.180000000000000000e+02
1.498900000000000254e+01 5.767610549926757812e+01 1.400000000000000000e+01 8.700000000000000000e+01
1.539800000000000146e+01 5.767610549926757812e+01 1.500000000000000000e+01 1.210000000000000000e+02
1.564100000000000001e+01 5.767610549926757812e+01 1.600000000000000000e+01 1.080000000000000000e+02
1.610600000000000165e+01 5.767610549926757812e+01 1.700000000000000000e+01 1.050000000000000000e+02
1.633300000000000196e+01 5.767610549926757812e+01 1.800000000000000000e+01 1.510000000000000000e+02
1.661500000000000199e+01 5.767610549926757812e+01 1.900000000000000000e+01 1.200000000000000000e+02
1.719300000000000850e+01 5.767610549926757812e+01 2.000000000000000000e+01 2.080000000000000000e+02
1.760300000000000864e+01 5.767610549926757812e+01 2.100000000000000000e+01 1.270000000000000000e+02
1.809900000000000730e+01 5.767610549926757812e+01 2.200000000000000000e+01 1.410000000000000000e+02
1.829400000000000759e+01 5.767610549926757812e+01 2.300000000000000000e+01 1.430000000000000000e+02
1.889900000000000091e+01 5.767610549926757812e+01 2.400000000000000000e+01 1.580000000000000000e+02
1.939499999999999957e+01 5.767610549926757812e+01 2.500000000000000000e+01 3.070000000000000000e+02
1.974199999999999733e+01 5.767610549926757812e+01 2.600000000000000000e+01 2.180000000000000000e+02
1.994899999999999451e+01 5.767610549926757812e+01 2.700000000000000000e+01 1.850000000000000000e+02
2.071899999999998343e+01 5.767610549926757812e+01 2.800000000000000000e+01 1.820000000000000000e+02
2.110399999999998855e+01 5.767610549926757812e+01 2.900000000000000000e+01 2.250000000000000000e+02
2.184899999999999309e+01 5.767610549926757812e+01 3.000000000000000000e+01 3.410000000000000000e+02
2.220799999999999486e+01 5.767610549926757812e+01 3.100000000000000000e+01 2.930000000000000000e+02
2.255399999999999494e+01 5.767610549926757812e+01 3.200000000000000000e+01 3.440000000000000000e+02
2.308499999999999019e+01 5.767610549926757812e+01 3.300000000000000000e+01 3.330000000000000000e+02
2.321399999999999153e+01 5.767610549926757812e+01 3.400000000000000000e+01 4.540000000000000000e+02
2.362299999999999045e+01 5.767610549926757812e+01 3.500000000000000000e+01 3.100000000000000000e+02
2.388099999999998602e+01 5.767610549926757812e+01 3.600000000000000000e+01 4.630000000000000000e+02
2.449599999999998801e+01 5.767610549926757812e+01 3.700000000000000000e+01 3.380000000000000000e+02
2.464899999999998670e+01 5.767610549926757812e+01 3.800000000000000000e+01 4.140000000000000000e+02
2.517599999999997351e+01 5.767610549926757812e+01 3.900000000000000000e+01 3.740000000000000000e+02
2.583399999999996055e+01 5.767610549926757812e+01 4.000000000000000000e+01 5.500000000000000000e+02
2.629699999999996152e+01 5.767610549926757812e+01 4.100000000000000000e+01 5.130000000000000000e+02
2.688099999999997181e+01 5.767610549926757812e+01 4.200000000000000000e+01 5.030000000000000000e+02
2.730299999999997951e+01 5.767610549926757812e+01 4.300000000000000000e+01 6.320000000000000000e+02
2.807799999999997809e+01 5.767610549926757812e+01 4.400000000000000000e+01 6.210000000000000000e+02
2.827099999999998658e+01 5.767610549926757812e+01 4.500000000000000000e+01 4.820000000000000000e+02
2.886499999999998778e+01 5.767610549926757812e+01 4.600000000000000000e+01 7.630000000000000000e+02
2.946899999999997632e+01 5.767610549926757812e+01 4.700000000000000000e+01 6.800000000000000000e+02
2.978099999999998104e+01 5.767610549926757812e+01 4.800000000000000000e+01 6.880000000000000000e+02
3.037399999999998101e+01 5.767610549926757812e+01 4.900000000000000000e+01 7.640000000000000000e+02
3.073599999999996868e+01 5.767610549926757812e+01 5.000000000000000000e+01 8.090000000000000000e+02
3.158599999999998431e+01 5.767610549926757812e+01 5.100000000000000000e+01 9.440000000000000000e+02
3.397900000000007026e+01 5.767610549926757812e+01 5.200000000000000000e+01 1.172000000000000000e+03
3.479500000000010829e+01 5.767610549926757812e+01 5.300000000000000000e+01 1.247000000000000000e+03
3.530600000000011818e+01 5.767610549926757812e+01 5.400000000000000000e+01 1.126000000000000000e+03
3.604500000000015802e+01 5.767610549926757812e+01 5.500000000000000000e+01 1.233000000000000000e+03
3.656300000000018002e+01 5.767610549926757812e+01 5.600000000000000000e+01 1.625000000000000000e+03
3.748800000000021981e+01 5.767610549926757812e+01 5.700000000000000000e+01 1.588000000000000000e+03
3.778400000000023340e+01 5.767610549926757812e+01 5.800000000000000000e+01 1.273000000000000000e+03
3.848300000000025278e+01 5.767610549926757812e+01 5.900000000000000000e+01 1.765000000000000000e+03
4.034700000000046316e+01 5.767610549926757812e+01 6.000000000000000000e+01 1.937000000000000000e+03
4.178300000000054126e+01 5.767610549926757812e+01 6.100000000000000000e+01 1.830000000000000000e+03
4.248700000000057031e+01 5.767610549926757812e+01 6.200000000000000000e+01 2.376000000000000000e+03
4.329500000000061988e+01 5.767610549926757812e+01 6.300000000000000000e+01 2.587000000000000000e+03
4.435700000000066012e+01 5.767610549926757812e+01 6.400000000000000000e+01 1.793000000000000000e+03
4.519400000000070605e+01 5.767610549926757812e+01 6.500000000000000000e+01 2.079000000000000000e+03
4.631200000000074368e+01 5.767610549926757812e+01 6.600000000000000000e+01 2.466000000000000000e+03
4.764700000000080848e+01 5.767610549926757812e+01 6.700000000000000000e+01 1.360000000000000000e+03
4.921700000000086561e+01 5.767610549926757812e+01 6.800000000000000000e+01 2.000000000000000000e+03
5.019100000000089778e+01 5.767610549926757812e+01 6.900000000000000000e+01 1.302000000000000000e+03
5.187200000000097333e+01 5.767610549926757812e+01 7.000000000000000000e+01 1.019000000000000000e+03
5.474500000000107747e+01 5.767610549926757812e+01 7.100000000000000000e+01 1.149000000000000000e+03
5.762400000000118183e+01 5.767610549926757812e+01 7.200000000000000000e+01 1.756000000000000000e+03
5.767610549926757812e+01 5.767610549926757812e+01 0.000000000000000000e+00 0.000000000000000000e+00
5.767610549926757812e+01 5.767610549926757812e+01 0.000000000000000000e+00 0.000000000000000000e+00
3.892999999999998906e+00 6.264558148384094238e+01 0.000000000000000000e+00 0.000000000000000000e+00
6.224999999999996980e+00 6.264558148384094238e+01 1.000000000000000000e+00 1.700000000000000000e+01
6.930999999999996497e+00 6.264558148384094238e+01 2.000000000000000000e+00 3.000000000000000000e+01
7.950999999999996071e+00 6.264558148384094238e+01 3.000000000000000000e+00 6.400000000000000000e+01
8.615999999999994330e+00 6.264558148384094238e+01 4.000000000000000000e+00 5.200000000000000000e+01
9.103999999999993875e+00 6.264558148384094238e+01 5.000000000000000000e+00 3.600000000000000000e+01
9.884999999999990905e+00 6.264558148384094238e+01 6.000000000000000000e+00 5.800000000000000000e+01
1.036399999999999189e+01 6.264558148384094238e+01 7.000000000000000000e+00 5.800000000000000000e+01
1.066699999999999271e+01 6.264558148384094238e+01 8.000000000000000000e+00 6.100000000000000000e+01
1.096199999999999264e+01 6.264558148384094238e+01 9.000000000000000000e+00 4.800000000000000000e+01
1.222699999999999498e+01 6.264558148384094238e+01 1.000000000000000000e+01 6.300000000000000000e+01
1.236799999999999500e+01 6.264558148384094238e+01 1.100000000000000000e+01 5.300000000000000000e+01
1.303599999999999604e+01 6.264558148384094238e+01 1.200000000000000000e+01 9.400000000000000000e+01
1.342699999999999605e+01 6.264558148384094238e+01 1.300000000000000000e+01 9.300000000000000000e+01
1.405699999999999505e+01 6.264558148384094238e+01 1.400000000000000000e+01 1.130000000000000000e+02
1.442499999999999361e+01 6.264558148384094238e+01 1.500000000000000000e+01 1.330000000000000000e+02
1.501699999999999591e+01 6.264558148384094238e+01 1.600000000000000000e+01 1.180000000000000000e+02
1.547799999999999798e+01 6.264558148384094238e+01 1.700000000000000000e+01 1.470000000000000000e+02
1.589499999999999602e+01 6.264558148384094238e+01 1.800000000000000000e+01 1.040000000000000000e+02
1.646899999999999409e+01 6.264558148384094238e+01 1.900000000000000000e+01 1.390000000000000000e+02
1.688899999999999579e+01 6.264558148384094238e+01 2.000000000000000000e+01 1.590000000000000000e+02
1.743300000000000338e+01 6.264558148384094238e+01 2.100000000000000000e+01 1.670000000000000000e+02
1.789499999999999957e+01 6.264558148384094238e+01 2.200000000000000000e+01 1.650000000000000000e+02
1.837099999999999866e+01 6.264558148384094238e+01 2.300000000000000000e+01 1.960000000000000000e+02
1.873900000000000077e+01 6.264558148384094238e+01 2.400000000000000000e+01 2.050000000000000000e+02
1.918400000000000105e+01 6.264558148384094238e+01 2.500000000000000000e+01 2.480000000000000000e+02
1.966800000000000281e+01 6.264558148384094238e+01 2.600000000000000000e+01 2.070000000000000000e+02
2.035000000000000142e+01 6.264558148384094238e+01 2.700000000000000000e+01 2.440000000000000000e+02
2.075600000000000023e+01 6.264558148384094238e+01 2.800000000000000000e+01 2.690000000000000000e+02
2.099599999999999866e+01 6.264558148384094238e+01 2.900000000000000000e+01 2.990000000000000000e+02
2.156100000000001060e+01 6.264558148384094238e+01 3.000000000000000000e+01 3.050000000000000000e+02
2.188600000000001344e+01 6.264558148384094238e+01 3.100000000000000000e+01 2.890000000000000000e+02
2.332600000000002183e+01 6.264558148384094238e+01 3.200000000000000000e+01 3.630000000000000000e+02
2.371500000000002828e+01 6.264558148384094238e+01 3.300000000000000000e+01 3.990000000000000000e+02
2.448900000000002208e+01 6.264558148384094238e+01 3.400000000000000000e+01 3.770000000000000000e+02
2.502000000000002089e+01 6.264558148384094238e+01 3.500000000000000000e+01 4.750000000000000000e+02
2.538100000000002154e+01 6.264558148384094238e+01 3.600000000000000000e+01 4.340000000000000000e+02
2.555300000000001859e+01 6.264558148384094238e+01 3.700000000000000000e+01 4.060000000000000000e+02
2.621200000000002817e+01 6.264558148384094238e+01 3.800000000000000000e+01 3.870000000000000000e+02
2.628600000000002623e+01 6.264558148384094238e+01 3.900000000000000000e+01 4.410000000000000000e+02
2.686400000000001498e+01 6.264558148384094238e+01 4.000000000000000000e+01 5.490000000000000000e+02
2.753100000000001657e+01 6.264558148384094238e+01 4.100000000000000000e+01 6.530000000000000000e+02
2.775400000000001910e+01 6.264558148384094238e+01 4.200000000000000000e+01 4.670000000000000000e+02
2.825000000000003197e+01 6.264558148384094238e+01 4.300000000000000000e+01 5.720000000000000000e+02
2.884300000000002839e+01 6.264558148384094238e+01 4.400000000000000000e+01 7.510000000000000000e+02
2.908900000000002706e+01 6.264558148384094238e+01 4.500000000000000000e+01 4.870000000000000000e+02
2.955800000000003891e+01 6.264558148384094238e+01 4.600000000000000000e+01 6.060000000000000000e+02
3.015000000000003055e+01 6.264558148384094238e+01 4.700000000000000000e+01 7.700000000000000000e+02
3.070000000000003126e+01 6.264558148384094238e+01 4.800000000000000000e+01 7.730000000000000000e+02
3.120200000000003016e+01 6.264558148384094238e+01 4.900000000000000000e+01 9.210000000000000000e+02
3.145600000000002083e+01 6.264558148384094238e+01 5.000000000000000000e+01 8.000000000000000000e+02
3.203300000000003678e+01 6.264558148384094238e+01 5.100000000000000000e+01 7.930000000000000000e+02
3.292400000000007054e+01 6.264558148384094238e+01 5.200000000000000000e+01 8.520000000000000000e+02
3.382000000000010687e+01 6.264558148384094238e+01 5.300000000000000000e+01 9.320000000000000000e+02
3.492800000000012517e+01 6.264558148384094238e+01 5.400000000000000000e+01 1.294000000000000000e+03
3.560800000000016041e+01 6.264558148384094238e+01 5.500000000000000000e+01 1.129000000000000000e+03
3.755700000000015848e+01 6.264558148384094238e+01 5.600000000000000000e+01 1.657000000000000000e+03
3.836100000000017474e+01 6.264558148384094238e+01 5.700000000000000000e+01 1.511000000000000000e+03
3.921700000000021902e+01 6.264558148384094238e+01 5.800000000000000000e+01 1.934000000000000000e+03
3.993700000000021788e+01 6.264558148384094238e+01 5.900000000000000000e+01 1.864000000000000000e+03
4.038400000000029166e+01 6.264558148384094238e+01 6.000000000000000000e+01 1.842000000000000000e+03
4.168200000000034322e+01 6.264558148384094238e+01 6.100000000000000000e+01 1.616000000000000000e+03
4.343200000000041427e+01 6.264558148384094238e+01 6.200000000000000000e+01 1.744000000000000000e+03
4.452000000000047208e+01 6.264558148384094238e+01 6.300000000000000000e+01 2.238000000000000000e+03
4.520800000000048868e+01 6.264558148384094238e+01 6.400000000000000000e+01 2.285000000000000000e+03
4.626000000000053092e+01 6.264558148384094238e+01 6.500000000000000000e+01 2.470000000000000000e+03
4.930300000000065808e+01 6.264558148384094238e+01 6.600000000000000000e+01 1.303000000000000000e+03
5.103900000000072623e+01 6.264558148384094238e+01 6.700000000000000000e+01 1.596000000000000000e+03
5.213700000000076074e+01 6.264558148384094238e+01 6.800000000000000000e+01 3.482000000000000000e+03
5.545100000000088158e+01 6.264558148384094238e+01 6.900000000000000000e+01 1.741000000000000000e+03
5.627500000000092939e+01 6.264558148384094238e+01 7.000000000000000000e+01 1.652000000000000000e+03
5.772100000000098419e+01 6.264558148384094238e+01 7.100000000000000000e+01 1.329000000000000000e+03
6.265500000000116643e+01 6.264558148384094238e+01 7.200000000000000000e+01 2.158000000000000000e+03
6.264558148384094238e+01 6.264558148384094238e+01 0.000000000000000000e+00 0.000000000000000000e+00
6.264558148384094238e+01 6.264558148384094238e+01 0.000000000000000000e+00 0.000000000000000000e+00
4.165999999999998593e+00 5.819616293907165527e+01 0.000000000000000000e+00 0.000000000000000000e+00
5.613999999999998991e+00 5.819616293907165527e+01 1.000000000000000000e+00 3.000000000000000000e+00
7.194999999999999396e+00 5.819616293907165527e+01 2.000000000000000000e+00 1.800000000000000000e+01
7.715999999999999304e+00 5.819616293907165527e+01 3.000000000000000000e+00 4.200000000000000000e+01
8.542999999999997485e+00 5.819616293907165527e+01 4.000000000000000000e+00 4.000000000000000000e+01
9.363999999999997215e+00 5.819616293907165527e+01 5.000000000000000000e+00 5.300000000000000000e+01
9.837999999999997414e+00 5.819616293907165527e+01 6.000000000000000000e+00 3.000000000000000000e+01
1.029999999999999716e+01 5.819616293907165527e+01 7.000000000000000000e+00 6.500000000000000000e+01
1.060099999999999731e+01 5.819616293907165527e+01 8.000000000000000000e+00 5.700000000000000000e+01
1.147799999999999798e+01 5.819616293907165527e+01 9.000000000000000000e+00 6.800000000000000000e+01
1.172199999999999598e+01 5.819616293907165527e+01 1.000000000000000000e+01 4.200000000000000000e+01
1.245499999999999829e+01 5.819616293907165527e+01 1.100000000000000000e+01 8.800000000000000000e+01
1.272599999999999909e+01 5.819616293907165527e+01 1.200000000000000000e+01 6.900000000000000000e+01
1.324900000000000055e+01 5.819616293907165527e+01 1.300000000000000000e+01 7.200000000000000000e+01
1.350600000000000200e+01 5.819616293907165527e+01 1.400000000000000000e+01 8.900000000000000000e+01
1.397700000000000031e+01 5.819616293907165527e+01 1.500000000000000000e+01 1.260000000000000000e+02
1.436500000000000021e+01 5.819616293907165527e+01 1.600000000000000000e+01 8.500000000000000000e+01
1.509800000000000075e+01 5.819616293907165527e+01 1.700000000000000000e+01 9.900000000000000000e+01
1.543500000000000227e+01 5.819616293907165527e+01 1.800000000000000000e+01 7.300000000000000000e+01
1.587100000000000399e+01 5.819616293907165527e+01 1.900000000000000000e+01 1.240000000000000000e+02
1.642900000000000915e+01 5.819616293907165527e+01 2.000000000000000000e+01 1.100000000000000000e+02
1.790600000000000946e+01 5.819616293907165527e+01 2.100000000000000000e+01 1.640000000000000000e+02
1.934900000000000375e+01 5.819616293907165527e+01 2.200000000000000000e+01 1.760000000000000000e+02
1.953399999999999892e+01 5.819616293907165527e+01 2.300000000000000000e+01 2.180000000000000000e+02
2.024100000000000321e+01 5.819616293907165527e+01 2.400000000000000000e+01 2.140000000000000000e+02
2.051400000000000290e+01 5.819616293907165527e+01 2.500000000000000000e+01 3.280000000000000000e+02
2.112199999999999989e+01 5.819616293907165527e+01 2.600000000000000000e+01 2.220000000000000000e+02
2.162499999999999289e+01 5.819616293907165527e+01 2.700000000000000000e+01 3.170000000000000000e+02
2.186899999999999267e+01 5.819616293907165527e+01 2.800000000000000000e+01 2.330000000000000000e+02
2.270299999999999940e+01 5.819616293907165527e+01 2.900000000000000000e+01 3.030000000000000000e+02
2.310300000000000153e+01 5.819616293907165527e+01 3.000000000000000000e+01 2.690000000000000000e+02
2.361299999999999955e+01 5.819616293907165527e+01 3.100000000000000000e+01 3.280000000000000000e+02
2.416699999999999449e+01 5.819616293907165527e+01 3.200000000000000000e+01 4.030000000000000000e+02
2.453999999999999204e+01 5.819616293907165527e+01 3.300000000000000000e+01 3.100000000000000000e+02
2.447999999999998977e+01 5.819616293907165527e+01 3.400000000000000000e+01 3.170000000000000000e+02
2.511899999999999267e+01 5.819616293907165527e+01 3.500000000000000000e+01 2.900000000000000000e+02
2.585200000000000031e+01 5.819616293907165527e+01 3.600000000000000000e+01 5.700000000000000000e+02
2.596699999999999875e+01 5.819616293907165527e+01 3.700000000000000000e+01 3.710000000000000000e+02
2.661199999999999477e+01 5.819616293907165527e+01 3.800000000000000000e+01 4.310000000000000000e+02
2.671799999999999287e+01 5.819616293907165527e+01 3.900000000000000000e+01 4.160000000000000000e+02
2.725899999999998613e+01 5.819616293907165527e+01 4.000000000000000000e+01 3.620000000000000000e+02
2.753899999999998371e+01 5.819616293907165527e+01 4.100000000000000000e+01 4.860000000000000000e+02
2.778399999999998826e+01 5.819616293907165527e+01 4.200000000000000000e+01 4.140000000000000000e+02
2.812399999999999167e+01 5.819616293907165527e+01 4.300000000000000000e+01 4.030000000000000000e+02
2.907199999999998852e+01 5.819616293907165527e+01 4.400000000000000000e+01 5.630000000000000000e+02
2.933199999999999008e+01 5.819616293907165527e+01 4.500000000000000000e+01 5.070000000000000000e+02
2.992800000000000438e+01 5.819616293907165527e+01 4.600000000000000000e+01 5.780000000000000000e+02
3.053600000000000136e+01 5.819616293907165527e+01 4.700000000000000000e+01 7.410000000000000000e+02
3.129800000000000537e+01 5.819616293907165527e+01 4.800000000000000000e+01 6.480000000000000000e+02
3.208300000000001262e+01 5.819616293907165527e+01 4.900000000000000000e+01 7.060000000000000000e+02
3.260800000000004673e+01 5.819616293907165527e+01 5.000000000000000000e+01 7.930000000000000000e+02
3.292400000000006344e+01 5.819616293907165527e+01 5.100000000000000000e+01 6.870000000000000000e+02
3.372400000000009612e+01 5.819616293907165527e+01 5.200000000000000000e+01 8.890000000000000000e+02
3.445900000000013819e+01 5.819616293907165527e+01 5.300000000000000000e+01 1.053000000000000000e+03
3.501700000000010959e+01 5.819616293907165527e+01 5.400000000000000000e+01 1.139000000000000000e+03
3.573200000000015564e+01 5.819616293907165527e+01 5.500000000000000000e+01 1.331000000000000000e+03
3.645100000000016394e+01 5.819616293907165527e+01 5.600000000000000000e+01 1.435000000000000000e+03
3.718400000000020356e+01 5.819616293907165527e+01 5.700000000000000000e+01 1.633000000000000000e+03
3.751500000000022794e+01 5.819616293907165527e+01 5.800000000000000000e+01 1.433000000000000000e+03
3.810700000000019827e+01 5.819616293907165527e+01 5.900000000000000000e+01 1.328000000000000000e+03
3.913100000000031997e+01 5.819616293907165527e+01 6.000000000000000000e+01 1.396000000000000000e+03
3.959400000000033515e+01 5.819616293907165527e+01 6.100000000000000000e+01 1.068000000000000000e+03
4.054600000000036886e+01 5.819616293907165527e+01 6.200000000000000000e+01 1.624000000000000000e+03
4.154900000000041160e+01 5.819616293907165527e+01 6.300000000000000000e+01 1.813000000000000000e+03
4.290800000000046310e+01 5.819616293907165527e+01 6.400000000000000000e+01 1.710000000000000000e+03
4.392900000000050653e+01 5.819616293907165527e+01 6.500000000000000000e+01 1.751000000000000000e+03
4.454900000000053240e+01 5.819616293907165527e+01 6.600000000000000000e+01 2.054000000000000000e+03
4.564500000000058577e+01 5.819616293907165527e+01 6.700000000000000000e+01 1.556000000000000000e+03
5.025900000000075352e+01 5.819616293907165527e+01 6.800000000000000000e+01 1.912000000000000000e+03
5.125900000000079615e+01 5.819616293907165527e+01 6.900000000000000000e+01 1.611000000000000000e+03
5.214700000000082269e+01 5.819616293907165527e+01 7.000000000000000000e+01 1.852000000000000000e+03
5.469500000000092399e+01 5.819616293907165527e+01 7.100000000000000000e+01 1.310000000000000000e+03
5.821700000000105035e+01 5.819616293907165527e+01 7.200000000000000000e+01 1.463000000000000000e+03
5.819616293907165527e+01 5.819616293907165527e+01 0.000000000000000000e+00 0.000000000000000000e+00
5.819616293907165527e+01 5.819616293907165527e+01 0.000000000000000000e+00 0.000000000000000000e+00
3.237999999999999989e+00 5.330113768577575684e+01 0.000000000000000000e+00 0.000000000000000000e+00
5.388999999999999346e+00 5.330113768577575684e+01 1.000000000000000000e+00 1.100000000000000000e+01
6.976000000000000867e+00 5.330113768577575684e+01 2.000000000000000000e+00 3.600000000000000000e+01
8.005000000000000782e+00 5.330113768577575684e+01 3.000000000000000000e+00 3.900000000000000000e+01
8.511000000000001009e+00 5.330113768577575684e+01 4.000000000000000000e+00 3.000000000000000000e+01
9.016999999999999460e+00 5.330113768577575684e+01 5.000000000000000000e+00 3.700000000000000000e+01
9.816000000000000725e+00 5.330113768577575684e+01 6.000000000000000000e+00 8.000000000000000000e+01
1.043400000000000105e+01 5.330113768577575684e+01 7.000000000000000000e+00 4.300000000000000000e+01
1.103499999999999837e+01 5.330113768577575684e+01 8.000000000000000000e+00 3.800000000000000000e+01
1.132799999999999763e+01 5.330113768577575684e+01 9.000000000000000000e+00 5.200000000000000000e+01
1.175499999999999723e+01 5.330113768577575684e+01 1.000000000000000000e+01 8.000000000000000000e+01
1.218099999999999561e+01 5.330113768577575684e+01 1.100000000000000000e+01 1.300000000000000000e+02
1.241099999999999426e+01 5.330113768577575684e+01 1.200000000000000000e+01 6.000000000000000000e+01
1.297699999999999321e+01 5.330113768577575684e+01 1.300000000000000000e+01 9.300000000000000000e+01
1.326299999999999457e+01 5.330113768577575684e+01 1.400000000000000000e+01 5.700000000000000000e+01
1.322299999999999542e+01 5.330113768577575684e+01 1.500000000000000000e+01 1.250000000000000000e+02
1.376399999999999402e+01 5.330113768577575684e+01 1.600000000000000000e+01 1.630000000000000000e+02
1.423099999999999277e+01 5.330113768577575684e+01 1.700000000000000000e+01 1.020000000000000000e+02
1.418099999999999206e+01 5.330113768577575684e+01 1.800000000000000000e+01 7.100000000000000000e+01
1.500399999999999245e+01 5.330113768577575684e+01 1.900000000000000000e+01 1.560000000000000000e+02
1.542799999999999372e+01 5.330113768577575684e+01 2.000000000000000000e+01 1.410000000000000000e+02
1.573699999999999477e+01 5.330113768577575684e+01 2.100000000000000000e+01 2.050000000000000000e+02
1.623099999999999454e+01 5.330113768577575684e+01 2.200000000000000000e+01 1.690000000000000000e+02
1.642599999999999483e+01 5.330113768577575684e+01 2.300000000000000000e+01 1.680000000000000000e+02
1.685199999999999321e+01 5.330113768577575684e+01 2.400000000000000000e+01 1.540000000000000000e+02
1.716199999999999193e+01 5.330113768577575684e+01 2.500000000000000000e+01 2.030000000000000000e+02
1.750699999999999079e+01 5.330113768577575684e+01 2.600000000000000000e+01 1.980000000000000000e+02
1.800699999999998724e+01 5.330113768577575684e+01 2.700000000000000000e+01 2.000000000000000000e+02
1.856799999999998008e+01 5.330113768577575684e+01 2.800000000000000000e+01 1.720000000000000000e+02
1.899499999999998678e+01 5.330113768577575684e+01 2.900000000000000000e+01 2.440000000000000000e+02
1.963499999999999091e+01 5.330113768577575684e+01 3.000000000000000000e+01 1.760000000000000000e+02
1.997100000000000009e+01 5.330113768577575684e+01 3.100000000000000000e+01 2.900000000000000000e+02
2.042299999999999827e+01 5.330113768577575684e+01 3.200000000000000000e+01 2.450000000000000000e+02
2.112800000000000011e+01 5.330113768577575684e+01 3.300000000000000000e+01 2.880000000000000000e+02
2.181499999999999062e+01 5.330113768577575684e+01 3.400000000000000000e+01 3.590000000000000000e+02
2.236499999999998778e+01 5.330113768577575684e+01 3.500000000000000000e+01 3.500000000000000000e+02
2.231799999999999429e+01 5.330113768577575684e+01 3.600000000000000000e+01 3.280000000000000000e+02
2.290700000000000358e+01 5.330113768577575684e+01 3.700000000000000000e+01 3.570000000000000000e+02
2.380399999999999494e+01 5.330113768577575684e+01 3.800000000000000000e+01 3.220000000000000000e+02
2.474599999999997735e+01 5.330113768577575684e+01 3.900000000000000000e+01 4.750000000000000000e+02
2.552299999999997127e+01 5.330113768577575684e+01 4.000000000000000000e+01 6.730000000000000000e+02
2.600399999999997291e+01 5.330113768577575684e+01 4.100000000000000000e+01 5.100000000000000000e+02
2.611099999999997934e+01 5.330113768577575684e+01 4.200000000000000000e+01 5.630000000000000000e+02
2.680799999999998917e+01 5.330113768577575684e+01 4.300000000000000000e+01 5.210000000000000000e+02
2.704999999999999005e+01 5.330113768577575684e+01 4.400000000000000000e+01 6.380000000000000000e+02
2.758599999999999497e+01 5.330113768577575684e+01 4.500000000000000000e+01 5.200000000000000000e+02
2.776900000000000546e+01 5.330113768577575684e+01 4.600000000000000000e+01 7.190000000000000000e+02
2.856599999999999184e+01 5.330113768577575684e+01 4.700000000000000000e+01 5.910000000000000000e+02
2.919099999999999895e+01 5.330113768577575684e+01 4.800000000000000000e+01 7.270000000000000000e+02
2.991399999999999082e+01 5.330113768577575684e+01 4.900000000000000000e+01 6.600000000000000000e+02
3.014299999999998647e+01 5.330113768577575684e+01 5.000000000000000000e+01 7.620000000000000000e+02
3.133800000000001518e+01 5.330113768577575684e+01 5.100000000000000000e+01 8.820000000000000000e+02
3.174599999999999866e+01 5.330113768577575684e+01 5.200000000000000000e+01 8.830000000000000000e+02
3.291000000000003922e+01 5.330113768577575684e+01 5.300000000000000000e+01 8.990000000000000000e+02
3.397100000000010311e+01 5.330113768577575684e+01 5.400000000000000000e+01 1.419000000000000000e+03
3.486900000000012767e+01 5.330113768577575684e+01 5.500000000000000000e+01 1.226000000000000000e+03
3.544200000000014228e+01 5.330113768577575684e+01 5.600000000000000000e+01 1.353000000000000000e+03
3.600200000000018008e+01 5.330113768577575684e+01 5.700000000000000000e+01 1.419000000000000000e+03
3.686000000000025523e+01 5.330113768577575684e+01 5.800000000000000000e+01 1.691000000000000000e+03
3.775300000000026301e+01 5.330113768577575684e+01 5.900000000000000000e+01 1.961000000000000000e+03
3.861200000000032873e+01 5.330113768577575684e+01 6.000000000000000000e+01 1.562000000000000000e+03
3.903900000000034964e+01 5.330113768577575684e+01 6.100000000000000000e+01 1.279000000000000000e+03
3.975500000000037915e+01 5.330113768577575684e+01 6.200000000000000000e+01 1.794000000000000000e+03
4.077500000000042490e+01 5.330113768577575684e+01 6.300000000000000000e+01 1.714000000000000000e+03
4.155600000000045924e+01 5.330113768577575684e+01 6.400000000000000000e+01 1.590000000000000000e+03
4.260500000000049425e+01 5.330113768577575684e+01 6.500000000000000000e+01 2.151000000000000000e+03
4.365000000000054570e+01 5.330113768577575684e+01 6.600000000000000000e+01 2.330000000000000000e+03
4.498800000000058930e+01 5.330113768577575684e+01 6.700000000000000000e+01 1.401000000000000000e+03
4.598900000000064381e+01 5.330113768577575684e+01 6.800000000000000000e+01 1.337000000000000000e+03
4.688100000000067524e+01 5.330113768577575684e+01 6.900000000000000000e+01 2.031000000000000000e+03
4.803500000000072134e+01 5.330113768577575684e+01 7.000000000000000000e+01 1.267000000000000000e+03
5.002900000000079928e+01 5.330113768577575684e+01 7.100000000000000000e+01 1.302000000000000000e+03
5.319500000000092399e+01 5.330113768577575684e+01 7.200000000000000000e+01 1.098000000000000000e+03
5.330113768577575684e+01 5.330113768577575684e+01 0.000000000000000000e+00 0.000000000000000000e+00
5.330113768577575684e+01 5.330113768577575684e+01 0.000000000000000000e+00 0.000000000000000000e+00
3.679999999999999716e+00 6.285123658180236816e+01 0.000000000000000000e+00 0.000000000000000000e+00
5.289999999999999147e+00 6.285123658180236816e+01 1.000000000000000000e+00 3.000000000000000000e+00
6.875000000000000000e+00 6.285123658180236816e+01 2.000000000000000000e+00 1.300000000000000000e+01
8.068999999999999062e+00 6.285123658180236816e+01 3.000000000000000000e+00 2.800000000000000000e+01
8.734999999999997655e+00 6.285123658180236816e+01 4.000000000000000000e+00 3.800000000000000000e+01
9.584999999999999076e+00 6.285123658180236816e+01 5.000000000000000000e+00 3.600000000000000000e+01
1.021700000000000053e+01 6.285123658180236816e+01 6.000000000000000000e+00 4.200000000000000000e+01
1.083099999999999952e+01 6.285123658180236816e+01 7.000000000000000000e+00 4.100000000000000000e+01
1.127999999999999936e+01 6.285123658180236816e+01 8.000000000000000000e+00 5.600000000000000000e+01
1.186299999999999777e+01 6.285123658180236816e+01 9.000000000000000000e+00 4.600000000000000000e+01
1.229299999999999748e+01 6.285123658180236816e+01 1.000000000000000000e+01 4.000000000000000000e+01
1.298499999999999943e+01 6.285123658180236816e+01 1.100000000000000000e+01 8.000000000000000000e+01
1.298499999999999943e+01 6.285123658180236816e+01 1.200000000000000000e+01 4.900000000000000000e+01
1.364400000000000190e+01 6.285123658180236816e+01 1.300000000000000000e+01 6.900000000000000000e+01
1.390000000000000213e+01 6.285123658180236816e+01 1.400000000000000000e+01 7.500000000000000000e+01
1.439300000000000068e+01 6.285123658180236816e+01 1.500000000000000000e+01 1.110000000000000000e+02
1.487000000000000099e+01 6.285123658180236816e+01 1.600000000000000000e+01 8.200000000000000000e+01
1.498800000000000132e+01 6.285123658180236816e+01 1.700000000000000000e+01 9.400000000000000000e+01
1.565900000000000070e+01 6.285123658180236816e+01 1.800000000000000000e+01 1.180000000000000000e+02
1.609500000000000242e+01 6.285123658180236816e+01 1.900000000000000000e+01 1.390000000000000000e+02
1.662200000000000344e+01 6.285123658180236816e+01 2.000000000000000000e+01 1.240000000000000000e+02
1.703000000000000469e+01 6.285123658180236816e+01 2.100000000000000000e+01 1.400000000000000000e+02
1.732700000000000529e+01 6.285123658180236816e+01 2.200000000000000000e+01 1.190000000000000000e+02
1.753600000000000492e+01 6.285123658180236816e+01 2.300000000000000000e+01 1.830000000000000000e+02
1.822600000000000264e+01 6.285123658180236816e+01 2.400000000000000000e+01 2.090000000000000000e+02
1.862500000000000355e+01 6.285123658180236816e+01 2.500000000000000000e+01 1.850000000000000000e+02
1.903200000000000003e+01 6.285123658180236816e+01 2.600000000000000000e+01 1.750000000000000000e+02
1.963899999999999579e+01 6.285123658180236816e+01 2.700000000000000000e+01 1.700000000000000000e+02
1.980299999999999372e+01 6.285123658180236816e+01 2.800000000000000000e+01 2.040000000000000000e+02
2.026500000000000057e+01 6.285123658180236816e+01 2.900000000000000000e+01 2.020000000000000000e+02
2.061200000000000543e+01 6.285123658180236816e+01 3.000000000000000000e+01 3.140000000000000000e+02
2.080100000000000904e+01 6.285123658180236816e+01 3.100000000000000000e+01 1.920000000000000000e+02
2.182400000000001583e+01 6.285123658180236816e+01 3.200000000000000000e+01 1.960000000000000000e+02
2.195800000000001617e+01 6.285123658180236816e+01 3.300000000000000000e+01 2.580000000000000000e+02
2.259100000000000819e+01 6.285123658180236816e+01 3.400000000000000000e+01 2.120000000000000000e+02
2.326000000000000512e+01 6.285123658180236816e+01 3.500000000000000000e+01 3.430000000000000000e+02
2.355400000000000560e+01 6.285123658180236816e+01 3.600000000000000000e+01 3.230000000000000000e+02
2.368600000000000705e+01 6.285123658180236816e+01 3.700000000000000000e+01 4.010000000000000000e+02
2.465200000000001168e+01 6.285123658180236816e+01 3.800000000000000000e+01 3.550000000000000000e+02
2.478300000000000836e+01 6.285123658180236816e+01 3.900000000000000000e+01 4.490000000000000000e+02
2.593799999999999528e+01 6.285123658180236816e+01 4.000000000000000000e+01 3.710000000000000000e+02
2.654899999999999949e+01 6.285123658180236816e+01 4.100000000000000000e+01 5.080000000000000000e+02
2.664000000000000057e+01 6.285123658180236816e+01 4.200000000000000000e+01 3.900000000000000000e+02
2.738900000000002066e+01 6.285123658180236816e+01 4.300000000000000000e+01 3.670000000000000000e+02
2.805300000000001504e+01 6.285123658180236816e+01 4.400000000000000000e+01 4.640000000000000000e+02
2.825000000000001776e+01 6.285123658180236816e+01 4.500000000000000000e+01 7.940000000000000000e+02
2.871900000000002251e+01 6.285123658180236816e+01 4.600000000000000000e+01 6.860000000000000000e+02
2.941600000000001103e+01 6.285123658180236816e+01 4.700000000000000000e+01 6.140000000000000000e+02
2.993600000000001771e+01 6.285123658180236816e+01 4.800000000000000000e+01 6.460000000000000000e+02
3.047800000000001575e+01 6.285123658180236816e+01 4.900000000000000000e+01 7.440000000000000000e+02
3.115600000000001302e+01 6.285123658180236816e+01 5.000000000000000000e+01 8.840000000000000000e+02
3.176100000000002055e+01 6.285123658180236816e+01 5.100000000000000000e+01 8.440000000000000000e+02
3.242500000000001847e+01 6.285123658180236816e+01 5.200000000000000000e+01 9.920000000000000000e+02
3.278300000000002967e+01 6.285123658180236816e+01 5.300000000000000000e+01 8.860000000000000000e+02
3.380000000000004690e+01 6.285123658180236816e+01 5.400000000000000000e+01 1.256000000000000000e+03
3.449600000000009459e+01 6.285123658180236816e+01 5.500000000000000000e+01 1.262000000000000000e+03
3.506500000000009010e+01 6.285123658180236816e+01 5.600000000000000000e+01 1.480000000000000000e+03
3.579500000000012250e+01 6.285123658180236816e+01 5.700000000000000000e+01 1.052000000000000000e+03
3.626500000000017110e+01 6.285123658180236816e+01 5.800000000000000000e+01 1.213000000000000000e+03
3.789000000000014978e+01 6.285123658180236816e+01 5.900000000000000000e+01 1.665000000000000000e+03
3.863900000000025159e+01 6.285123658180236816e+01 6.000000000000000000e+01 1.268000000000000000e+03
3.926500000000027768e+01 6.285123658180236816e+01 6.100000000000000000e+01 1.741000000000000000e+03
3.998500000000030496e+01 6.285123658180236816e+01 6.200000000000000000e+01 1.697000000000000000e+03
4.090400000000035163e+01 6.285123658180236816e+01 6.300000000000000000e+01 2.069000000000000000e+03
4.160800000000037357e+01 6.285123658180236816e+01 6.400000000000000000e+01 1.696000000000000000e+03
4.283400000000042240e+01 6.285123658180236816e+01 6.500000000000000000e+01 1.245000000000000000e+03
4.836800000000062028e+01 6.285123658180236816e+01 6.600000000000000000e+01 1.821000000000000000e+03
5.086300000000071719e+01 6.285123658180236816e+01 6.700000000000000000e+01 2.351000000000000000e+03
5.198900000000075039e+01 6.285123658180236816e+01 6.800000000000000000e+01 4.120000000000000000e+03
5.540800000000086811e+01 6.285123658180236816e+01 6.900000000000000000e+01 3.045000000000000000e+03
5.667200000000092786e+01 6.285123658180236816e+01 7.000000000000000000e+01 2.013000000000000000e+03
5.809100000000098873e+01 6.285123658180236816e+01 7.100000000000000000e+01 1.220000000000000000e+03
6.289600000000116609e+01 6.285123658180236816e+01 7.200000000000000000e+01 1.762000000000000000e+03
6.285123658180236816e+01 6.285123658180236816e+01 0.000000000000000000e+00 0.000000000000000000e+00
6.285123658180236816e+01 6.285123658180236816e+01 0.000000000000000000e+00 0.000000000000000000e+00
4.790999999999999481e+00 5.871221184730529785e+01 0.000000000000000000e+00 1.200000000000000000e+01
6.055999999999999162e+00 5.871221184730529785e+01 1.000000000000000000e+00 1.300000000000000000e+01
8.169999999999998153e+00 5.871221184730529785e+01 2.000000000000000000e+00 1.900000000000000000e+01
9.026999999999997470e+00 5.871221184730529785e+01 3.000000000000000000e+00 3.400000000000000000e+01
9.530999999999997030e+00 5.871221184730529785e+01 4.000000000000000000e+00 5.100000000000000000e+01
1.050899999999999856e+01 5.871221184730529785e+01 5.000000000000000000e+00 6.400000000000000000e+01
1.097400000000000020e+01 5.871221184730529785e+01 6.000000000000000000e+00 3.100000000000000000e+01
1.161299999999999777e+01 5.871221184730529785e+01 7.000000000000000000e+00 4.400000000000000000e+01
1.191699999999999626e+01 5.871221184730529785e+01 8.000000000000000000e+00 7.800000000000000000e+01
1.250599999999999845e+01 5.871221184730529785e+01 9.000000000000000000e+00 8.300000000000000000e+01
1.275499999999999545e+01 5.871221184730529785e+01 1.000000000000000000e+01 5.300000000000000000e+01
1.335599999999999632e+01 5.871221184730529785e+01 1.100000000000000000e+01 1.040000000000000000e+02
1.376499999999999524e+01 5.871221184730529785e+01 1.200000000000000000e+01 9.800000000000000000e+01
1.442099999999999760e+01 5.871221184730529785e+01 1.300000000000000000e+01 5.400000000000000000e+01
1.451899999999999835e+01 5.871221184730529785e+01 1.400000000000000000e+01 1.220000000000000000e+02
1.542400000000000126e+01 5.871221184730529785e+01 1.500000000000000000e+01 1.320000000000000000e+02
1.562200000000000166e+01 5.871221184730529785e+01 1.600000000000000000e+01 1.150000000000000000e+02
1.625800000000000267e+01 5.871221184730529785e+01 1.700000000000000000e+01 1.160000000000000000e+02
1.659900000000000020e+01 5.871221184730529785e+01 1.800000000000000000e+01 1.060000000000000000e+02
1.715000000000000213e+01 5.871221184730529785e+01 1.900000000000000000e+01 1.880000000000000000e+02
1.736400000000000432e+01 5.871221184730529785e+01 2.000000000000000000e+01 1.500000000000000000e+02
1.798100000000000875e+01 5.871221184730529785e+01 2.100000000000000000e+01 1.900000000000000000e+02
1.795800000000000551e+01 5.871221184730529785e+01 2.200000000000000000e+01 1.150000000000000000e+02
1.898800000000001020e+01 5.871221184730529785e+01 2.300000000000000000e+01 1.520000000000000000e+02
1.926700000000000657e+01 5.871221184730529785e+01 2.400000000000000000e+01 1.710000000000000000e+02
1.995500000000000185e+01 5.871221184730529785e+01 2.500000000000000000e+01 1.400000000000000000e+02
2.065000000000000213e+01 5.871221184730529785e+01 2.600000000000000000e+01 2.640000000000000000e+02
2.117799999999999727e+01 5.871221184730529785e+01 2.700000000000000000e+01 2.000000000000000000e+02
2.173999999999999133e+01 5.871221184730529785e+01 2.800000000000000000e+01 2.300000000000000000e+02
2.212999999999999545e+01 5.871221184730529785e+01 2.900000000000000000e+01 2.050000000000000000e+02
2.243299999999999983e+01 5.871221184730529785e+01 3.000000000000000000e+01 2.680000000000000000e+02
2.314000000000000057e+01 5.871221184730529785e+01 3.100000000000000000e+01 3.630000000000000000e+02
2.310300000000000153e+01 5.871221184730529785e+01 3.200000000000000000e+01 2.320000000000000000e+02
2.373599999999999710e+01 5.871221184730529785e+01 3.300000000000000000e+01 3.920000000000000000e+02
2.431999999999999673e+01 5.871221184730529785e+01 3.400000000000000000e+01 2.930000000000000000e+02
2.462699999999999534e+01 5.871221184730529785e+01 3.500000000000000000e+01 3.780000000000000000e+02
2.519799999999999685e+01 5.871221184730529785e+01 3.600000000000000000e+01 3.520000000000000000e+02
2.560799999999999699e+01 5.871221184730529785e+01 3.700000000000000000e+01 3.620000000000000000e+02
2.619999999999999218e+01 5.871221184730529785e+01 3.800000000000000000e+01 3.510000000000000000e+02
2.662499999999997868e+01 5.871221184730529785e+01 3.900000000000000000e+01 5.340000000000000000e+02
2.700299999999997169e+01 5.871221184730529785e+01 4.000000000000000000e+01 5.110000000000000000e+02
2.739999999999997016e+01 5.871221184730529785e+01 4.100000000000000000e+01 5.140000000000000000e+02
2.797699999999997900e+01 5.871221184730529785e+01 4.200000000000000000e+01 4.120000000000000000e+02
2.911700000000000443e+01 5.871221184730529785e+01 4.300000000000000000e+01 6.290000000000000000e+02
2.968200000000000216e+01 5.871221184730529785e+01 4.400000000000000000e+01 6.020000000000000000e+02
3.029600000000001359e+01 5.871221184730529785e+01 4.500000000000000000e+01 7.530000000000000000e+02
3.079100000000002524e+01 5.871221184730529785e+01 4.600000000000000000e+01 7.330000000000000000e+02
3.116100000000001913e+01 5.871221184730529785e+01 4.700000000000000000e+01 7.670000000000000000e+02
3.189800000000002811e+01 5.871221184730529785e+01 4.800000000000000000e+01 8.940000000000000000e+02
3.266800000000002768e+01 5.871221184730529785e+01 4.900000000000000000e+01 9.510000000000000000e+02
3.321000000000005059e+01 5.871221184730529785e+01 5.000000000000000000e+01 8.630000000000000000e+02
3.508700000000013119e+01 5.871221184730529785e+01 5.100000000000000000e+01 1.119000000000000000e+03
3.577500000000014069e+01 5.871221184730529785e+01 5.200000000000000000e+01 1.217000000000000000e+03
3.629600000000016280e+01 5.871221184730529785e+01 5.300000000000000000e+01 1.073000000000000000e+03
3.730900000000015382e+01 5.871221184730529785e+01 5.400000000000000000e+01 1.562000000000000000e+03
3.793700000000018946e+01 5.871221184730529785e+01 5.500000000000000000e+01 1.955000000000000000e+03
3.851600000000019008e+01 5.871221184730529785e+01 5.600000000000000000e+01 1.371000000000000000e+03
3.890600000000021197e+01 5.871221184730529785e+01 5.700000000000000000e+01 1.544000000000000000e+03
3.992600000000025773e+01 5.871221184730529785e+01 5.800000000000000000e+01 1.737000000000000000e+03
4.181800000000025364e+01 5.871221184730529785e+01 5.900000000000000000e+01 1.962000000000000000e+03
4.263500000000032486e+01 5.871221184730529785e+01 6.000000000000000000e+01 1.549000000000000000e+03
4.338100000000034839e+01 5.871221184730529785e+01 6.100000000000000000e+01 2.081000000000000000e+03
4.414900000000037750e+01 5.871221184730529785e+01 6.200000000000000000e+01 2.118000000000000000e+03
4.497700000000041598e+01 5.871221184730529785e+01 6.300000000000000000e+01 2.621000000000000000e+03
4.556500000000045247e+01 5.871221184730529785e+01 6.400000000000000000e+01 2.019000000000000000e+03
4.689000000000050505e+01 5.871221184730529785e+01 6.500000000000000000e+01 1.641000000000000000e+03
4.888500000000058776e+01 5.871221184730529785e+01 6.600000000000000000e+01 2.811000000000000000e+03
4.999000000000064148e+01 5.871221184730529785e+01 6.700000000000000000e+01 1.863000000000000000e+03
5.140000000000068070e+01 5.871221184730529785e+01 6.800000000000000000e+01 1.490000000000000000e+03
5.224200000000071498e+01 5.871221184730529785e+01 6.900000000000000000e+01 1.364000000000000000e+03
5.332100000000076534e+01 5.871221184730529785e+01 7.000000000000000000e+01 1.712000000000000000e+03
5.556900000000084106e+01 5.871221184730529785e+01 7.100000000000000000e+01 1.079000000000000000e+03
5.853700000000095827e+01 5.871221184730529785e+01 7.200000000000000000e+01 1.241000000000000000e+03
5.871221184730529785e+01 5.871221184730529785e+01 0.000000000000000000e+00 0.000000000000000000e+00
5.871221184730529785e+01 5.871221184730529785e+01 0.000000000000000000e+00 0.000000000000000000e+00
3.860999999999999766e+00 5.723446941375732422e+01 0.000000000000000000e+00 1.200000000000000000e+01
4.948000000000000398e+00 5.723446941375732422e+01 1.000000000000000000e+00 1.700000000000000000e+01
5.892000000000001236e+00 5.723446941375732422e+01 2.000000000000000000e+00 1.700000000000000000e+01
6.445000000000001172e+00 5.723446941375732422e+01 3.000000000000000000e+00 2.500000000000000000e+01
7.115000000000001101e+00 5.723446941375732422e+01 4.000000000000000000e+00 2.700000000000000000e+01
7.265000000000000568e+00 5.723446941375732422e+01 5.000000000000000000e+00 2.500000000000000000e+01
7.924000000000000377e+00 5.723446941375732422e+01 6.000000000000000000e+00 4.000000000000000000e+01
9.003999999999999559e+00 5.723446941375732422e+01 7.000000000000000000e+00 6.100000000000000000e+01
9.157999999999999474e+00 5.723446941375732422e+01 8.000000000000000000e+00 3.600000000000000000e+01
9.599999999999999645e+00 5.723446941375732422e+01 9.000000000000000000e+00 5.900000000000000000e+01
1.046000000000000085e+01 5.723446941375732422e+01 1.000000000000000000e+01 9.300000000000000000e+01
1.115399999999999991e+01 5.723446941375732422e+01 1.100000000000000000e+01 7.300000000000000000e+01
1.115399999999999991e+01 5.723446941375732422e+01 1.200000000000000000e+01 7.300000000000000000e+01
1.163100000000000023e+01 5.723446941375732422e+01 1.300000000000000000e+01 7.800000000000000000e+01
1.206799999999999962e+01 5.723446941375732422e+01 1.400000000000000000e+01 1.000000000000000000e+02
1.228500000000000192e+01 5.723446941375732422e+01 1.500000000000000000e+01 1.070000000000000000e+02
1.302199999999999847e+01 5.723446941375732422e+01 1.600000000000000000e+01 1.290000000000000000e+02
1.363499999999999979e+01 5.723446941375732422e+01 1.700000000000000000e+01 8.700000000000000000e+01
1.386299999999999955e+01 5.723446941375732422e+01 1.800000000000000000e+01 1.300000000000000000e+02
1.408000000000000007e+01 5.723446941375732422e+01 1.900000000000000000e+01 1.620000000000000000e+02
1.455499999999999972e+01 5.723446941375732422e+01 2.000000000000000000e+01 1.160000000000000000e+02
1.564000000000000234e+01 5.723446941375732422e+01 2.100000000000000000e+01 1.730000000000000000e+02
1.653400000000000247e+01 5.723446941375732422e+01 2.200000000000000000e+01 1.620000000000000000e+02
1.711200000000000188e+01 5.723446941375732422e+01 2.300000000000000000e+01 2.820000000000000000e+02
1.720800000000000196e+01 5.723446941375732422e+01 2.400000000000000000e+01 2.030000000000000000e+02
1.756699999999999662e+01 5.723446941375732422e+01 2.500000000000000000e+01 1.990000000000000000e+02
1.825599999999998957e+01 5.723446941375732422e+01 2.600000000000000000e+01 3.000000000000000000e+02
1.924899999999999167e+01 5.723446941375732422e+01 2.700000000000000000e+01 2.350000000000000000e+02
1.981099999999998573e+01 5.723446941375732422e+01 2.800000000000000000e+01 2.760000000000000000e+02
2.027699999999999037e+01 5.723446941375732422e+01 2.900000000000000000e+01 2.420000000000000000e+02
2.057599999999999696e+01 5.723446941375732422e+01 3.000000000000000000e+01 3.140000000000000000e+02
2.086299999999999599e+01 5.723446941375732422e+01 3.100000000000000000e+01 3.000000000000000000e+02
2.155299999999999727e+01 5.723446941375732422e+01 3.200000000000000000e+01 3.440000000000000000e+02
2.194999999999999574e+01 5.723446941375732422e+01 3.300000000000000000e+01 4.040000000000000000e+02
2.226299999999999102e+01 5.723446941375732422e+01 3.400000000000000000e+01 2.980000000000000000e+02
2.263799999999998747e+01 5.723446941375732422e+01 3.500000000000000000e+01 3.060000000000000000e+02
2.297599999999998488e+01 5.723446941375732422e+01 3.600000000000000000e+01 4.240000000000000000e+02
2.382899999999998997e+01 5.723446941375732422e+01 3.700000000000000000e+01 4.240000000000000000e+02
2.397499999999998721e+01 5.723446941375732422e+01 3.800000000000000000e+01 4.410000000000000000e+02
2.477699999999997971e+01 5.723446941375732422e+01 3.900000000000000000e+01 4.350000000000000000e+02
2.541499999999997428e+01 5.723446941375732422e+01 4.000000000000000000e+01 5.090000000000000000e+02
2.545399999999997576e+01 5.723446941375732422e+01 4.100000000000000000e+01 6.090000000000000000e+02
2.603399999999998826e+01 5.723446941375732422e+01 4.200000000000000000e+01 4.520000000000000000e+02
2.682099999999999440e+01 5.723446941375732422e+01 4.300000000000000000e+01 5.190000000000000000e+02
2.734599999999999653e+01 5.723446941375732422e+01 4.400000000000000000e+01 5.450000000000000000e+02
2.786400000000000432e+01 5.723446941375732422e+01 4.500000000000000000e+01 6.410000000000000000e+02
2.847800000000002285e+01 5.723446941375732422e+01 4.600000000000000000e+01 6.640000000000000000e+02
2.935800000000001120e+01 5.723446941375732422e+01 4.700000000000000000e+01 8.150000000000000000e+02
2.961000000000001364e+01 5.723446941375732422e+01 4.800000000000000000e+01 6.770000000000000000e+02
3.015000000000001634e+01 5.723446941375732422e+01 4.900000000000000000e+01 7.710000000000000000e+02
3.068400000000001171e+01 5.723446941375732422e+01 5.000000000000000000e+01 1.077000000000000000e+03
3.114800000000002100e+01 5.723446941375732422e+01 5.100000000000000000e+01 7.970000000000000000e+02
3.246799999999999642e+01 5.723446941375732422e+01 5.200000000000000000e+01 1.109000000000000000e+03
3.308800000000002939e+01 5.723446941375732422e+01 5.300000000000000000e+01 9.070000000000000000e+02
3.351500000000002899e+01 5.723446941375732422e+01 5.400000000000000000e+01 1.133000000000000000e+03
3.408000000000006224e+01 5.723446941375732422e+01 5.500000000000000000e+01 1.142000000000000000e+03
3.485500000000007503e+01 5.723446941375732422e+01 5.600000000000000000e+01 1.438000000000000000e+03
3.551700000000008828e+01 5.723446941375732422e+01 5.700000000000000000e+01 1.578000000000000000e+03
3.669200000000019912e+01 5.723446941375732422e+01 5.800000000000000000e+01 1.069000000000000000e+03
3.711800000000020106e+01 5.723446941375732422e+01 5.900000000000000000e+01 1.289000000000000000e+03
3.919000000000043116e+01 5.723446941375732422e+01 6.000000000000000000e+01 2.097000000000000000e+03
4.005600000000046634e+01 5.723446941375732422e+01 6.100000000000000000e+01 2.258000000000000000e+03
4.083300000000050289e+01 5.723446941375732422e+01 6.200000000000000000e+01 1.733000000000000000e+03
4.192800000000055860e+01 5.723446941375732422e+01 6.300000000000000000e+01 2.061000000000000000e+03
4.283500000000059771e+01 5.723446941375732422e+01 6.400000000000000000e+01 2.382000000000000000e+03
4.475000000000066791e+01 5.723446941375732422e+01 6.500000000000000000e+01 1.617000000000000000e+03
4.565100000000069258e+01 5.723446941375732422e+01 6.600000000000000000e+01 2.453000000000000000e+03
4.763600000000077017e+01 5.723446941375732422e+01 6.700000000000000000e+01 1.725000000000000000e+03
4.879300000000082349e+01 5.723446941375732422e+01 6.800000000000000000e+01 1.745000000000000000e+03
5.069600000000088613e+01 5.723446941375732422e+01 6.900000000000000000e+01 1.118000000000000000e+03
5.165700000000092729e+01 5.723446941375732422e+01 7.000000000000000000e+01 1.287000000000000000e+03
5.440900000000102921e+01 5.723446941375732422e+01 7.100000000000000000e+01 1.380000000000000000e+03
5.726400000000113977e+01 5.723446941375732422e+01 7.200000000000000000e+01 1.725000000000000000e+03
5.723446941375732422e+01 5.723446941375732422e+01 0.000000000000000000e+00 0.000000000000000000e+00
5.723446941375732422e+01 5.723446941375732422e+01 0.000000000000000000e+00 0.000000000000000000e+00
