4.539999999999999147e+00 6.490483045578002930e+01 0.000000000000000000e+00 3.000000000000000000e+00
5.588999999999998636e+00 6.490483045578002930e+01 1.000000000000000000e+00 1.000000000000000000e+00
8.454999999999998295e+00 6.490483045578002930e+01 2.000000000000000000e+00 1.100000000000000000e+01
8.951999999999996405e+00 6.490483045578002930e+01 3.000000000000000000e+00 1.400000000000000000e+01
9.913999999999997925e+00 6.490483045578002930e+01 4.000000000000000000e+00 1.300000000000000000e+01
1.101299999999999812e+01 6.490483045578002930e+01 5.000000000000000000e+00 1.600000000000000000e+01
1.147199999999999775e+01 6.490483045578002930e+01 6.000000000000000000e+00 8.000000000000000000e+00
1.236299999999999777e+01 6.490483045578002930e+01 7.000000000000000000e+00 2.300000000000000000e+01
1.337000000000000099e+01 6.490483045578002930e+01 8.000000000000000000e+00 9.000000000000000000e+00
1.393400000000000105e+01 6.490483045578002930e+01 9.000000000000000000e+00 2.200000000000000000e+01
1.444599999999999973e+01 6.490483045578002930e+01 1.000000000000000000e+01 3.200000000000000000e+01
1.581799999999999784e+01 6.490483045578002930e+01 1.100000000000000000e+01 4.900000000000000000e+01
1.619599999999999795e+01 6.490483045578002930e+01 1.200000000000000000e+01 5.700000000000000000e+01
1.684700000000000131e+01 6.490483045578002930e+01 1.300000000000000000e+01 6.500000000000000000e+01
1.732500000000000284e+01 6.490483045578002930e+01 1.400000000000000000e+01 9.100000000000000000e+01
1.794200000000000372e+01 6.490483045578002930e+01 1.500000000000000000e+01 5.900000000000000000e+01
1.852299999999999969e+01 6.490483045578002930e+01 1.600000000000000000e+01 6.400000000000000000e+01
1.886199999999999477e+01 6.490483045578002930e+01 1.700000000000000000e+01 7.300000000000000000e+01
1.935399999999999565e+01 6.490483045578002930e+01 1.800000000000000000e+01 1.600000000000000000e+02
1.982699999999999463e+01 6.490483045578002930e+01 1.900000000000000000e+01 1.470000000000000000e+02
2.063999999999998991e+01 6.490483045578002930e+01 2.000000000000000000e+01 1.370000000000000000e+02
2.067899999999998784e+01 6.490483045578002930e+01 2.100000000000000000e+01 1.210000000000000000e+02
2.097499999999999076e+01 6.490483045578002930e+01 2.200000000000000000e+01 1.250000000000000000e+02
2.167799999999999017e+01 6.490483045578002930e+01 2.300000000000000000e+01 1.680000000000000000e+02
2.221299999999998676e+01 6.490483045578002930e+01 2.400000000000000000e+01 1.300000000000000000e+02
2.221299999999998676e+01 6.490483045578002930e+01 2.500000000000000000e+01 1.300000000000000000e+02
2.297799999999998377e+01 6.490483045578002930e+01 2.600000000000000000e+01 1.820000000000000000e+02
2.352599999999998204e+01 6.490483045578002930e+01 2.700000000000000000e+01 1.620000000000000000e+02
2.429399999999998983e+01 6.490483045578002930e+01 2.800000000000000000e+01 1.270000000000000000e+02
2.496199999999999974e+01 6.490483045578002930e+01 2.900000000000000000e+01 2.210000000000000000e+02
2.574900000000000588e+01 6.490483045578002930e+01 3.000000000000000000e+01 2.240000000000000000e+02
2.632600000000000762e+01 6.490483045578002930e+01 3.100000000000000000e+01 2.580000000000000000e+02
2.695899999999999963e+01 6.490483045578002930e+01 3.200000000000000000e+01 2.610000000000000000e+02
2.722099999999999653e+01 6.490483045578002930e+01 3.300000000000000000e+01 2.450000000000000000e+02
2.802199999999999136e+01 6.490483045578002930e+01 3.400000000000000000e+01 3.150000000000000000e+02
2.856299999999999173e+01 6.490483045578002930e+01 3.500000000000000000e+01 4.410000000000000000e+02
2.877399999999999380e+01 6.490483045578002930e+01 3.600000000000000000e+01 3.870000000000000000e+02
2.951500000000000057e+01 6.490483045578002930e+01 3.700000000000000000e+01 3.900000000000000000e+02
2.962099999999999866e+01 6.490483045578002930e+01 3.800000000000000000e+01 3.590000000000000000e+02
3.071999999999997755e+01 6.490483045578002930e+01 3.900000000000000000e+01 3.270000000000000000e+02
3.095399999999997576e+01 6.490483045578002930e+01 4.000000000000000000e+01 3.580000000000000000e+02
3.179499999999998749e+01 6.490483045578002930e+01 4.100000000000000000e+01 4.990000000000000000e+02
3.229499999999999460e+01 6.490483045578002930e+01 4.200000000000000000e+01 4.620000000000000000e+02
3.280499999999999261e+01 6.490483045578002930e+01 4.300000000000000000e+01 5.490000000000000000e+02
3.293599999999998573e+01 6.490483045578002930e+01 4.400000000000000000e+01 4.250000000000000000e+02
3.371800000000000352e+01 6.490483045578002930e+01 4.500000000000000000e+01 5.720000000000000000e+02
3.409099999999999397e+01 6.490483045578002930e+01 4.600000000000000000e+01 4.670000000000000000e+02
3.495399999999992247e+01 6.490483045578002930e+01 4.700000000000000000e+01 3.440000000000000000e+02
3.524599999999993116e+01 6.490483045578002930e+01 4.800000000000000000e+01 6.840000000000000000e+02
3.678099999999999170e+01 6.490483045578002930e+01 4.900000000000000000e+01 6.530000000000000000e+02
3.744700000000002404e+01 6.490483045578002930e+01 5.000000000000000000e+01 7.090000000000000000e+02
3.758800000000002228e+01 6.490483045578002930e+01 5.100000000000000000e+01 9.080000000000000000e+02
3.872400000000011033e+01 6.490483045578002930e+01 5.200000000000000000e+01 9.140000000000000000e+02
3.896900000000010067e+01 6.490483045578002930e+01 5.300000000000000000e+01 7.620000000000000000e+02
3.982600000000016394e+01 6.490483045578002930e+01 5.400000000000000000e+01 6.970000000000000000e+02
4.068300000000014904e+01 6.490483045578002930e+01 5.500000000000000000e+01 9.240000000000000000e+02
4.101700000000016644e+01 6.490483045578002930e+01 5.600000000000000000e+01 1.327000000000000000e+03
4.147000000000018360e+01 6.490483045578002930e+01 5.700000000000000000e+01 1.152000000000000000e+03
4.245600000000017360e+01 6.490483045578002930e+01 5.800000000000000000e+01 9.020000000000000000e+02
4.315700000000031622e+01 6.490483045578002930e+01 5.900000000000000000e+01 1.546000000000000000e+03
4.378700000000034009e+01 6.490483045578002930e+01 6.000000000000000000e+01 1.342000000000000000e+03
4.450300000000036960e+01 6.490483045578002930e+01 6.100000000000000000e+01 1.061000000000000000e+03
4.643100000000043792e+01 6.490483045578002930e+01 6.200000000000000000e+01 1.322000000000000000e+03
4.848600000000052290e+01 6.490483045578002930e+01 6.300000000000000000e+01 1.327000000000000000e+03
4.960300000000056286e+01 6.490483045578002930e+01 6.400000000000000000e+01 1.267000000000000000e+03
4.988500000000057355e+01 6.490483045578002930e+01 6.500000000000000000e+01 1.386000000000000000e+03
5.082500000000061391e+01 6.490483045578002930e+01 6.600000000000000000e+01 1.338000000000000000e+03
5.227800000000068792e+01 6.490483045578002930e+01 6.700000000000000000e+01 1.053000000000000000e+03
5.266600000000068604e+01 6.490483045578002930e+01 6.800000000000000000e+01 1.497000000000000000e+03
5.372500000000073328e+01 6.490483045578002930e+01 6.900000000000000000e+01 1.562000000000000000e+03
5.539100000000078694e+01 6.490483045578002930e+01 7.000000000000000000e+01 4.400000000000000000e+02
5.645200000000083662e+01 6.490483045578002930e+01 7.100000000000000000e+01 2.870000000000000000e+02
5.796200000000088437e+01 6.490483045578002930e+01 7.200000000000000000e+01 3.680000000000000000e+02
6.277800000000107161e+01 6.490483045578002930e+01 7.300000000000000000e+01 3.680000000000000000e+02
6.465800000000113812e+01 6.490483045578002930e+01 7.400000000000000000e+01 5.830000000000000000e+02
5.357999999999999652e+00 7.809709668159484863e+01 0.000000000000000000e+00 0.000000000000000000e+00
7.286000000000001364e+00 7.809709668159484863e+01 1.000000000000000000e+00 1.500000000000000000e+01
9.329000000000002402e+00 7.809709668159484863e+01 2.000000000000000000e+00 7.000000000000000000e+00
1.065300000000000047e+01 7.809709668159484863e+01 3.000000000000000000e+00 1.700000000000000000e+01
1.162400000000000055e+01 7.809709668159484863e+01 4.000000000000000000e+00 1.500000000000000000e+01
1.288500000000000156e+01 7.809709668159484863e+01 5.000000000000000000e+00 1.100000000000000000e+01
1.350100000000000122e+01 7.809709668159484863e+01 6.000000000000000000e+00 1.200000000000000000e+01
1.454499999999999638e+01 7.809709668159484863e+01 7.000000000000000000e+00 3.000000000000000000e+01
1.512699999999999712e+01 7.809709668159484863e+01 8.000000000000000000e+00 2.700000000000000000e+01
1.541299999999999670e+01 7.809709668159484863e+01 9.000000000000000000e+00 2.900000000000000000e+01
1.593399999999999572e+01 7.809709668159484863e+01 1.000000000000000000e+01 4.900000000000000000e+01
1.663599999999999213e+01 7.809709668159484863e+01 1.100000000000000000e+01 5.000000000000000000e+01
1.741399999999999082e+01 7.809709668159484863e+01 1.200000000000000000e+01 7.700000000000000000e+01
1.804499999999999460e+01 7.809709668159484863e+01 1.300000000000000000e+01 6.400000000000000000e+01
1.853699999999999548e+01 7.809709668159484863e+01 1.400000000000000000e+01 7.900000000000000000e+01
1.889599999999999724e+01 7.809709668159484863e+01 1.500000000000000000e+01 3.900000000000000000e+01
1.959099999999999042e+01 7.809709668159484863e+01 1.600000000000000000e+01 1.050000000000000000e+02
2.026199999999998980e+01 7.809709668159484863e+01 1.700000000000000000e+01 1.010000000000000000e+02
1.996099999999999142e+01 7.809709668159484863e+01 1.800000000000000000e+01 1.150000000000000000e+02
2.099899999999998812e+01 7.809709668159484863e+01 1.900000000000000000e+01 9.700000000000000000e+01
2.150899999999998613e+01 7.809709668159484863e+01 2.000000000000000000e+01 1.010000000000000000e+02
2.229599999999997806e+01 7.809709668159484863e+01 2.100000000000000000e+01 1.160000000000000000e+02
2.287599999999997991e+01 7.809709668159484863e+01 2.200000000000000000e+01 9.200000000000000000e+01
2.283899999999998087e+01 7.809709668159484863e+01 2.300000000000000000e+01 1.470000000000000000e+02
2.349399999999997490e+01 7.809709668159484863e+01 2.400000000000000000e+01 1.230000000000000000e+02
2.399299999999997013e+01 7.809709668159484863e+01 2.500000000000000000e+01 1.650000000000000000e+02
2.460799999999996857e+01 7.809709668159484863e+01 2.600000000000000000e+01 1.400000000000000000e+02
2.500999999999996248e+01 7.809709668159484863e+01 2.700000000000000000e+01 1.980000000000000000e+02
2.554899999999997107e+01 7.809709668159484863e+01 2.800000000000000000e+01 1.470000000000000000e+02
2.597299999999998121e+01 7.809709668159484863e+01 2.900000000000000000e+01 1.420000000000000000e+02
2.628799999999998249e+01 7.809709668159484863e+01 3.000000000000000000e+01 1.750000000000000000e+02
2.701799999999998647e+01 7.809709668159484863e+01 3.100000000000000000e+01 1.950000000000000000e+02
2.748799999999998533e+01 7.809709668159484863e+01 3.200000000000000000e+01 2.400000000000000000e+02
2.840199999999997971e+01 7.809709668159484863e+01 3.300000000000000000e+01 2.400000000000000000e+02
2.858599999999997721e+01 7.809709668159484863e+01 3.400000000000000000e+01 2.190000000000000000e+02
2.951699999999997459e+01 7.809709668159484863e+01 3.500000000000000000e+01 2.500000000000000000e+02
2.979699999999997573e+01 7.809709668159484863e+01 3.600000000000000000e+01 2.590000000000000000e+02
3.038499999999997669e+01 7.809709668159484863e+01 3.700000000000000000e+01 3.270000000000000000e+02
3.104599999999996740e+01 7.809709668159484863e+01 3.800000000000000000e+01 3.070000000000000000e+02
3.133899999999995956e+01 7.809709668159484863e+01 3.900000000000000000e+01 2.270000000000000000e+02
3.161099999999995802e+01 7.809709668159484863e+01 4.000000000000000000e+01 3.700000000000000000e+02
3.251499999999993662e+01 7.809709668159484863e+01 4.100000000000000000e+01 5.150000000000000000e+02
3.336599999999992150e+01 7.809709668159484863e+01 4.200000000000000000e+01 3.090000000000000000e+02
3.408699999999991093e+01 7.809709668159484863e+01 4.300000000000000000e+01 6.100000000000000000e+02
3.465499999999987324e+01 7.809709668159484863e+01 4.400000000000000000e+01 5.520000000000000000e+02
3.484199999999987085e+01 7.809709668159484863e+01 4.500000000000000000e+01 4.100000000000000000e+02
3.545699999999985152e+01 7.809709668159484863e+01 4.600000000000000000e+01 4.860000000000000000e+02
3.598299999999982646e+01 7.809709668159484863e+01 4.700000000000000000e+01 5.810000000000000000e+02
3.658199999999983731e+01 7.809709668159484863e+01 4.800000000000000000e+01 4.480000000000000000e+02
3.711599999999987176e+01 7.809709668159484863e+01 4.900000000000000000e+01 6.210000000000000000e+02
3.763899999999986079e+01 7.809709668159484863e+01 5.000000000000000000e+01 6.240000000000000000e+02
3.840099999999986835e+01 7.809709668159484863e+01 5.100000000000000000e+01 6.670000000000000000e+02
3.886499999999988120e+01 7.809709668159484863e+01 5.200000000000000000e+01 6.460000000000000000e+02
3.988799999999985602e+01 7.809709668159484863e+01 5.300000000000000000e+01 7.420000000000000000e+02
4.061399999999990484e+01 7.809709668159484863e+01 5.400000000000000000e+01 8.510000000000000000e+02
4.149399999999990030e+01 7.809709668159484863e+01 5.500000000000000000e+01 9.110000000000000000e+02
4.224599999999994537e+01 7.809709668159484863e+01 5.600000000000000000e+01 1.046000000000000000e+03
4.285599999999998033e+01 7.809709668159484863e+01 5.700000000000000000e+01 1.183000000000000000e+03
4.339599999999997237e+01 7.809709668159484863e+01 5.800000000000000000e+01 8.820000000000000000e+02
4.388500000000006196e+01 7.809709668159484863e+01 5.900000000000000000e+01 1.177000000000000000e+03
4.490200000000010050e+01 7.809709668159484863e+01 6.000000000000000000e+01 1.123000000000000000e+03
4.592100000000015569e+01 7.809709668159484863e+01 6.100000000000000000e+01 9.160000000000000000e+02
4.724300000000018684e+01 7.809709668159484863e+01 6.200000000000000000e+01 1.176000000000000000e+03
4.805000000000021743e+01 7.809709668159484863e+01 6.300000000000000000e+01 1.293000000000000000e+03
4.894500000000027740e+01 7.809709668159484863e+01 6.400000000000000000e+01 1.122000000000000000e+03
5.040800000000031389e+01 7.809709668159484863e+01 6.500000000000000000e+01 1.439000000000000000e+03
5.129700000000036653e+01 7.809709668159484863e+01 6.600000000000000000e+01 1.061000000000000000e+03
5.207700000000041740e+01 7.809709668159484863e+01 6.700000000000000000e+01 1.431000000000000000e+03
5.415800000000048442e+01 7.809709668159484863e+01 6.800000000000000000e+01 6.760000000000000000e+02
5.547200000000052000e+01 7.809709668159484863e+01 6.900000000000000000e+01 7.210000000000000000e+02
5.678100000000058145e+01 7.809709668159484863e+01 7.000000000000000000e+01 5.150000000000000000e+02
5.878600000000064796e+01 7.809709668159484863e+01 7.100000000000000000e+01 6.040000000000000000e+02
6.144400000000074158e+01 7.809709668159484863e+01 7.200000000000000000e+01 6.970000000000000000e+02
7.608700000000129648e+01 7.809709668159484863e+01 7.300000000000000000e+01 1.117000000000000000e+03
7.797700000000138232e+01 7.809709668159484863e+01 7.400000000000000000e+01 1.317000000000000000e+03
4.708000000000000185e+00 6.716879606246948242e+01 0.000000000000000000e+00 0.000000000000000000e+00
6.800000000000001599e+00 6.716879606246948242e+01 1.000000000000000000e+00 0.000000000000000000e+00
8.487000000000001876e+00 6.716879606246948242e+01 2.000000000000000000e+00 5.000000000000000000e+00
9.478999999999999204e+00 6.716879606246948242e+01 3.000000000000000000e+00 0.000000000000000000e+00
1.156300000000000061e+01 6.716879606246948242e+01 4.000000000000000000e+00 3.800000000000000000e+01
1.234600000000000186e+01 6.716879606246948242e+01 5.000000000000000000e+00 3.200000000000000000e+01
1.295599999999999952e+01 6.716879606246948242e+01 6.000000000000000000e+00 3.800000000000000000e+01
1.340399999999999814e+01 6.716879606246948242e+01 7.000000000000000000e+00 3.000000000000000000e+01
1.427299999999999791e+01 6.716879606246948242e+01 8.000000000000000000e+00 4.200000000000000000e+01
1.483799999999999919e+01 6.716879606246948242e+01 9.000000000000000000e+00 4.300000000000000000e+01
1.647400000000000020e+01 6.716879606246948242e+01 1.000000000000000000e+01 1.080000000000000000e+02
1.700700000000000145e+01 6.716879606246948242e+01 1.100000000000000000e+01 5.200000000000000000e+01
1.726900000000000190e+01 6.716879606246948242e+01 1.200000000000000000e+01 1.130000000000000000e+02
1.772200000000000486e+01 6.716879606246948242e+01 1.300000000000000000e+01 9.500000000000000000e+01
1.802300000000000324e+01 6.716879606246948242e+01 1.400000000000000000e+01 1.060000000000000000e+02
1.849699999999999989e+01 6.716879606246948242e+01 1.500000000000000000e+01 9.100000000000000000e+01
1.926000000000000867e+01 6.716879606246948242e+01 1.600000000000000000e+01 1.310000000000000000e+02
1.982900000000000418e+01 6.716879606246948242e+01 1.700000000000000000e+01 7.800000000000000000e+01
2.029400000000000404e+01 6.716879606246948242e+01 1.800000000000000000e+01 1.440000000000000000e+02
2.081900000000000261e+01 6.716879606246948242e+01 1.900000000000000000e+01 1.180000000000000000e+02
2.142899999999999849e+01 6.716879606246948242e+01 2.000000000000000000e+01 1.800000000000000000e+02
2.211799999999999145e+01 6.716879606246948242e+01 2.100000000000000000e+01 1.120000000000000000e+02
2.240399999999999281e+01 6.716879606246948242e+01 2.200000000000000000e+01 1.640000000000000000e+02
2.314099999999999469e+01 6.716879606246948242e+01 2.300000000000000000e+01 1.990000000000000000e+02
2.332099999999999440e+01 6.716879606246948242e+01 2.400000000000000000e+01 1.800000000000000000e+02
2.371299999999999386e+01 6.716879606246948242e+01 2.500000000000000000e+01 1.560000000000000000e+02
2.450099999999999412e+01 6.716879606246948242e+01 2.600000000000000000e+01 1.890000000000000000e+02
2.506099999999999284e+01 6.716879606246948242e+01 2.700000000000000000e+01 2.620000000000000000e+02
2.544599999999999440e+01 6.716879606246948242e+01 2.800000000000000000e+01 1.460000000000000000e+02
2.564300000000000068e+01 6.716879606246948242e+01 2.900000000000000000e+01 2.120000000000000000e+02
2.624400000000000688e+01 6.716879606246948242e+01 3.000000000000000000e+01 2.190000000000000000e+02
2.693100000000000804e+01 6.716879606246948242e+01 3.100000000000000000e+01 2.740000000000000000e+02
2.713100000000000733e+01 6.716879606246948242e+01 3.200000000000000000e+01 2.680000000000000000e+02
2.776200000000000756e+01 6.716879606246948242e+01 3.300000000000000000e+01 2.280000000000000000e+02
2.818700000000000117e+01 6.716879606246948242e+01 3.400000000000000000e+01 2.870000000000000000e+02
2.865299999999999869e+01 6.716879606246948242e+01 3.500000000000000000e+01 3.000000000000000000e+02
2.921499999999999986e+01 6.716879606246948242e+01 3.600000000000000000e+01 2.070000000000000000e+02
2.973900000000001143e+01 6.716879606246948242e+01 3.700000000000000000e+01 3.860000000000000000e+02
3.127700000000000102e+01 6.716879606246948242e+01 3.800000000000000000e+01 2.510000000000000000e+02
3.160399999999998855e+01 6.716879606246948242e+01 3.900000000000000000e+01 4.320000000000000000e+02
3.249999999999997868e+01 6.716879606246948242e+01 4.000000000000000000e+01 4.450000000000000000e+02
3.248299999999997567e+01 6.716879606246948242e+01 4.100000000000000000e+01 4.290000000000000000e+02
3.334499999999998465e+01 6.716879606246948242e+01 4.200000000000000000e+01 4.960000000000000000e+02
3.333199999999998653e+01 6.716879606246948242e+01 4.300000000000000000e+01 5.880000000000000000e+02
3.407899999999994378e+01 6.716879606246948242e+01 4.400000000000000000e+01 4.530000000000000000e+02
3.472499999999994458e+01 6.716879606246948242e+01 4.500000000000000000e+01 6.080000000000000000e+02
3.515399999999993241e+01 6.716879606246948242e+01 4.600000000000000000e+01 5.490000000000000000e+02
3.590299999999987790e+01 6.716879606246948242e+01 4.700000000000000000e+01 5.110000000000000000e+02
3.640599999999989222e+01 6.716879606246948242e+01 4.800000000000000000e+01 5.090000000000000000e+02
3.717499999999991189e+01 6.716879606246948242e+01 4.900000000000000000e+01 6.790000000000000000e+02
3.769499999999995055e+01 6.716879606246948242e+01 5.000000000000000000e+01 5.830000000000000000e+02
3.816399999999993042e+01 6.716879606246948242e+01 5.100000000000000000e+01 8.980000000000000000e+02
3.901200000000000045e+01 6.716879606246948242e+01 5.200000000000000000e+01 7.100000000000000000e+02
4.009099999999997976e+01 6.716879606246948242e+01 5.300000000000000000e+01 6.070000000000000000e+02
4.060700000000003485e+01 6.716879606246948242e+01 5.400000000000000000e+01 7.870000000000000000e+02
4.124500000000001876e+01 6.716879606246948242e+01 5.500000000000000000e+01 1.033000000000000000e+03
4.232400000000006202e+01 6.716879606246948242e+01 5.600000000000000000e+01 9.170000000000000000e+02
4.257200000000006668e+01 6.716879606246948242e+01 5.700000000000000000e+01 1.064000000000000000e+03
4.322000000000005571e+01 6.716879606246948242e+01 5.800000000000000000e+01 1.214000000000000000e+03
4.485200000000033782e+01 6.716879606246948242e+01 5.900000000000000000e+01 1.017000000000000000e+03
4.500500000000035072e+01 6.716879606246948242e+01 6.000000000000000000e+01 1.440000000000000000e+03
4.590700000000038017e+01 6.716879606246948242e+01 6.100000000000000000e+01 1.192000000000000000e+03
4.724600000000042854e+01 6.716879606246948242e+01 6.200000000000000000e+01 9.340000000000000000e+02
4.822700000000046572e+01 6.716879606246948242e+01 6.300000000000000000e+01 1.133000000000000000e+03
4.944300000000050943e+01 6.716879606246948242e+01 6.400000000000000000e+01 1.039000000000000000e+03
5.027600000000054337e+01 6.716879606246948242e+01 6.500000000000000000e+01 1.619000000000000000e+03
5.158800000000059072e+01 6.716879606246948242e+01 6.600000000000000000e+01 1.381000000000000000e+03
5.230900000000062278e+01 6.716879606246948242e+01 6.700000000000000000e+01 9.620000000000000000e+02
5.342700000000065330e+01 6.716879606246948242e+01 6.800000000000000000e+01 1.189000000000000000e+03
5.484500000000070941e+01 6.716879606246948242e+01 6.900000000000000000e+01 3.760000000000000000e+02
5.578800000000074988e+01 6.716879606246948242e+01 7.000000000000000000e+01 6.860000000000000000e+02
5.849800000000085731e+01 6.716879606246948242e+01 7.100000000000000000e+01 4.790000000000000000e+02
6.211600000000100863e+01 6.716879606246948242e+01 7.200000000000000000e+01 5.420000000000000000e+02
6.519500000000111584e+01 6.716879606246948242e+01 7.300000000000000000e+01 4.360000000000000000e+02
6.693800000000119610e+01 6.716879606246948242e+01 7.400000000000000000e+01 2.470000000000000000e+02
5.396999999999999353e+00 7.930389356613159180e+01 0.000000000000000000e+00 2.100000000000000000e+01
7.307999999999999829e+00 7.930389356613159180e+01 1.000000000000000000e+00 3.000000000000000000e+01
7.480999999999999872e+00 7.930389356613159180e+01 2.000000000000000000e+00 2.100000000000000000e+01
8.960999999999998522e+00 7.930389356613159180e+01 3.000000000000000000e+00 2.400000000000000000e+01
9.923000000000000043e+00 7.930389356613159180e+01 4.000000000000000000e+00 2.700000000000000000e+01
1.024000000000000021e+01 7.930389356613159180e+01 5.000000000000000000e+00 2.200000000000000000e+01
1.115399999999999814e+01 7.930389356613159180e+01 6.000000000000000000e+00 3.800000000000000000e+01
1.233799999999999741e+01 7.930389356613159180e+01 7.000000000000000000e+00 4.900000000000000000e+01
1.305999999999999872e+01 7.930389356613159180e+01 8.000000000000000000e+00 2.400000000000000000e+01
1.376299999999999812e+01 7.930389356613159180e+01 9.000000000000000000e+00 4.200000000000000000e+01
1.390399999999999814e+01 7.930389356613159180e+01 1.000000000000000000e+01 5.100000000000000000e+01
1.482799999999999763e+01 7.930389356613159180e+01 1.100000000000000000e+01 8.600000000000000000e+01
1.559999999999999787e+01 7.930389356613159180e+01 1.200000000000000000e+01 1.020000000000000000e+02
1.635099999999999554e+01 7.930389356613159180e+01 1.300000000000000000e+01 8.400000000000000000e+01
1.659599999999999298e+01 7.930389356613159180e+01 1.400000000000000000e+01 4.400000000000000000e+01
1.742399999999998883e+01 7.930389356613159180e+01 1.500000000000000000e+01 1.390000000000000000e+02
1.788299999999998846e+01 7.930389356613159180e+01 1.600000000000000000e+01 6.500000000000000000e+01
1.843799999999998818e+01 7.930389356613159180e+01 1.700000000000000000e+01 1.230000000000000000e+02
1.881199999999998695e+01 7.930389356613159180e+01 1.800000000000000000e+01 1.240000000000000000e+02
1.960499999999998266e+01 7.930389356613159180e+01 1.900000000000000000e+01 8.800000000000000000e+01
2.018299999999998562e+01 7.930389356613159180e+01 2.000000000000000000e+01 7.000000000000000000e+01
2.148499999999998877e+01 7.930389356613159180e+01 2.100000000000000000e+01 1.560000000000000000e+02
2.243399999999999039e+01 7.930389356613159180e+01 2.200000000000000000e+01 2.020000000000000000e+02
2.298499999999999233e+01 7.930389356613159180e+01 2.300000000000000000e+01 1.730000000000000000e+02
2.360399999999999565e+01 7.930389356613159180e+01 2.400000000000000000e+01 1.980000000000000000e+02
2.411799999999999855e+01 7.930389356613159180e+01 2.500000000000000000e+01 2.150000000000000000e+02
2.419400000000000261e+01 7.930389356613159180e+01 2.600000000000000000e+01 1.950000000000000000e+02
2.492200000000000415e+01 7.930389356613159180e+01 2.700000000000000000e+01 2.600000000000000000e+02
2.585000000000000497e+01 7.930389356613159180e+01 2.800000000000000000e+01 2.580000000000000000e+02
2.650600000000001444e+01 7.930389356613159180e+01 2.900000000000000000e+01 2.920000000000000000e+02
2.715600000000002368e+01 7.930389356613159180e+01 3.000000000000000000e+01 2.560000000000000000e+02
2.722600000000002396e+01 7.930389356613159180e+01 3.100000000000000000e+01 3.260000000000000000e+02
2.768600000000002836e+01 7.930389356613159180e+01 3.200000000000000000e+01 2.540000000000000000e+02
2.850400000000002620e+01 7.930389356613159180e+01 3.300000000000000000e+01 2.990000000000000000e+02
2.880700000000001992e+01 7.930389356613159180e+01 3.400000000000000000e+01 3.630000000000000000e+02
2.931800000000001560e+01 7.930389356613159180e+01 3.500000000000000000e+01 3.390000000000000000e+02
2.966700000000001580e+01 7.930389356613159180e+01 3.600000000000000000e+01 2.830000000000000000e+02
3.025000000000002132e+01 7.930389356613159180e+01 3.700000000000000000e+01 3.240000000000000000e+02
3.106100000000001415e+01 7.930389356613159180e+01 3.800000000000000000e+01 3.220000000000000000e+02
3.137500000000000355e+01 7.930389356613159180e+01 3.900000000000000000e+01 3.550000000000000000e+02
3.218299999999999983e+01 7.930389356613159180e+01 4.000000000000000000e+01 3.430000000000000000e+02
3.250999999999999091e+01 7.930389356613159180e+01 4.100000000000000000e+01 4.700000000000000000e+02
3.351599999999997692e+01 7.930389356613159180e+01 4.200000000000000000e+01 4.660000000000000000e+02
3.390699999999997516e+01 7.930389356613159180e+01 4.300000000000000000e+01 4.590000000000000000e+02
3.413399999999997192e+01 7.930389356613159180e+01 4.400000000000000000e+01 4.450000000000000000e+02
3.478399999999996339e+01 7.930389356613159180e+01 4.500000000000000000e+01 4.730000000000000000e+02
3.545599999999994623e+01 7.930389356613159180e+01 4.600000000000000000e+01 4.140000000000000000e+02
3.559699999999994446e+01 7.930389356613159180e+01 4.700000000000000000e+01 6.460000000000000000e+02
3.626499999999995794e+01 7.930389356613159180e+01 4.800000000000000000e+01 6.650000000000000000e+02
3.734199999999998454e+01 7.930389356613159180e+01 4.900000000000000000e+01 6.170000000000000000e+02
3.767200000000001836e+01 7.930389356613159180e+01 5.000000000000000000e+01 6.830000000000000000e+02
3.863700000000000045e+01 7.930389356613159180e+01 5.100000000000000000e+01 8.410000000000000000e+02
4.001400000000010948e+01 7.930389356613159180e+01 5.200000000000000000e+01 8.150000000000000000e+02
4.063800000000007628e+01 7.930389356613159180e+01 5.300000000000000000e+01 9.430000000000000000e+02
4.227000000000019497e+01 7.930389356613159180e+01 5.400000000000000000e+01 1.123000000000000000e+03
4.289600000000017133e+01 7.930389356613159180e+01 5.500000000000000000e+01 9.720000000000000000e+02
4.461800000000029343e+01 7.930389356613159180e+01 5.600000000000000000e+01 1.451000000000000000e+03
4.538400000000032009e+01 7.930389356613159180e+01 5.700000000000000000e+01 1.249000000000000000e+03
4.538600000000032253e+01 7.930389356613159180e+01 5.800000000000000000e+01 1.479000000000000000e+03
4.645600000000046492e+01 7.930389356613159180e+01 5.900000000000000000e+01 1.405000000000000000e+03
4.727500000000051017e+01 7.930389356613159180e+01 6.000000000000000000e+01 1.420000000000000000e+03
4.841100000000056980e+01 7.930389356613159180e+01 6.100000000000000000e+01 1.293000000000000000e+03
4.953700000000061010e+01 7.930389356613159180e+01 6.200000000000000000e+01 1.548000000000000000e+03
4.989700000000062374e+01 7.930389356613159180e+01 6.300000000000000000e+01 1.395000000000000000e+03
5.040700000000065728e+01 7.930389356613159180e+01 6.400000000000000000e+01 1.558000000000000000e+03
5.201300000000070156e+01 7.930389356613159180e+01 6.500000000000000000e+01 1.543000000000000000e+03
5.240700000000071412e+01 7.930389356613159180e+01 6.600000000000000000e+01 1.377000000000000000e+03
5.306500000000075801e+01 7.930389356613159180e+01 6.700000000000000000e+01 9.710000000000000000e+02
5.530800000000083116e+01 7.930389356613159180e+01 6.800000000000000000e+01 3.920000000000000000e+02
5.663200000000087897e+01 7.930389356613159180e+01 6.900000000000000000e+01 7.130000000000000000e+02
5.772900000000092291e+01 7.930389356613159180e+01 7.000000000000000000e+01 7.130000000000000000e+02
5.898400000000096810e+01 7.930389356613159180e+01 7.100000000000000000e+01 4.690000000000000000e+02
6.379900000000115057e+01 7.930389356613159180e+01 7.200000000000000000e+01 5.580000000000000000e+02
7.713500000000166779e+01 7.930389356613159180e+01 7.300000000000000000e+01 1.142000000000000000e+03
7.928000000000173486e+01 7.930389356613159180e+01 7.400000000000000000e+01 1.405000000000000000e+03
5.066999999999999282e+00 7.211576628684997559e+01 0.000000000000000000e+00 0.000000000000000000e+00
7.851000000000000867e+00 7.211576628684997559e+01 1.000000000000000000e+00 7.000000000000000000e+00
8.025000000000000355e+00 7.211576628684997559e+01 2.000000000000000000e+00 1.500000000000000000e+01
8.852999999999999758e+00 7.211576628684997559e+01 3.000000000000000000e+00 3.500000000000000000e+01
9.982999999999996987e+00 7.211576628684997559e+01 4.000000000000000000e+00 1.600000000000000000e+01
1.092699999999999960e+01 7.211576628684997559e+01 5.000000000000000000e+00 2.600000000000000000e+01
1.185499999999999865e+01 7.211576628684997559e+01 6.000000000000000000e+00 2.400000000000000000e+01
1.215399999999999814e+01 7.211576628684997559e+01 7.000000000000000000e+00 5.700000000000000000e+01
1.287299999999999933e+01 7.211576628684997559e+01 8.000000000000000000e+00 3.400000000000000000e+01
1.388199999999999967e+01 7.211576628684997559e+01 9.000000000000000000e+00 4.200000000000000000e+01
1.470699999999999719e+01 7.211576628684997559e+01 1.000000000000000000e+01 2.700000000000000000e+01
1.524099999999999611e+01 7.211576628684997559e+01 1.100000000000000000e+01 4.000000000000000000e+01
1.576199999999999690e+01 7.211576628684997559e+01 1.200000000000000000e+01 5.200000000000000000e+01
1.651699999999999946e+01 7.211576628684997559e+01 1.300000000000000000e+01 8.600000000000000000e+01
1.676399999999999935e+01 7.211576628684997559e+01 1.400000000000000000e+01 8.400000000000000000e+01
1.760500000000000043e+01 7.211576628684997559e+01 1.500000000000000000e+01 6.900000000000000000e+01
1.820299999999999940e+01 7.211576628684997559e+01 1.600000000000000000e+01 8.500000000000000000e+01
1.884699999999999775e+01 7.211576628684997559e+01 1.700000000000000000e+01 5.800000000000000000e+01
1.892999999999999972e+01 7.211576628684997559e+01 1.800000000000000000e+01 8.500000000000000000e+01
1.976599999999999824e+01 7.211576628684997559e+01 1.900000000000000000e+01 1.290000000000000000e+02
2.023300000000000409e+01 7.211576628684997559e+01 2.000000000000000000e+01 1.020000000000000000e+02
2.056200000000000117e+01 7.211576628684997559e+01 2.100000000000000000e+01 1.180000000000000000e+02
2.094200000000000017e+01 7.211576628684997559e+01 2.200000000000000000e+01 1.270000000000000000e+02
2.168500000000000227e+01 7.211576628684997559e+01 2.300000000000000000e+01 1.650000000000000000e+02
2.230799999999999983e+01 7.211576628684997559e+01 2.400000000000000000e+01 1.640000000000000000e+02
2.325199999999999889e+01 7.211576628684997559e+01 2.500000000000000000e+01 1.570000000000000000e+02
2.333599999999999497e+01 7.211576628684997559e+01 2.600000000000000000e+01 1.620000000000000000e+02
2.423499999999999588e+01 7.211576628684997559e+01 2.700000000000000000e+01 1.850000000000000000e+02
2.486999999999999034e+01 7.211576628684997559e+01 2.800000000000000000e+01 1.450000000000000000e+02
2.553399999999999892e+01 7.211576628684997559e+01 2.900000000000000000e+01 2.380000000000000000e+02
2.567899999999999849e+01 7.211576628684997559e+01 3.000000000000000000e+01 1.880000000000000000e+02
2.669900000000001228e+01 7.211576628684997559e+01 3.100000000000000000e+01 2.770000000000000000e+02
2.678800000000001091e+01 7.211576628684997559e+01 3.200000000000000000e+01 2.000000000000000000e+02
2.793499999999999872e+01 7.211576628684997559e+01 3.300000000000000000e+01 2.580000000000000000e+02
2.842299999999999116e+01 7.211576628684997559e+01 3.400000000000000000e+01 2.750000000000000000e+02
2.888099999999998602e+01 7.211576628684997559e+01 3.500000000000000000e+01 3.420000000000000000e+02
2.933699999999998553e+01 7.211576628684997559e+01 3.600000000000000000e+01 2.790000000000000000e+02
2.997599999999999199e+01 7.211576628684997559e+01 3.700000000000000000e+01 3.990000000000000000e+02
3.063799999999998391e+01 7.211576628684997559e+01 3.800000000000000000e+01 3.680000000000000000e+02
3.064399999999998059e+01 7.211576628684997559e+01 3.900000000000000000e+01 2.900000000000000000e+02
3.125999999999998025e+01 7.211576628684997559e+01 4.000000000000000000e+01 3.320000000000000000e+02
3.182299999999998619e+01 7.211576628684997559e+01 4.100000000000000000e+01 3.740000000000000000e+02
3.243499999999999517e+01 7.211576628684997559e+01 4.200000000000000000e+01 3.570000000000000000e+02
3.314899999999997959e+01 7.211576628684997559e+01 4.300000000000000000e+01 4.680000000000000000e+02
3.402399999999992275e+01 7.211576628684997559e+01 4.400000000000000000e+01 4.280000000000000000e+02
3.411299999999992139e+01 7.211576628684997559e+01 4.500000000000000000e+01 3.850000000000000000e+02
3.476099999999988910e+01 7.211576628684997559e+01 4.600000000000000000e+01 4.260000000000000000e+02
3.533999999999986841e+01 7.211576628684997559e+01 4.700000000000000000e+01 4.890000000000000000e+02
3.576199999999987256e+01 7.211576628684997559e+01 4.800000000000000000e+01 4.560000000000000000e+02
3.633799999999988017e+01 7.211576628684997559e+01 4.900000000000000000e+01 5.720000000000000000e+02
3.687499999999993605e+01 7.211576628684997559e+01 5.000000000000000000e+01 5.650000000000000000e+02
3.773999999999993804e+01 7.211576628684997559e+01 5.100000000000000000e+01 7.380000000000000000e+02
3.881899999999997419e+01 7.211576628684997559e+01 5.200000000000000000e+01 7.750000000000000000e+02
3.924000000000003752e+01 7.211576628684997559e+01 5.300000000000000000e+01 6.510000000000000000e+02
4.010500000000005372e+01 7.211576628684997559e+01 5.400000000000000000e+01 8.830000000000000000e+02
4.099900000000008760e+01 7.211576628684997559e+01 5.500000000000000000e+01 7.180000000000000000e+02
4.197600000000012699e+01 7.211576628684997559e+01 5.600000000000000000e+01 8.810000000000000000e+02
4.297600000000019094e+01 7.211576628684997559e+01 5.700000000000000000e+01 9.710000000000000000e+02
4.279700000000019600e+01 7.211576628684997559e+01 5.800000000000000000e+01 1.100000000000000000e+03
4.416300000000038750e+01 7.211576628684997559e+01 5.900000000000000000e+01 9.560000000000000000e+02
4.500800000000042189e+01 7.211576628684997559e+01 6.000000000000000000e+01 1.613000000000000000e+03
4.575000000000045475e+01 7.211576628684997559e+01 6.100000000000000000e+01 8.530000000000000000e+02
4.648800000000048982e+01 7.211576628684997559e+01 6.200000000000000000e+01 1.143000000000000000e+03
4.743600000000053285e+01 7.211576628684997559e+01 6.300000000000000000e+01 9.930000000000000000e+02
4.801600000000055246e+01 7.211576628684997559e+01 6.400000000000000000e+01 1.581000000000000000e+03
4.928700000000058878e+01 7.211576628684997559e+01 6.500000000000000000e+01 1.308000000000000000e+03
5.453600000000079007e+01 7.211576628684997559e+01 6.600000000000000000e+01 1.866000000000000000e+03
5.600000000000087397e+01 7.211576628684997559e+01 6.700000000000000000e+01 1.195000000000000000e+03
5.654000000000088733e+01 7.211576628684997559e+01 6.800000000000000000e+01 1.254000000000000000e+03
5.754500000000093252e+01 7.211576628684997559e+01 6.900000000000000000e+01 7.310000000000000000e+02
5.928500000000099135e+01 7.211576628684997559e+01 7.000000000000000000e+01 5.480000000000000000e+02
6.285400000000111476e+01 7.211576628684997559e+01 7.100000000000000000e+01 1.030000000000000000e+03
6.708400000000126795e+01 7.211576628684997559e+01 7.200000000000000000e+01 8.010000000000000000e+02
6.998500000000139210e+01 7.211576628684997559e+01 7.300000000000000000e+01 1.277000000000000000e+03
7.209400000000147202e+01 7.211576628684997559e+01 7.400000000000000000e+01 2.980000000000000000e+02
5.257999999999999119e+00 7.002001500129699707e+01 0.000000000000000000e+00 0.000000000000000000e+00
7.338999999999998636e+00 7.002001500129699707e+01 1.000000000000000000e+00 7.000000000000000000e+00
8.359999999999997655e+00 7.002001500129699707e+01 2.000000000000000000e+00 2.500000000000000000e+01
9.516999999999995907e+00 7.002001500129699707e+01 3.000000000000000000e+00 1.600000000000000000e+01
1.064499999999999602e+01 7.002001500129699707e+01 4.000000000000000000e+00 2.900000000000000000e+01
1.047499999999999609e+01 7.002001500129699707e+01 5.000000000000000000e+00 2.400000000000000000e+01
1.186999999999999389e+01 7.002001500129699707e+01 6.000000000000000000e+00 3.100000000000000000e+01
1.276299999999999280e+01 7.002001500129699707e+01 7.000000000000000000e+00 3.300000000000000000e+01
1.348999999999999311e+01 7.002001500129699707e+01 8.000000000000000000e+00 3.600000000000000000e+01
1.433799999999999386e+01 7.002001500129699707e+01 9.000000000000000000e+00 3.400000000000000000e+01
1.502799999999999514e+01 7.002001500129699707e+01 1.000000000000000000e+01 7.900000000000000000e+01
1.538399999999999679e+01 7.002001500129699707e+01 1.100000000000000000e+01 5.200000000000000000e+01
1.606399999999999650e+01 7.002001500129699707e+01 1.200000000000000000e+01 8.400000000000000000e+01
1.684499999999999886e+01 7.002001500129699707e+01 1.300000000000000000e+01 6.600000000000000000e+01
1.721399999999999864e+01 7.002001500129699707e+01 1.400000000000000000e+01 8.600000000000000000e+01
1.780699999999999505e+01 7.002001500129699707e+01 1.500000000000000000e+01 1.050000000000000000e+02
1.838499999999999091e+01 7.002001500129699707e+01 1.600000000000000000e+01 5.300000000000000000e+01
1.939499999999998181e+01 7.002001500129699707e+01 1.700000000000000000e+01 9.800000000000000000e+01
1.994099999999998829e+01 7.002001500129699707e+01 1.800000000000000000e+01 9.200000000000000000e+01
2.046999999999999176e+01 7.002001500129699707e+01 1.900000000000000000e+01 8.700000000000000000e+01
2.057399999999999096e+01 7.002001500129699707e+01 2.000000000000000000e+01 1.130000000000000000e+02
2.136299999999998533e+01 7.002001500129699707e+01 2.100000000000000000e+01 1.290000000000000000e+02
2.183999999999998565e+01 7.002001500129699707e+01 2.200000000000000000e+01 1.280000000000000000e+02
2.220999999999998664e+01 7.002001500129699707e+01 2.300000000000000000e+01 1.230000000000000000e+02
2.310099999999998133e+01 7.002001500129699707e+01 2.400000000000000000e+01 1.700000000000000000e+02
2.328599999999997650e+01 7.002001500129699707e+01 2.500000000000000000e+01 1.380000000000000000e+02
2.396499999999996788e+01 7.002001500129699707e+01 2.600000000000000000e+01 1.860000000000000000e+02
2.516099999999995873e+01 7.002001500129699707e+01 2.700000000000000000e+01 1.480000000000000000e+02
2.624499999999996547e+01 7.002001500129699707e+01 2.800000000000000000e+01 1.980000000000000000e+02
2.634699999999996933e+01 7.002001500129699707e+01 2.900000000000000000e+01 2.030000000000000000e+02
2.718799999999997397e+01 7.002001500129699707e+01 3.000000000000000000e+01 2.020000000000000000e+02
2.732599999999997564e+01 7.002001500129699707e+01 3.100000000000000000e+01 2.560000000000000000e+02
2.837799999999997880e+01 7.002001500129699707e+01 3.200000000000000000e+01 2.120000000000000000e+02
2.904099999999997550e+01 7.002001500129699707e+01 3.300000000000000000e+01 3.290000000000000000e+02
2.949799999999997269e+01 7.002001500129699707e+01 3.400000000000000000e+01 2.870000000000000000e+02
2.984899999999997178e+01 7.002001500129699707e+01 3.500000000000000000e+01 2.260000000000000000e+02
3.043399999999997618e+01 7.002001500129699707e+01 3.600000000000000000e+01 2.320000000000000000e+02
3.077399999999997959e+01 7.002001500129699707e+01 3.700000000000000000e+01 3.300000000000000000e+02
3.141199999999997061e+01 7.002001500129699707e+01 3.800000000000000000e+01 2.170000000000000000e+02
3.276799999999996515e+01 7.002001500129699707e+01 3.900000000000000000e+01 2.490000000000000000e+02
3.330399999999993810e+01 7.002001500129699707e+01 4.000000000000000000e+01 2.420000000000000000e+02
3.391199999999992087e+01 7.002001500129699707e+01 4.100000000000000000e+01 3.660000000000000000e+02
3.448599999999992605e+01 7.002001500129699707e+01 4.200000000000000000e+01 3.200000000000000000e+02
3.475399999999993383e+01 7.002001500129699707e+01 4.300000000000000000e+01 4.740000000000000000e+02
3.543899999999988637e+01 7.002001500129699707e+01 4.400000000000000000e+01 3.440000000000000000e+02
3.602899999999988978e+01 7.002001500129699707e+01 4.500000000000000000e+01 4.120000000000000000e+02
3.646499999999988972e+01 7.002001500129699707e+01 4.600000000000000000e+01 6.040000000000000000e+02
3.738299999999980372e+01 7.002001500129699707e+01 4.700000000000000000e+01 2.420000000000000000e+02
3.848599999999982657e+01 7.002001500129699707e+01 4.800000000000000000e+01 6.900000000000000000e+02
3.932299999999986539e+01 7.002001500129699707e+01 4.900000000000000000e+01 6.230000000000000000e+02
3.982699999999989160e+01 7.002001500129699707e+01 5.000000000000000000e+01 5.720000000000000000e+02
4.014799999999988955e+01 7.002001500129699707e+01 5.100000000000000000e+01 7.840000000000000000e+02
4.076299999999992707e+01 7.002001500129699707e+01 5.200000000000000000e+01 5.160000000000000000e+02
4.157399999999989149e+01 7.002001500129699707e+01 5.300000000000000000e+01 9.090000000000000000e+02
4.180899999999991223e+01 7.002001500129699707e+01 5.400000000000000000e+01 1.197000000000000000e+03
4.292899999999993099e+01 7.002001500129699707e+01 5.500000000000000000e+01 8.030000000000000000e+02
4.409399999999999409e+01 7.002001500129699707e+01 5.600000000000000000e+01 8.970000000000000000e+02
4.487800000000002854e+01 7.002001500129699707e+01 5.700000000000000000e+01 1.190000000000000000e+03
4.512600000000002609e+01 7.002001500129699707e+01 5.800000000000000000e+01 1.139000000000000000e+03
4.613800000000021129e+01 7.002001500129699707e+01 5.900000000000000000e+01 1.276000000000000000e+03
4.669800000000023488e+01 7.002001500129699707e+01 6.000000000000000000e+01 1.609000000000000000e+03
4.756300000000027950e+01 7.002001500129699707e+01 6.100000000000000000e+01 1.098000000000000000e+03
4.861700000000031707e+01 7.002001500129699707e+01 6.200000000000000000e+01 1.133000000000000000e+03
4.952800000000035396e+01 7.002001500129699707e+01 6.300000000000000000e+01 9.170000000000000000e+02
5.320500000000048857e+01 7.002001500129699707e+01 6.400000000000000000e+01 1.810000000000000000e+03
5.453600000000054848e+01 7.002001500129699707e+01 6.500000000000000000e+01 1.675000000000000000e+03
5.455400000000055627e+01 7.002001500129699707e+01 6.600000000000000000e+01 1.391000000000000000e+03
5.588300000000061374e+01 7.002001500129699707e+01 6.700000000000000000e+01 1.152000000000000000e+03
5.691300000000065751e+01 7.002001500129699707e+01 6.800000000000000000e+01 4.910000000000000000e+02
5.795400000000068985e+01 7.002001500129699707e+01 6.900000000000000000e+01 1.012000000000000000e+03
5.922800000000074760e+01 7.002001500129699707e+01 7.000000000000000000e+01 1.440000000000000000e+02
6.124900000000081945e+01 7.002001500129699707e+01 7.100000000000000000e+01 8.320000000000000000e+02
6.577700000000098157e+01 7.002001500129699707e+01 7.200000000000000000e+01 9.570000000000000000e+02
6.817100000000107229e+01 7.002001500129699707e+01 7.300000000000000000e+01 2.610000000000000000e+02
6.984200000000114983e+01 7.002001500129699707e+01 7.400000000000000000e+01 4.970000000000000000e+02
4.041999999999998927e+00 7.085847806930541992e+01 0.000000000000000000e+00 0.000000000000000000e+00
6.994999999999999218e+00 7.085847806930541992e+01 1.000000000000000000e+00 1.400000000000000000e+01
7.677999999999998160e+00 7.085847806930541992e+01 2.000000000000000000e+00 1.500000000000000000e+01
8.500999999999997669e+00 7.085847806930541992e+01 3.000000000000000000e+00 2.000000000000000000e+00
9.787999999999996703e+00 7.085847806930541992e+01 4.000000000000000000e+00 1.100000000000000000e+01
1.103999999999999737e+01 7.085847806930541992e+01 5.000000000000000000e+00 3.900000000000000000e+01
1.149999999999999645e+01 7.085847806930541992e+01 6.000000000000000000e+00 3.800000000000000000e+01
1.209399999999999231e+01 7.085847806930541992e+01 7.000000000000000000e+00 4.300000000000000000e+01
1.282899999999999174e+01 7.085847806930541992e+01 8.000000000000000000e+00 7.100000000000000000e+01
1.381799999999999073e+01 7.085847806930541992e+01 9.000000000000000000e+00 4.100000000000000000e+01
1.436899999999998911e+01 7.085847806930541992e+01 1.000000000000000000e+01 5.800000000000000000e+01
1.490499999999998693e+01 7.085847806930541992e+01 1.100000000000000000e+01 5.100000000000000000e+01
1.512199999999998923e+01 7.085847806930541992e+01 1.200000000000000000e+01 6.500000000000000000e+01
1.578899999999998727e+01 7.085847806930541992e+01 1.300000000000000000e+01 8.400000000000000000e+01
1.714799999999998192e+01 7.085847806930541992e+01 1.400000000000000000e+01 6.000000000000000000e+01
1.786199999999998056e+01 7.085847806930541992e+01 1.500000000000000000e+01 1.110000000000000000e+02
1.793199999999998084e+01 7.085847806930541992e+01 1.600000000000000000e+01 8.600000000000000000e+01
1.876599999999997692e+01 7.085847806930541992e+01 1.700000000000000000e+01 1.420000000000000000e+02
1.914799999999997837e+01 7.085847806930541992e+01 1.800000000000000000e+01 8.500000000000000000e+01
1.972899999999997789e+01 7.085847806930541992e+01 1.900000000000000000e+01 1.230000000000000000e+02
2.033699999999997843e+01 7.085847806930541992e+01 2.000000000000000000e+01 1.430000000000000000e+02
2.082699999999998042e+01 7.085847806930541992e+01 2.100000000000000000e+01 1.490000000000000000e+02
2.119599999999998019e+01 7.085847806930541992e+01 2.200000000000000000e+01 1.210000000000000000e+02
2.158199999999998298e+01 7.085847806930541992e+01 2.300000000000000000e+01 1.970000000000000000e+02
2.238199999999998369e+01 7.085847806930541992e+01 2.400000000000000000e+01 1.450000000000000000e+02
2.264199999999998170e+01 7.085847806930541992e+01 2.500000000000000000e+01 1.890000000000000000e+02
2.322199999999997999e+01 7.085847806930541992e+01 2.600000000000000000e+01 2.680000000000000000e+02
2.344499999999997542e+01 7.085847806930541992e+01 2.700000000000000000e+01 1.950000000000000000e+02
2.411699999999997956e+01 7.085847806930541992e+01 2.800000000000000000e+01 2.280000000000000000e+02
2.416999999999998039e+01 7.085847806930541992e+01 2.900000000000000000e+01 2.640000000000000000e+02
2.500499999999998479e+01 7.085847806930541992e+01 3.000000000000000000e+01 2.420000000000000000e+02
2.519099999999998474e+01 7.085847806930541992e+01 3.100000000000000000e+01 2.160000000000000000e+02
2.604499999999998749e+01 7.085847806930541992e+01 3.200000000000000000e+01 2.890000000000000000e+02
2.667499999999998295e+01 7.085847806930541992e+01 3.300000000000000000e+01 3.100000000000000000e+02
2.689699999999998070e+01 7.085847806930541992e+01 3.400000000000000000e+01 2.340000000000000000e+02
2.796199999999997132e+01 7.085847806930541992e+01 3.500000000000000000e+01 2.870000000000000000e+02
2.794999999999997087e+01 7.085847806930541992e+01 3.600000000000000000e+01 2.720000000000000000e+02
2.860499999999997911e+01 7.085847806930541992e+01 3.700000000000000000e+01 3.060000000000000000e+02
2.932499999999997442e+01 7.085847806930541992e+01 3.800000000000000000e+01 3.780000000000000000e+02
2.990599999999995973e+01 7.085847806930541992e+01 3.900000000000000000e+01 3.050000000000000000e+02
3.027799999999995251e+01 7.085847806930541992e+01 4.000000000000000000e+01 3.040000000000000000e+02
3.101399999999996027e+01 7.085847806930541992e+01 4.100000000000000000e+01 4.080000000000000000e+02
3.195299999999997809e+01 7.085847806930541992e+01 4.200000000000000000e+01 4.510000000000000000e+02
3.205999999999997385e+01 7.085847806930541992e+01 4.300000000000000000e+01 5.860000000000000000e+02
3.240299999999995606e+01 7.085847806930541992e+01 4.400000000000000000e+01 5.180000000000000000e+02
3.311799999999995237e+01 7.085847806930541992e+01 4.500000000000000000e+01 5.090000000000000000e+02
3.359499999999994913e+01 7.085847806930541992e+01 4.600000000000000000e+01 6.550000000000000000e+02
3.449299999999988131e+01 7.085847806930541992e+01 4.700000000000000000e+01 5.590000000000000000e+02
3.508599999999988484e+01 7.085847806930541992e+01 4.800000000000000000e+01 6.940000000000000000e+02
3.584099999999990160e+01 7.085847806930541992e+01 4.900000000000000000e+01 5.790000000000000000e+02
3.694899999999996254e+01 7.085847806930541992e+01 5.000000000000000000e+01 7.940000000000000000e+02
3.752699999999995129e+01 7.085847806930541992e+01 5.100000000000000000e+01 6.910000000000000000e+02
3.777399999999997959e+01 7.085847806930541992e+01 5.200000000000000000e+01 8.960000000000000000e+02
3.854299999999993531e+01 7.085847806930541992e+01 5.300000000000000000e+01 9.040000000000000000e+02
3.909499999999999886e+01 7.085847806930541992e+01 5.400000000000000000e+01 8.200000000000000000e+02
3.998599999999996868e+01 7.085847806930541992e+01 5.500000000000000000e+01 7.950000000000000000e+02
4.079700000000000415e+01 7.085847806930541992e+01 5.600000000000000000e+01 1.162000000000000000e+03
4.137800000000002143e+01 7.085847806930541992e+01 5.700000000000000000e+01 9.420000000000000000e+02
4.203600000000002268e+01 7.085847806930541992e+01 5.800000000000000000e+01 1.029000000000000000e+03
4.255000000000010374e+01 7.085847806930541992e+01 5.900000000000000000e+01 9.440000000000000000e+02
4.380000000000014637e+01 7.085847806930541992e+01 6.000000000000000000e+01 9.870000000000000000e+02
4.447200000000017894e+01 7.085847806930541992e+01 6.100000000000000000e+01 8.750000000000000000e+02
4.541800000000021953e+01 7.085847806930541992e+01 6.200000000000000000e+01 9.060000000000000000e+02
4.625900000000025614e+01 7.085847806930541992e+01 6.300000000000000000e+01 1.558000000000000000e+03
4.694100000000027251e+01 7.085847806930541992e+01 6.400000000000000000e+01 1.409000000000000000e+03
4.783800000000030650e+01 7.085847806930541992e+01 6.500000000000000000e+01 6.980000000000000000e+02
4.931400000000035533e+01 7.085847806930541992e+01 6.600000000000000000e+01 1.163000000000000000e+03
4.971800000000037301e+01 7.085847806930541992e+01 6.700000000000000000e+01 1.021000000000000000e+03
5.113200000000043133e+01 7.085847806930541992e+01 6.800000000000000000e+01 2.400000000000000000e+02
5.280800000000049721e+01 7.085847806930541992e+01 6.900000000000000000e+01 6.500000000000000000e+02
5.372600000000053200e+01 7.085847806930541992e+01 7.000000000000000000e+01 6.420000000000000000e+02
5.564000000000060453e+01 7.085847806930541992e+01 7.100000000000000000e+01 4.460000000000000000e+02
5.935100000000074516e+01 7.085847806930541992e+01 7.200000000000000000e+01 5.500000000000000000e+02
6.876600000000111379e+01 7.085847806930541992e+01 7.300000000000000000e+01 8.060000000000000000e+02
7.072700000000119758e+01 7.085847806930541992e+01 7.400000000000000000e+01 9.290000000000000000e+02
4.549999999999999822e+00 6.576894187927246094e+01 0.000000000000000000e+00 0.000000000000000000e+00
6.825999999999999623e+00 6.576894187927246094e+01 1.000000000000000000e+00 0.000000000000000000e+00
8.696999999999999176e+00 6.576894187927246094e+01 2.000000000000000000e+00 9.000000000000000000e+00
1.018599999999999639e+01 6.576894187927246094e+01 3.000000000000000000e+00 2.700000000000000000e+01
1.115099999999999625e+01 6.576894187927246094e+01 4.000000000000000000e+00 3.000000000000000000e+01
1.224899999999999878e+01 6.576894187927246094e+01 5.000000000000000000e+00 2.400000000000000000e+01
1.301499999999999702e+01 6.576894187927246094e+01 6.000000000000000000e+00 2.900000000000000000e+01
1.420699999999999363e+01 6.576894187927246094e+01 7.000000000000000000e+00 4.800000000000000000e+01
1.479199999999999449e+01 6.576894187927246094e+01 8.000000000000000000e+00 4.900000000000000000e+01
1.564599999999999369e+01 6.576894187927246094e+01 9.000000000000000000e+00 3.300000000000000000e+01
1.619899999999999451e+01 6.576894187927246094e+01 1.000000000000000000e+01 5.900000000000000000e+01
1.646999999999999531e+01 6.576894187927246094e+01 1.100000000000000000e+01 5.700000000000000000e+01
1.751199999999999690e+01 6.576894187927246094e+01 1.200000000000000000e+01 8.900000000000000000e+01
1.814700000000000202e+01 6.576894187927246094e+01 1.300000000000000000e+01 6.100000000000000000e+01
1.888400000000000389e+01 6.576894187927246094e+01 1.400000000000000000e+01 7.700000000000000000e+01
1.971499999999999631e+01 6.576894187927246094e+01 1.500000000000000000e+01 7.700000000000000000e+01
2.075299999999998946e+01 6.576894187927246094e+01 1.600000000000000000e+01 9.700000000000000000e+01
2.086699999999999022e+01 6.576894187927246094e+01 1.700000000000000000e+01 1.570000000000000000e+02
2.172699999999998965e+01 6.576894187927246094e+01 1.800000000000000000e+01 1.060000000000000000e+02
2.181299999999998818e+01 6.576894187927246094e+01 1.900000000000000000e+01 1.350000000000000000e+02
2.234399999999999409e+01 6.576894187927246094e+01 2.000000000000000000e+01 1.760000000000000000e+02
2.302699999999999747e+01 6.576894187927246094e+01 2.100000000000000000e+01 2.070000000000000000e+02
2.319899999999999807e+01 6.576894187927246094e+01 2.200000000000000000e+01 1.590000000000000000e+02
2.386499999999999844e+01 6.576894187927246094e+01 2.300000000000000000e+01 1.840000000000000000e+02
2.413100000000000023e+01 6.576894187927246094e+01 2.400000000000000000e+01 1.470000000000000000e+02
2.456200000000000117e+01 6.576894187927246094e+01 2.500000000000000000e+01 1.880000000000000000e+02
2.522800000000000509e+01 6.576894187927246094e+01 2.600000000000000000e+01 1.910000000000000000e+02
2.578500000000000369e+01 6.576894187927246094e+01 2.700000000000000000e+01 1.870000000000000000e+02
2.664000000000001123e+01 6.576894187927246094e+01 2.800000000000000000e+01 1.770000000000000000e+02
2.715400000000001768e+01 6.576894187927246094e+01 2.900000000000000000e+01 3.150000000000000000e+02
2.780000000000002913e+01 6.576894187927246094e+01 3.000000000000000000e+01 2.390000000000000000e+02
2.778300000000002967e+01 6.576894187927246094e+01 3.100000000000000000e+01 2.900000000000000000e+02
2.859900000000002862e+01 6.576894187927246094e+01 3.200000000000000000e+01 2.920000000000000000e+02
2.891600000000002524e+01 6.576894187927246094e+01 3.300000000000000000e+01 3.210000000000000000e+02
2.976300000000002299e+01 6.576894187927246094e+01 3.400000000000000000e+01 3.260000000000000000e+02
2.961400000000001853e+01 6.576894187927246094e+01 3.500000000000000000e+01 2.630000000000000000e+02
3.106000000000002714e+01 6.576894187927246094e+01 3.600000000000000000e+01 3.330000000000000000e+02
3.148600000000002552e+01 6.576894187927246094e+01 3.700000000000000000e+01 3.340000000000000000e+02
3.225000000000002132e+01 6.576894187927246094e+01 3.800000000000000000e+01 4.150000000000000000e+02
3.278100000000002723e+01 6.576894187927246094e+01 3.900000000000000000e+01 4.100000000000000000e+02
3.309800000000002740e+01 6.576894187927246094e+01 4.000000000000000000e+01 4.360000000000000000e+02
3.386999999999999034e+01 6.576894187927246094e+01 4.100000000000000000e+01 5.310000000000000000e+02
3.378799999999998960e+01 6.576894187927246094e+01 4.200000000000000000e+01 2.740000000000000000e+02
3.443199999999998084e+01 6.576894187927246094e+01 4.300000000000000000e+01 5.250000000000000000e+02
3.500199999999994560e+01 6.576894187927246094e+01 4.400000000000000000e+01 5.440000000000000000e+02
3.574699999999996436e+01 6.576894187927246094e+01 4.500000000000000000e+01 5.800000000000000000e+02
3.630399999999995231e+01 6.576894187927246094e+01 4.600000000000000000e+01 6.700000000000000000e+02
3.704399999999988324e+01 6.576894187927246094e+01 4.700000000000000000e+01 6.180000000000000000e+02
3.697899999999987841e+01 6.576894187927246094e+01 4.800000000000000000e+01 5.250000000000000000e+02
3.782299999999992934e+01 6.576894187927246094e+01 4.900000000000000000e+01 6.600000000000000000e+02
3.872399999999998244e+01 6.576894187927246094e+01 5.000000000000000000e+01 6.970000000000000000e+02
3.873699999999998056e+01 6.576894187927246094e+01 5.100000000000000000e+01 6.320000000000000000e+02
3.967800000000004701e+01 6.576894187927246094e+01 5.200000000000000000e+01 7.140000000000000000e+02
4.028500000000002501e+01 6.576894187927246094e+01 5.300000000000000000e+01 8.450000000000000000e+02
4.094500000000008555e+01 6.576894187927246094e+01 5.400000000000000000e+01 8.180000000000000000e+02
4.130700000000007321e+01 6.576894187927246094e+01 5.500000000000000000e+01 6.640000000000000000e+02
4.250200000000013745e+01 6.576894187927246094e+01 5.600000000000000000e+01 1.099000000000000000e+03
4.270700000000014995e+01 6.576894187927246094e+01 5.700000000000000000e+01 1.038000000000000000e+03
4.336500000000015120e+01 6.576894187927246094e+01 5.800000000000000000e+01 9.340000000000000000e+02
4.433900000000032549e+01 6.576894187927246094e+01 5.900000000000000000e+01 9.850000000000000000e+02
4.527200000000036084e+01 6.576894187927246094e+01 6.000000000000000000e+01 1.317000000000000000e+03
4.607900000000040563e+01 6.576894187927246094e+01 6.100000000000000000e+01 1.221000000000000000e+03
4.759000000000047947e+01 6.576894187927246094e+01 6.200000000000000000e+01 1.433000000000000000e+03
4.792200000000048732e+01 6.576894187927246094e+01 6.300000000000000000e+01 1.307000000000000000e+03
4.969600000000055928e+01 6.576894187927246094e+01 6.400000000000000000e+01 1.286000000000000000e+03
5.197400000000062903e+01 6.576894187927246094e+01 6.500000000000000000e+01 1.487000000000000000e+03
5.319800000000068962e+01 6.576894187927246094e+01 6.600000000000000000e+01 1.337000000000000000e+03
5.396500000000070685e+01 6.576894187927246094e+01 6.700000000000000000e+01 1.106000000000000000e+03
5.518000000000075289e+01 6.576894187927246094e+01 6.800000000000000000e+01 1.004000000000000000e+03
5.598300000000078569e+01 6.576894187927246094e+01 6.900000000000000000e+01 1.032000000000000000e+03
5.816600000000086368e+01 6.576894187927246094e+01 7.000000000000000000e+01 3.940000000000000000e+02
6.061900000000095190e+01 6.576894187927246094e+01 7.100000000000000000e+01 8.800000000000000000e+02
6.194100000000101147e+01 6.576894187927246094e+01 7.200000000000000000e+01 3.010000000000000000e+02
6.394400000000107553e+01 6.576894187927246094e+01 7.300000000000000000e+01 3.970000000000000000e+02
6.574100000000115074e+01 6.576894187927246094e+01 7.400000000000000000e+01 5.530000000000000000e+02
6.387000000000000455e+00 6.988395595550537109e+01 0.000000000000000000e+00 1.000000000000000000e+01
8.127000000000000668e+00 6.988395595550537109e+01 1.000000000000000000e+00 6.000000000000000000e+00
1.117099999999999937e+01 6.988395595550537109e+01 2.000000000000000000e+00 1.900000000000000000e+01
1.183599999999999852e+01 6.988395595550537109e+01 3.000000000000000000e+00 4.900000000000000000e+01
1.232099999999999795e+01 6.988395595550537109e+01 4.000000000000000000e+00 4.200000000000000000e+01
1.294999999999999929e+01 6.988395595550537109e+01 5.000000000000000000e+00 5.500000000000000000e+01
1.371599999999999930e+01 6.988395595550537109e+01 6.000000000000000000e+00 2.700000000000000000e+01
1.354999999999999893e+01 6.988395595550537109e+01 7.000000000000000000e+00 2.200000000000000000e+01
1.430100000000000016e+01 6.988395595550537109e+01 8.000000000000000000e+00 5.400000000000000000e+01
1.515299999999999869e+01 6.988395595550537109e+01 9.000000000000000000e+00 6.500000000000000000e+01
1.583899999999999864e+01 6.988395595550537109e+01 1.000000000000000000e+01 7.000000000000000000e+01
1.633299999999999841e+01 6.988395595550537109e+01 1.100000000000000000e+01 4.100000000000000000e+01
1.676999999999999957e+01 6.988395595550537109e+01 1.200000000000000000e+01 3.600000000000000000e+01
1.762000000000000455e+01 6.988395595550537109e+01 1.300000000000000000e+01 8.500000000000000000e+01
1.827200000000000557e+01 6.988395595550537109e+01 1.400000000000000000e+01 1.060000000000000000e+02
1.922000000000000242e+01 6.988395595550537109e+01 1.500000000000000000e+01 8.000000000000000000e+01
2.032599999999999696e+01 6.988395595550537109e+01 1.600000000000000000e+01 1.170000000000000000e+02
2.085299999999999798e+01 6.988395595550537109e+01 1.700000000000000000e+01 1.060000000000000000e+02
2.195899999999999253e+01 6.988395595550537109e+01 1.800000000000000000e+01 1.450000000000000000e+02
2.206699999999999307e+01 6.988395595550537109e+01 1.900000000000000000e+01 1.710000000000000000e+02
2.298099999999999099e+01 6.988395595550537109e+01 2.000000000000000000e+01 1.500000000000000000e+02
2.327699999999999037e+01 6.988395595550537109e+01 2.100000000000000000e+01 2.120000000000000000e+02
2.394199999999999307e+01 6.988395595550537109e+01 2.200000000000000000e+01 1.680000000000000000e+02
2.449399999999999267e+01 6.988395595550537109e+01 2.300000000000000000e+01 3.060000000000000000e+02
2.448699999999999477e+01 6.988395595550537109e+01 2.400000000000000000e+01 1.640000000000000000e+02
2.527099999999999369e+01 6.988395595550537109e+01 2.500000000000000000e+01 2.110000000000000000e+02
2.634599999999999298e+01 6.988395595550537109e+01 2.600000000000000000e+01 1.890000000000000000e+02
2.694699999999998141e+01 6.988395595550537109e+01 2.700000000000000000e+01 2.210000000000000000e+02
2.725299999999998590e+01 6.988395595550537109e+01 2.800000000000000000e+01 1.610000000000000000e+02
2.796199999999999264e+01 6.988395595550537109e+01 2.900000000000000000e+01 2.690000000000000000e+02
2.810599999999999454e+01 6.988395595550537109e+01 3.000000000000000000e+01 3.000000000000000000e+02
2.848500000000000654e+01 6.988395595550537109e+01 3.100000000000000000e+01 2.810000000000000000e+02
2.904500000000000881e+01 6.988395595550537109e+01 3.200000000000000000e+01 3.780000000000000000e+02
2.936100000000000776e+01 6.988395595550537109e+01 3.300000000000000000e+01 1.760000000000000000e+02
2.978900000000000503e+01 6.988395595550537109e+01 3.400000000000000000e+01 2.250000000000000000e+02
3.035999999999999588e+01 6.988395595550537109e+01 3.500000000000000000e+01 3.040000000000000000e+02
3.092499999999999361e+01 6.988395595550537109e+01 3.600000000000000000e+01 2.760000000000000000e+02
3.150899999999999679e+01 6.988395595550537109e+01 3.700000000000000000e+01 2.740000000000000000e+02
3.207599999999998630e+01 6.988395595550537109e+01 3.800000000000000000e+01 3.820000000000000000e+02
3.208699999999998198e+01 6.988395595550537109e+01 3.900000000000000000e+01 3.470000000000000000e+02
3.273499999999998522e+01 6.988395595550537109e+01 4.000000000000000000e+01 4.280000000000000000e+02
3.352899999999996083e+01 6.988395595550537109e+01 4.100000000000000000e+01 3.670000000000000000e+02
3.415699999999996805e+01 6.988395595550537109e+01 4.200000000000000000e+01 4.290000000000000000e+02
3.443699999999996209e+01 6.988395595550537109e+01 4.300000000000000000e+01 4.420000000000000000e+02
3.519299999999991257e+01 6.988395595550537109e+01 4.400000000000000000e+01 4.720000000000000000e+02
3.558799999999990860e+01 6.988395595550537109e+01 4.500000000000000000e+01 5.460000000000000000e+02
3.636699999999989075e+01 6.988395595550537109e+01 4.600000000000000000e+01 4.580000000000000000e+02
3.649199999999987654e+01 6.988395595550537109e+01 4.700000000000000000e+01 4.370000000000000000e+02
3.730899999999988381e+01 6.988395595550537109e+01 4.800000000000000000e+01 5.690000000000000000e+02
3.824299999999991684e+01 6.988395595550537109e+01 4.900000000000000000e+01 5.830000000000000000e+02
3.828899999999991621e+01 6.988395595550537109e+01 5.000000000000000000e+01 7.000000000000000000e+02
3.883199999999987995e+01 6.988395595550537109e+01 5.100000000000000000e+01 6.010000000000000000e+02
4.000899999999997192e+01 6.988395595550537109e+01 5.200000000000000000e+01 8.140000000000000000e+02
4.042899999999993810e+01 6.988395595550537109e+01 5.300000000000000000e+01 8.290000000000000000e+02
4.081599999999997408e+01 6.988395595550537109e+01 5.400000000000000000e+01 5.940000000000000000e+02
4.146999999999994913e+01 6.988395595550537109e+01 5.500000000000000000e+01 8.270000000000000000e+02
4.249200000000002575e+01 6.988395595550537109e+01 5.600000000000000000e+01 9.280000000000000000e+02
4.352300000000008851e+01 6.988395595550537109e+01 5.700000000000000000e+01 9.920000000000000000e+02
4.440300000000006975e+01 6.988395595550537109e+01 5.800000000000000000e+01 9.890000000000000000e+02
4.500300000000016354e+01 6.988395595550537109e+01 5.900000000000000000e+01 1.321000000000000000e+03
4.632000000000022766e+01 6.988395595550537109e+01 6.000000000000000000e+01 1.240000000000000000e+03
4.679400000000027404e+01 6.988395595550537109e+01 6.100000000000000000e+01 1.127000000000000000e+03
4.748100000000029297e+01 6.988395595550537109e+01 6.200000000000000000e+01 1.343000000000000000e+03
4.808300000000032526e+01 6.988395595550537109e+01 6.300000000000000000e+01 1.295000000000000000e+03
4.966000000000038028e+01 6.988395595550537109e+01 6.400000000000000000e+01 1.188000000000000000e+03
5.060000000000042064e+01 6.988395595550537109e+01 6.500000000000000000e+01 1.498000000000000000e+03
5.324600000000052802e+01 6.988395595550537109e+01 6.600000000000000000e+01 8.520000000000000000e+02
5.503100000000059566e+01 6.988395595550537109e+01 6.700000000000000000e+01 1.179000000000000000e+03
5.579500000000062698e+01 6.988395595550537109e+01 6.800000000000000000e+01 1.110000000000000000e+03
5.674200000000065813e+01 6.988395595550537109e+01 6.900000000000000000e+01 4.470000000000000000e+02
5.894800000000073936e+01 6.988395595550537109e+01 7.000000000000000000e+01 3.230000000000000000e+02
6.021600000000078978e+01 6.988395595550537109e+01 7.100000000000000000e+01 8.320000000000000000e+02
6.560900000000098942e+01 6.988395595550537109e+01 7.200000000000000000e+01 9.110000000000000000e+02
6.779900000000108662e+01 6.988395595550537109e+01 7.300000000000000000e+01 5.610000000000000000e+02
6.992900000000115313e+01 6.988395595550537109e+01 7.400000000000000000e+01 7.060000000000000000e+02
4.460999999999999410e+00 6.780138278007507324e+01 0.000000000000000000e+00 7.000000000000000000e+00
5.850999999999999091e+00 6.780138278007507324e+01 1.000000000000000000e+00 9.000000000000000000e+00
7.206999999999998963e+00 6.780138278007507324e+01 2.000000000000000000e+00 4.000000000000000000e+00
7.540999999999999481e+00 6.780138278007507324e+01 3.000000000000000000e+00 9.000000000000000000e+00
8.994000000000001549e+00 6.780138278007507324e+01 4.000000000000000000e+00 1.900000000000000000e+01
9.282000000000000028e+00 6.780138278007507324e+01 5.000000000000000000e+00 2.300000000000000000e+01
1.022699999999999854e+01 6.780138278007507324e+01 6.000000000000000000e+00 2.600000000000000000e+01
1.067699999999999783e+01 6.780138278007507324e+01 7.000000000000000000e+00 4.600000000000000000e+01
1.154100000000000037e+01 6.780138278007507324e+01 8.000000000000000000e+00 3.500000000000000000e+01
1.196299999999999919e+01 6.780138278007507324e+01 9.000000000000000000e+00 3.800000000000000000e+01
1.237399999999999878e+01 6.780138278007507324e+01 1.000000000000000000e+01 3.100000000000000000e+01
1.316999999999999815e+01 6.780138278007507324e+01 1.100000000000000000e+01 6.100000000000000000e+01
1.355799999999999805e+01 6.780138278007507324e+01 1.200000000000000000e+01 6.100000000000000000e+01
1.405999999999999872e+01 6.780138278007507324e+01 1.300000000000000000e+01 7.800000000000000000e+01
1.466699999999999982e+01 6.780138278007507324e+01 1.400000000000000000e+01 5.200000000000000000e+01
1.521500000000000341e+01 6.780138278007507324e+01 1.500000000000000000e+01 6.900000000000000000e+01
1.549300000000000210e+01 6.780138278007507324e+01 1.600000000000000000e+01 9.100000000000000000e+01
1.603400000000000247e+01 6.780138278007507324e+01 1.700000000000000000e+01 1.020000000000000000e+02
1.659300000000000352e+01 6.780138278007507324e+01 1.800000000000000000e+01 1.150000000000000000e+02
1.728900000000000148e+01 6.780138278007507324e+01 1.900000000000000000e+01 1.190000000000000000e+02
1.736300000000000310e+01 6.780138278007507324e+01 2.000000000000000000e+01 1.250000000000000000e+02
1.841400000000000503e+01 6.780138278007507324e+01 2.100000000000000000e+01 7.500000000000000000e+01
1.926500000000000412e+01 6.780138278007507324e+01 2.200000000000000000e+01 1.220000000000000000e+02
1.915700000000000358e+01 6.780138278007507324e+01 2.300000000000000000e+01 8.900000000000000000e+01
2.015599999999999881e+01 6.780138278007507324e+01 2.400000000000000000e+01 1.450000000000000000e+02
2.075600000000000023e+01 6.780138278007507324e+01 2.500000000000000000e+01 1.460000000000000000e+02
2.141799999999999926e+01 6.780138278007507324e+01 2.600000000000000000e+01 1.390000000000000000e+02
2.141799999999999926e+01 6.780138278007507324e+01 2.700000000000000000e+01 1.980000000000000000e+02
2.232200000000000983e+01 6.780138278007507324e+01 2.800000000000000000e+01 1.670000000000000000e+02
2.315200000000001523e+01 6.780138278007507324e+01 2.900000000000000000e+01 1.890000000000000000e+02
2.379000000000002046e+01 6.780138278007507324e+01 3.000000000000000000e+01 2.490000000000000000e+02
2.515100000000003533e+01 6.780138278007507324e+01 3.100000000000000000e+01 1.800000000000000000e+02
2.580600000000003647e+01 6.780138278007507324e+01 3.200000000000000000e+01 3.100000000000000000e+02
2.568500000000003425e+01 6.780138278007507324e+01 3.300000000000000000e+01 2.080000000000000000e+02
2.641300000000002512e+01 6.780138278007507324e+01 3.400000000000000000e+01 3.650000000000000000e+02
2.722400000000001441e+01 6.780138278007507324e+01 3.500000000000000000e+01 3.990000000000000000e+02
2.822200000000001197e+01 6.780138278007507324e+01 3.600000000000000000e+01 3.110000000000000000e+02
2.885700000000001708e+01 6.780138278007507324e+01 3.700000000000000000e+01 3.320000000000000000e+02
2.921200000000001751e+01 6.780138278007507324e+01 3.800000000000000000e+01 3.950000000000000000e+02
2.936100000000001131e+01 6.780138278007507324e+01 3.900000000000000000e+01 4.400000000000000000e+02
3.023800000000001376e+01 6.780138278007507324e+01 4.000000000000000000e+01 4.750000000000000000e+02
3.028400000000001313e+01 6.780138278007507324e+01 4.100000000000000000e+01 2.970000000000000000e+02
3.115600000000003789e+01 6.780138278007507324e+01 4.200000000000000000e+01 3.800000000000000000e+02
3.228300000000003678e+01 6.780138278007507324e+01 4.300000000000000000e+01 4.550000000000000000e+02
3.268600000000000705e+01 6.780138278007507324e+01 4.400000000000000000e+01 4.880000000000000000e+02
3.338200000000000500e+01 6.780138278007507324e+01 4.500000000000000000e+01 5.290000000000000000e+02
3.333900000000000574e+01 6.780138278007507324e+01 4.600000000000000000e+01 4.380000000000000000e+02
3.443799999999993844e+01 6.780138278007507324e+01 4.700000000000000000e+01 6.510000000000000000e+02
3.441899999999994009e+01 6.780138278007507324e+01 4.800000000000000000e+01 5.170000000000000000e+02
3.532899999999996510e+01 6.780138278007507324e+01 4.900000000000000000e+01 6.020000000000000000e+02
3.549099999999997834e+01 6.780138278007507324e+01 5.000000000000000000e+01 5.350000000000000000e+02
3.633299999999996288e+01 6.780138278007507324e+01 5.100000000000000000e+01 7.170000000000000000e+02
3.739600000000003632e+01 6.780138278007507324e+01 5.200000000000000000e+01 8.770000000000000000e+02
3.778200000000001779e+01 6.780138278007507324e+01 5.300000000000000000e+01 6.590000000000000000e+02
3.878000000000010061e+01 6.780138278007507324e+01 5.400000000000000000e+01 9.590000000000000000e+02
3.980200000000004934e+01 6.780138278007507324e+01 5.500000000000000000e+01 8.200000000000000000e+02
4.078400000000008419e+01 6.780138278007507324e+01 5.600000000000000000e+01 8.550000000000000000e+02
4.186200000000013688e+01 6.780138278007507324e+01 5.700000000000000000e+01 1.024000000000000000e+03
4.280900000000012540e+01 6.780138278007507324e+01 5.800000000000000000e+01 1.208000000000000000e+03
4.299700000000013489e+01 6.780138278007507324e+01 5.900000000000000000e+01 1.277000000000000000e+03
4.423500000000019128e+01 6.780138278007507324e+01 6.000000000000000000e+01 1.243000000000000000e+03
4.515000000000024016e+01 6.780138278007507324e+01 6.100000000000000000e+01 2.003000000000000000e+03
4.577200000000026137e+01 6.780138278007507324e+01 6.200000000000000000e+01 1.300000000000000000e+03
4.673400000000030730e+01 6.780138278007507324e+01 6.300000000000000000e+01 9.270000000000000000e+02
4.811100000000035237e+01 6.780138278007507324e+01 6.400000000000000000e+01 1.273000000000000000e+03
4.975300000000040512e+01 6.780138278007507324e+01 6.500000000000000000e+01 1.194000000000000000e+03
5.021500000000044395e+01 6.780138278007507324e+01 6.600000000000000000e+01 1.591000000000000000e+03
5.227800000000051028e+01 6.780138278007507324e+01 6.700000000000000000e+01 7.490000000000000000e+02
5.345800000000054553e+01 6.780138278007507324e+01 6.800000000000000000e+01 1.062000000000000000e+03
5.446200000000058594e+01 6.780138278007507324e+01 6.900000000000000000e+01 7.890000000000000000e+02
5.597700000000064335e+01 6.780138278007507324e+01 7.000000000000000000e+01 3.760000000000000000e+02
5.833100000000073493e+01 6.780138278007507324e+01 7.100000000000000000e+01 6.910000000000000000e+02
6.292400000000089477e+01 6.780138278007507324e+01 7.200000000000000000e+01 5.780000000000000000e+02
6.548200000000099408e+01 6.780138278007507324e+01 7.300000000000000000e+01 6.730000000000000000e+02
6.774300000000107502e+01 6.780138278007507324e+01 7.400000000000000000e+01 1.870000000000000000e+02
