3.481000000000000316e+00 5.858006739616394043e+01 0.000000000000000000e+00 1.000000000000000000e+01
4.561999999999999389e+00 5.858006739616394043e+01 1.000000000000000000e+00 8.000000000000000000e+00
6.143999999999999240e+00 5.858006739616394043e+01 2.000000000000000000e+00 7.000000000000000000e+00
7.512999999999998124e+00 5.858006739616394043e+01 3.000000000000000000e+00 1.300000000000000000e+01
8.841999999999996973e+00 5.858006739616394043e+01 4.000000000000000000e+00 2.100000000000000000e+01
9.331999999999997186e+00 5.858006739616394043e+01 5.000000000000000000e+00 3.700000000000000000e+01
9.964999999999998082e+00 5.858006739616394043e+01 6.000000000000000000e+00 5.500000000000000000e+01
1.058699999999999797e+01 5.858006739616394043e+01 7.000000000000000000e+00 5.700000000000000000e+01
1.118999999999999773e+01 5.858006739616394043e+01 8.000000000000000000e+00 6.200000000000000000e+01
1.134099999999999753e+01 5.858006739616394043e+01 9.000000000000000000e+00 3.900000000000000000e+01
1.158999999999999808e+01 5.858006739616394043e+01 1.000000000000000000e+01 5.400000000000000000e+01
1.203899999999999615e+01 5.858006739616394043e+01 1.100000000000000000e+01 6.800000000000000000e+01
1.245899999999999608e+01 5.858006739616394043e+01 1.200000000000000000e+01 6.800000000000000000e+01
1.285299999999999621e+01 5.858006739616394043e+01 1.300000000000000000e+01 6.900000000000000000e+01
1.336399999999999544e+01 5.858006739616394043e+01 1.400000000000000000e+01 7.000000000000000000e+01
1.373599999999999355e+01 5.858006739616394043e+01 1.500000000000000000e+01 4.300000000000000000e+01
1.409799999999999187e+01 5.858006739616394043e+01 1.600000000000000000e+01 7.500000000000000000e+01
1.453399999999999359e+01 5.858006739616394043e+01 1.700000000000000000e+01 1.340000000000000000e+02
1.463399999999999324e+01 5.858006739616394043e+01 1.800000000000000000e+01 9.700000000000000000e+01
1.533399999999999253e+01 5.858006739616394043e+01 1.900000000000000000e+01 9.900000000000000000e+01
1.565199999999999392e+01 5.858006739616394043e+01 2.000000000000000000e+01 1.370000000000000000e+02
1.578799999999999670e+01 5.858006739616394043e+01 2.100000000000000000e+01 1.290000000000000000e+02
1.609199999999999520e+01 5.858006739616394043e+01 2.200000000000000000e+01 1.280000000000000000e+02
1.696199999999998909e+01 5.858006739616394043e+01 2.300000000000000000e+01 1.280000000000000000e+02
1.739499999999998536e+01 5.858006739616394043e+01 2.400000000000000000e+01 1.640000000000000000e+02
1.775299999999998235e+01 5.858006739616394043e+01 2.500000000000000000e+01 1.530000000000000000e+02
1.793399999999997974e+01 5.858006739616394043e+01 2.600000000000000000e+01 1.580000000000000000e+02
1.844799999999997908e+01 5.858006739616394043e+01 2.700000000000000000e+01 1.480000000000000000e+02
1.874899999999997391e+01 5.858006739616394043e+01 2.800000000000000000e+01 1.580000000000000000e+02
1.890699999999997161e+01 5.858006739616394043e+01 2.900000000000000000e+01 1.830000000000000000e+02
1.960399999999997789e+01 5.858006739616394043e+01 3.000000000000000000e+01 2.010000000000000000e+02
1.977999999999997982e+01 5.858006739616394043e+01 3.100000000000000000e+01 1.760000000000000000e+02
2.037999999999997769e+01 5.858006739616394043e+01 3.200000000000000000e+01 2.480000000000000000e+02
2.152899999999996794e+01 5.858006739616394043e+01 3.300000000000000000e+01 2.630000000000000000e+02
2.240299999999995961e+01 5.858006739616394043e+01 3.400000000000000000e+01 2.640000000000000000e+02
2.238499999999995893e+01 5.858006739616394043e+01 3.500000000000000000e+01 2.950000000000000000e+02
2.322599999999996001e+01 5.858006739616394043e+01 3.600000000000000000e+01 2.920000000000000000e+02
2.350799999999996004e+01 5.858006739616394043e+01 3.700000000000000000e+01 4.190000000000000000e+02
2.391399999999995885e+01 5.858006739616394043e+01 3.800000000000000000e+01 4.790000000000000000e+02
2.402999999999996206e+01 5.858006739616394043e+01 3.900000000000000000e+01 5.150000000000000000e+02
2.462599999999994793e+01 5.858006739616394043e+01 4.000000000000000000e+01 4.250000000000000000e+02
2.534699999999994802e+01 5.858006739616394043e+01 4.100000000000000000e+01 5.740000000000000000e+02
2.603899999999997661e+01 5.858006739616394043e+01 4.200000000000000000e+01 4.460000000000000000e+02
2.679699999999998283e+01 5.858006739616394043e+01 4.300000000000000000e+01 4.890000000000000000e+02
2.719999999999998508e+01 5.858006739616394043e+01 4.400000000000000000e+01 5.580000000000000000e+02
2.754499999999998749e+01 5.858006739616394043e+01 4.500000000000000000e+01 5.640000000000000000e+02
2.866600000000001103e+01 5.858006739616394043e+01 4.600000000000000000e+01 6.060000000000000000e+02
2.909500000000000242e+01 5.858006739616394043e+01 4.700000000000000000e+01 7.810000000000000000e+02
2.964300000000000423e+01 5.858006739616394043e+01 4.800000000000000000e+01 6.420000000000000000e+02
3.037700000000000955e+01 5.858006739616394043e+01 4.900000000000000000e+01 7.280000000000000000e+02
3.059800000000000253e+01 5.858006739616394043e+01 5.000000000000000000e+01 8.790000000000000000e+02
3.154700000000002191e+01 5.858006739616394043e+01 5.100000000000000000e+01 1.227000000000000000e+03
3.202900000000001057e+01 5.858006739616394043e+01 5.200000000000000000e+01 9.750000000000000000e+02
3.236300000000002797e+01 5.858006739616394043e+01 5.300000000000000000e+01 1.024000000000000000e+03
3.336400000000005406e+01 5.858006739616394043e+01 5.400000000000000000e+01 1.204000000000000000e+03
3.444600000000010454e+01 5.858006739616394043e+01 5.500000000000000000e+01 1.191000000000000000e+03
3.475400000000010436e+01 5.858006739616394043e+01 5.600000000000000000e+01 1.195000000000000000e+03
3.541200000000013404e+01 5.858006739616394043e+01 5.700000000000000000e+01 1.414000000000000000e+03
3.652800000000021896e+01 5.858006739616394043e+01 5.800000000000000000e+01 1.656000000000000000e+03
3.682400000000020412e+01 5.858006739616394043e+01 5.900000000000000000e+01 1.416000000000000000e+03
3.743700000000031025e+01 5.858006739616394043e+01 6.000000000000000000e+01 1.305000000000000000e+03
3.875000000000035527e+01 5.858006739616394043e+01 6.100000000000000000e+01 1.664000000000000000e+03
3.972700000000040177e+01 5.858006739616394043e+01 6.200000000000000000e+01 2.091000000000000000e+03
4.036800000000042843e+01 5.858006739616394043e+01 6.300000000000000000e+01 1.271000000000000000e+03
4.089900000000044145e+01 5.858006739616394043e+01 6.400000000000000000e+01 1.508000000000000000e+03
4.221400000000051733e+01 5.858006739616394043e+01 6.500000000000000000e+01 1.947000000000000000e+03
4.492300000000061999e+01 5.858006739616394043e+01 6.600000000000000000e+01 1.702000000000000000e+03
4.887300000000079336e+01 5.858006739616394043e+01 6.700000000000000000e+01 1.829000000000000000e+03
5.185100000000091569e+01 5.858006739616394043e+01 6.800000000000000000e+01 1.666000000000000000e+03
5.253100000000092251e+01 5.858006739616394043e+01 6.900000000000000000e+01 1.852000000000000000e+03
5.388100000000098078e+01 5.858006739616394043e+01 7.000000000000000000e+01 3.803000000000000000e+03
5.667500000000109139e+01 5.858006739616394043e+01 7.100000000000000000e+01 1.478000000000000000e+03
5.857400000000116336e+01 5.858006739616394043e+01 7.200000000000000000e+01 1.704000000000000000e+03
5.858006739616394043e+01 5.858006739616394043e+01 0.000000000000000000e+00 0.000000000000000000e+00
5.858006739616394043e+01 5.858006739616394043e+01 0.000000000000000000e+00 0.000000000000000000e+00
4.355999999999999872e+00 5.549227619171142578e+01 0.000000000000000000e+00 1.000000000000000000e+00
5.984999999999999432e+00 5.549227619171142578e+01 1.000000000000000000e+00 1.000000000000000000e+01
7.390999999999999126e+00 5.549227619171142578e+01 2.000000000000000000e+00 1.200000000000000000e+01
8.076999999999999957e+00 5.549227619171142578e+01 3.000000000000000000e+00 1.700000000000000000e+01
9.411999999999999034e+00 5.549227619171142578e+01 4.000000000000000000e+00 1.800000000000000000e+01
1.038700000000000045e+01 5.549227619171142578e+01 5.000000000000000000e+00 3.600000000000000000e+01
1.070600000000000129e+01 5.549227619171142578e+01 6.000000000000000000e+00 3.500000000000000000e+01
1.117100000000000115e+01 5.549227619171142578e+01 7.000000000000000000e+00 2.200000000000000000e+01
1.193299999999999983e+01 5.549227619171142578e+01 8.000000000000000000e+00 4.000000000000000000e+01
1.252100000000000080e+01 5.549227619171142578e+01 9.000000000000000000e+00 7.800000000000000000e+01
1.281000000000000050e+01 5.549227619171142578e+01 1.000000000000000000e+01 4.500000000000000000e+01
1.354800000000000004e+01 5.549227619171142578e+01 1.100000000000000000e+01 8.500000000000000000e+01
1.375500000000000078e+01 5.549227619171142578e+01 1.200000000000000000e+01 6.400000000000000000e+01
1.432300000000000217e+01 5.549227619171142578e+01 1.300000000000000000e+01 9.100000000000000000e+01
1.500999999999999979e+01 5.549227619171142578e+01 1.400000000000000000e+01 1.170000000000000000e+02
1.538100000000000023e+01 5.549227619171142578e+01 1.500000000000000000e+01 1.000000000000000000e+02
1.586100000000000065e+01 5.549227619171142578e+01 1.600000000000000000e+01 1.240000000000000000e+02
1.621099999999999852e+01 5.549227619171142578e+01 1.700000000000000000e+01 1.430000000000000000e+02
1.666299999999999315e+01 5.549227619171142578e+01 1.800000000000000000e+01 1.070000000000000000e+02
1.699199999999999378e+01 5.549227619171142578e+01 1.900000000000000000e+01 1.240000000000000000e+02
1.742299999999999827e+01 5.549227619171142578e+01 2.000000000000000000e+01 1.420000000000000000e+02
1.773099999999999810e+01 5.549227619171142578e+01 2.100000000000000000e+01 1.500000000000000000e+02
1.817900000000000205e+01 5.549227619171142578e+01 2.200000000000000000e+01 1.160000000000000000e+02
1.865200000000000102e+01 5.549227619171142578e+01 2.300000000000000000e+01 1.340000000000000000e+02
1.893800000000000239e+01 5.549227619171142578e+01 2.400000000000000000e+01 1.670000000000000000e+02
1.938400000000000034e+01 5.549227619171142578e+01 2.500000000000000000e+01 2.230000000000000000e+02
1.990799999999999770e+01 5.549227619171142578e+01 2.600000000000000000e+01 1.790000000000000000e+02
2.040799999999999415e+01 5.549227619171142578e+01 2.700000000000000000e+01 1.910000000000000000e+02
2.065199999999999392e+01 5.549227619171142578e+01 2.800000000000000000e+01 1.880000000000000000e+02
2.112000000000000099e+01 5.549227619171142578e+01 2.900000000000000000e+01 1.840000000000000000e+02
2.157100000000000151e+01 5.549227619171142578e+01 3.000000000000000000e+01 2.130000000000000000e+02
2.156000000000000227e+01 5.549227619171142578e+01 3.100000000000000000e+01 2.980000000000000000e+02
2.202700000000000458e+01 5.549227619171142578e+01 3.200000000000000000e+01 2.170000000000000000e+02
2.265399999999999991e+01 5.549227619171142578e+01 3.300000000000000000e+01 3.180000000000000000e+02
2.252699999999999747e+01 5.549227619171142578e+01 3.400000000000000000e+01 2.430000000000000000e+02
2.350199999999999179e+01 5.549227619171142578e+01 3.500000000000000000e+01 2.130000000000000000e+02
2.367899999999999139e+01 5.549227619171142578e+01 3.600000000000000000e+01 3.810000000000000000e+02
2.408199999999999008e+01 5.549227619171142578e+01 3.700000000000000000e+01 3.960000000000000000e+02
2.445699999999999363e+01 5.549227619171142578e+01 3.800000000000000000e+01 3.970000000000000000e+02
2.458099999999998886e+01 5.549227619171142578e+01 3.900000000000000000e+01 3.940000000000000000e+02
2.514399999999998414e+01 5.549227619171142578e+01 4.000000000000000000e+01 3.260000000000000000e+02
2.621799999999998221e+01 5.549227619171142578e+01 4.100000000000000000e+01 3.810000000000000000e+02
2.685499999999999332e+01 5.549227619171142578e+01 4.200000000000000000e+01 4.870000000000000000e+02
2.735200000000000742e+01 5.549227619171142578e+01 4.300000000000000000e+01 4.880000000000000000e+02
2.768600000000000705e+01 5.549227619171142578e+01 4.400000000000000000e+01 4.700000000000000000e+02
2.809000000000001052e+01 5.549227619171142578e+01 4.500000000000000000e+01 5.360000000000000000e+02
2.898000000000002530e+01 5.549227619171142578e+01 4.600000000000000000e+01 6.690000000000000000e+02
2.908500000000002572e+01 5.549227619171142578e+01 4.700000000000000000e+01 5.500000000000000000e+02
2.938700000000003598e+01 5.549227619171142578e+01 4.800000000000000000e+01 6.620000000000000000e+02
3.001800000000002555e+01 5.549227619171142578e+01 4.900000000000000000e+01 6.730000000000000000e+02
3.061800000000002342e+01 5.549227619171142578e+01 5.000000000000000000e+01 5.770000000000000000e+02
3.108800000000003294e+01 5.549227619171142578e+01 5.100000000000000000e+01 7.510000000000000000e+02
3.205600000000001160e+01 5.549227619171142578e+01 5.200000000000000000e+01 8.540000000000000000e+02
3.264500000000003155e+01 5.549227619171142578e+01 5.300000000000000000e+01 7.920000000000000000e+02
3.326500000000003610e+01 5.549227619171142578e+01 5.400000000000000000e+01 8.800000000000000000e+02
3.374000000000005173e+01 5.549227619171142578e+01 5.500000000000000000e+01 1.011000000000000000e+03
3.455200000000007066e+01 5.549227619171142578e+01 5.600000000000000000e+01 8.180000000000000000e+02
3.561700000000012523e+01 5.549227619171142578e+01 5.700000000000000000e+01 1.335000000000000000e+03
3.577700000000013603e+01 5.549227619171142578e+01 5.800000000000000000e+01 1.510000000000000000e+03
3.752200000000012636e+01 5.549227619171142578e+01 5.900000000000000000e+01 1.462000000000000000e+03
3.830300000000022465e+01 5.549227619171142578e+01 6.000000000000000000e+01 1.594000000000000000e+03
3.897500000000023590e+01 5.549227619171142578e+01 6.100000000000000000e+01 1.942000000000000000e+03
3.976900000000026836e+01 5.549227619171142578e+01 6.200000000000000000e+01 1.488000000000000000e+03
4.058100000000030860e+01 5.549227619171142578e+01 6.300000000000000000e+01 1.765000000000000000e+03
4.194000000000036721e+01 5.549227619171142578e+01 6.400000000000000000e+01 1.937000000000000000e+03
4.357800000000045770e+01 5.549227619171142578e+01 6.500000000000000000e+01 2.247000000000000000e+03
4.715300000000060976e+01 5.549227619171142578e+01 6.600000000000000000e+01 1.591000000000000000e+03
4.804900000000066029e+01 5.549227619171142578e+01 6.700000000000000000e+01 2.058000000000000000e+03
4.895900000000068530e+01 5.549227619171142578e+01 6.800000000000000000e+01 2.155000000000000000e+03
4.977700000000071867e+01 5.549227619171142578e+01 6.900000000000000000e+01 2.421000000000000000e+03
5.137000000000078614e+01 5.549227619171142578e+01 7.000000000000000000e+01 1.364000000000000000e+03
5.412600000000089295e+01 5.549227619171142578e+01 7.100000000000000000e+01 1.201000000000000000e+03
5.540400000000093428e+01 5.549227619171142578e+01 7.200000000000000000e+01 1.061000000000000000e+03
5.549227619171142578e+01 5.549227619171142578e+01 0.000000000000000000e+00 0.000000000000000000e+00
5.549227619171142578e+01 5.549227619171142578e+01 0.000000000000000000e+00 0.000000000000000000e+00
5.316000000000000725e+00 5.871814942359924316e+01 0.000000000000000000e+00 1.400000000000000000e+01
7.110000000000000320e+00 5.871814942359924316e+01 1.000000000000000000e+00 4.000000000000000000e+00
8.162000000000000810e+00 5.871814942359924316e+01 2.000000000000000000e+00 2.500000000000000000e+01
9.015000000000000568e+00 5.871814942359924316e+01 3.000000000000000000e+00 2.700000000000000000e+01
9.679999999999997939e+00 5.871814942359924316e+01 4.000000000000000000e+00 5.800000000000000000e+01
1.000799999999999734e+01 5.871814942359924316e+01 5.000000000000000000e+00 4.200000000000000000e+01
1.048099999999999810e+01 5.871814942359924316e+01 6.000000000000000000e+00 7.800000000000000000e+01
1.125299999999999834e+01 5.871814942359924316e+01 7.000000000000000000e+00 4.600000000000000000e+01
1.155499999999999794e+01 5.871814942359924316e+01 8.000000000000000000e+00 6.500000000000000000e+01
1.199499999999999744e+01 5.871814942359924316e+01 9.000000000000000000e+00 4.900000000000000000e+01
1.242299999999999649e+01 5.871814942359924316e+01 1.000000000000000000e+01 7.700000000000000000e+01
1.283999999999999631e+01 5.871814942359924316e+01 1.100000000000000000e+01 6.800000000000000000e+01
1.324499999999999389e+01 5.871814942359924316e+01 1.200000000000000000e+01 8.900000000000000000e+01
1.376799999999999535e+01 5.871814942359924316e+01 1.300000000000000000e+01 8.100000000000000000e+01
1.389799999999999613e+01 5.871814942359924316e+01 1.400000000000000000e+01 1.030000000000000000e+02
1.499799999999999578e+01 5.871814942359924316e+01 1.500000000000000000e+01 1.460000000000000000e+02
1.523799999999999599e+01 5.871814942359924316e+01 1.600000000000000000e+01 1.020000000000000000e+02
1.558699999999999619e+01 5.871814942359924316e+01 1.700000000000000000e+01 1.170000000000000000e+02
1.592599999999999660e+01 5.871814942359924316e+01 1.800000000000000000e+01 1.330000000000000000e+02
1.679400000000000048e+01 5.871814942359924316e+01 1.900000000000000000e+01 1.510000000000000000e+02
1.732200000000000273e+01 5.871814942359924316e+01 2.000000000000000000e+01 1.650000000000000000e+02
1.710700000000000287e+01 5.871814942359924316e+01 2.100000000000000000e+01 2.070000000000000000e+02
1.782199999999999918e+01 5.871814942359924316e+01 2.200000000000000000e+01 1.540000000000000000e+02
1.810999999999999588e+01 5.871814942359924316e+01 2.300000000000000000e+01 1.630000000000000000e+02
1.811899999999999622e+01 5.871814942359924316e+01 2.400000000000000000e+01 1.840000000000000000e+02
1.890999999999998948e+01 5.871814942359924316e+01 2.500000000000000000e+01 2.080000000000000000e+02
1.910799999999998988e+01 5.871814942359924316e+01 2.600000000000000000e+01 1.750000000000000000e+02
1.968699999999999051e+01 5.871814942359924316e+01 2.700000000000000000e+01 2.240000000000000000e+02
2.024999999999998224e+01 5.871814942359924316e+01 2.800000000000000000e+01 2.700000000000000000e+02
2.032899999999998286e+01 5.871814942359924316e+01 2.900000000000000000e+01 2.390000000000000000e+02
2.108200000000000074e+01 5.871814942359924316e+01 3.000000000000000000e+01 2.390000000000000000e+02
2.114600000000000435e+01 5.871814942359924316e+01 3.100000000000000000e+01 2.680000000000000000e+02
2.191500000000000625e+01 5.871814942359924316e+01 3.200000000000000000e+01 2.730000000000000000e+02
2.226500000000000057e+01 5.871814942359924316e+01 3.300000000000000000e+01 3.320000000000000000e+02
2.248999999999999844e+01 5.871814942359924316e+01 3.400000000000000000e+01 2.900000000000000000e+02
2.324499999999999744e+01 5.871814942359924316e+01 3.500000000000000000e+01 3.930000000000000000e+02
2.359699999999999775e+01 5.871814942359924316e+01 3.600000000000000000e+01 3.290000000000000000e+02
2.415500000000000114e+01 5.871814942359924316e+01 3.700000000000000000e+01 3.670000000000000000e+02
2.441400000000000503e+01 5.871814942359924316e+01 3.800000000000000000e+01 4.450000000000000000e+02
2.482499999999999218e+01 5.871814942359924316e+01 3.900000000000000000e+01 4.730000000000000000e+02
2.553199999999998226e+01 5.871814942359924316e+01 4.000000000000000000e+01 5.150000000000000000e+02
2.553599999999998005e+01 5.871814942359924316e+01 4.100000000000000000e+01 4.690000000000000000e+02
2.637899999999997291e+01 5.871814942359924316e+01 4.200000000000000000e+01 4.720000000000000000e+02
2.675199999999997047e+01 5.871814942359924316e+01 4.300000000000000000e+01 6.030000000000000000e+02
2.707199999999997431e+01 5.871814942359924316e+01 4.400000000000000000e+01 5.770000000000000000e+02
2.777099999999998658e+01 5.871814942359924316e+01 4.500000000000000000e+01 5.920000000000000000e+02
2.853500000000000725e+01 5.871814942359924316e+01 4.600000000000000000e+01 6.430000000000000000e+02
2.864900000000000091e+01 5.871814942359924316e+01 4.700000000000000000e+01 5.030000000000000000e+02
2.938600000000000989e+01 5.871814942359924316e+01 4.800000000000000000e+01 6.440000000000000000e+02
2.994700000000002404e+01 5.871814942359924316e+01 4.900000000000000000e+01 7.890000000000000000e+02
3.077000000000001023e+01 5.871814942359924316e+01 5.000000000000000000e+01 8.420000000000000000e+02
3.097700000000001452e+01 5.871814942359924316e+01 5.100000000000000000e+01 6.080000000000000000e+02
3.162899999999999423e+01 5.871814942359924316e+01 5.200000000000000000e+01 7.370000000000000000e+02
3.243800000000002370e+01 5.871814942359924316e+01 5.300000000000000000e+01 1.072000000000000000e+03
3.255900000000001882e+01 5.871814942359924316e+01 5.400000000000000000e+01 9.910000000000000000e+02
3.359100000000008635e+01 5.871814942359924316e+01 5.500000000000000000e+01 1.136000000000000000e+03
3.463700000000009993e+01 5.871814942359924316e+01 5.600000000000000000e+01 1.124000000000000000e+03
3.523300000000013199e+01 5.871814942359924316e+01 5.700000000000000000e+01 1.001000000000000000e+03
3.651800000000021384e+01 5.871814942359924316e+01 5.800000000000000000e+01 1.163000000000000000e+03
3.713200000000020395e+01 5.871814942359924316e+01 5.900000000000000000e+01 1.614000000000000000e+03
3.804000000000027626e+01 5.871814942359924316e+01 6.000000000000000000e+01 1.331000000000000000e+03
3.941000000000031633e+01 5.871814942359924316e+01 6.100000000000000000e+01 1.808000000000000000e+03
4.174400000000040478e+01 5.871814942359924316e+01 6.200000000000000000e+01 1.435000000000000000e+03
4.235200000000043730e+01 5.871814942359924316e+01 6.300000000000000000e+01 1.402000000000000000e+03
4.313700000000049073e+01 5.871814942359924316e+01 6.400000000000000000e+01 1.827000000000000000e+03
4.529800000000057025e+01 5.871814942359924316e+01 6.500000000000000000e+01 2.420000000000000000e+03
4.650100000000063716e+01 5.871814942359924316e+01 6.600000000000000000e+01 1.191000000000000000e+03
4.769800000000069673e+01 5.871814942359924316e+01 6.700000000000000000e+01 1.776000000000000000e+03
4.856400000000073192e+01 5.871814942359924316e+01 6.800000000000000000e+01 3.451000000000000000e+03
5.144400000000085527e+01 5.871814942359924316e+01 6.900000000000000000e+01 1.273000000000000000e+03
5.260300000000089682e+01 5.871814942359924316e+01 7.000000000000000000e+01 1.156000000000000000e+03
5.549200000000100630e+01 5.871814942359924316e+01 7.100000000000000000e+01 1.351000000000000000e+03
5.862500000000112976e+01 5.871814942359924316e+01 7.200000000000000000e+01 2.437000000000000000e+03
5.871814942359924316e+01 5.871814942359924316e+01 0.000000000000000000e+00 0.000000000000000000e+00
5.871814942359924316e+01 5.871814942359924316e+01 0.000000000000000000e+00 0.000000000000000000e+00
5.487999999999998657e+00 5.530707359313964844e+01 0.000000000000000000e+00 3.500000000000000000e+01
6.203999999999998849e+00 5.530707359313964844e+01 1.000000000000000000e+00 3.600000000000000000e+01
7.669999999999998153e+00 5.530707359313964844e+01 2.000000000000000000e+00 4.400000000000000000e+01
8.352999999999997982e+00 5.530707359313964844e+01 3.000000000000000000e+00 3.500000000000000000e+01
8.686999999999997613e+00 5.530707359313964844e+01 4.000000000000000000e+00 6.700000000000000000e+01
9.334999999999995524e+00 5.530707359313964844e+01 5.000000000000000000e+00 7.200000000000000000e+01
1.012699999999999534e+01 5.530707359313964844e+01 6.000000000000000000e+00 4.100000000000000000e+01
1.058999999999999631e+01 5.530707359313964844e+01 7.000000000000000000e+00 7.100000000000000000e+01
1.149299999999999677e+01 5.530707359313964844e+01 8.000000000000000000e+00 9.700000000000000000e+01
1.207999999999999652e+01 5.530707359313964844e+01 9.000000000000000000e+00 9.200000000000000000e+01
1.250999999999999623e+01 5.530707359313964844e+01 1.000000000000000000e+01 8.300000000000000000e+01
1.348299999999999521e+01 5.530707359313964844e+01 1.100000000000000000e+01 1.060000000000000000e+02
1.428999999999999559e+01 5.530707359313964844e+01 1.200000000000000000e+01 1.300000000000000000e+02
1.466499999999999382e+01 5.530707359313964844e+01 1.300000000000000000e+01 8.200000000000000000e+01
1.531699999999999307e+01 5.530707359313964844e+01 1.400000000000000000e+01 2.050000000000000000e+02
1.551499999999999169e+01 5.530707359313964844e+01 1.500000000000000000e+01 1.550000000000000000e+02
1.604799999999999471e+01 5.530707359313964844e+01 1.600000000000000000e+01 1.570000000000000000e+02
1.651599999999999469e+01 5.530707359313964844e+01 1.700000000000000000e+01 1.330000000000000000e+02
1.719299999999999073e+01 5.530707359313964844e+01 1.800000000000000000e+01 1.930000000000000000e+02
1.784999999999999787e+01 5.530707359313964844e+01 1.900000000000000000e+01 1.610000000000000000e+02
1.822799999999999798e+01 5.530707359313964844e+01 2.000000000000000000e+01 2.040000000000000000e+02
1.863200000000000145e+01 5.530707359313964844e+01 2.100000000000000000e+01 1.830000000000000000e+02
1.899400000000000333e+01 5.530707359313964844e+01 2.200000000000000000e+01 1.770000000000000000e+02
1.927900000000000347e+01 5.530707359313964844e+01 2.300000000000000000e+01 1.500000000000000000e+02
1.966100000000000136e+01 5.530707359313964844e+01 2.400000000000000000e+01 2.200000000000000000e+02
2.002199999999999847e+01 5.530707359313964844e+01 2.500000000000000000e+01 3.290000000000000000e+02
2.023899999999999721e+01 5.530707359313964844e+01 2.600000000000000000e+01 1.950000000000000000e+02
2.111599999999999255e+01 5.530707359313964844e+01 2.700000000000000000e+01 2.090000000000000000e+02
2.183899999999998087e+01 5.530707359313964844e+01 2.800000000000000000e+01 2.910000000000000000e+02
2.222799999999998377e+01 5.530707359313964844e+01 2.900000000000000000e+01 2.850000000000000000e+02
2.245399999999998641e+01 5.530707359313964844e+01 3.000000000000000000e+01 4.050000000000000000e+02
2.295599999999999241e+01 5.530707359313964844e+01 3.100000000000000000e+01 3.630000000000000000e+02
2.308199999999999363e+01 5.530707359313964844e+01 3.200000000000000000e+01 2.970000000000000000e+02
2.376099999999999213e+01 5.530707359313964844e+01 3.300000000000000000e+01 3.990000000000000000e+02
2.369199999999999307e+01 5.530707359313964844e+01 3.400000000000000000e+01 3.460000000000000000e+02
2.421899999999999054e+01 5.530707359313964844e+01 3.500000000000000000e+01 3.600000000000000000e+02
2.489899999999999380e+01 5.530707359313964844e+01 3.600000000000000000e+01 3.600000000000000000e+02
2.523799999999999244e+01 5.530707359313964844e+01 3.700000000000000000e+01 4.650000000000000000e+02
2.534699999999999065e+01 5.530707359313964844e+01 3.800000000000000000e+01 3.760000000000000000e+02
2.593599999999997863e+01 5.530707359313964844e+01 3.900000000000000000e+01 4.930000000000000000e+02
2.685499999999996845e+01 5.530707359313964844e+01 4.000000000000000000e+01 5.140000000000000000e+02
2.721599999999996555e+01 5.530707359313964844e+01 4.100000000000000000e+01 6.070000000000000000e+02
2.759499999999997399e+01 5.530707359313964844e+01 4.200000000000000000e+01 5.210000000000000000e+02
2.836299999999998889e+01 5.530707359313964844e+01 4.300000000000000000e+01 5.840000000000000000e+02
2.860399999999998855e+01 5.530707359313964844e+01 4.400000000000000000e+01 6.650000000000000000e+02
2.927099999999999014e+01 5.530707359313964844e+01 4.500000000000000000e+01 6.060000000000000000e+02
2.973000000000000043e+01 5.530707359313964844e+01 4.600000000000000000e+01 7.940000000000000000e+02
3.015699999999999292e+01 5.530707359313964844e+01 4.700000000000000000e+01 7.350000000000000000e+02
3.154000000000000625e+01 5.530707359313964844e+01 4.800000000000000000e+01 8.450000000000000000e+02
3.230699999999999505e+01 5.530707359313964844e+01 4.900000000000000000e+01 8.070000000000000000e+02
3.279900000000002791e+01 5.530707359313964844e+01 5.000000000000000000e+01 1.089000000000000000e+03
3.351700000000005986e+01 5.530707359313964844e+01 5.100000000000000000e+01 8.170000000000000000e+02
3.352900000000006031e+01 5.530707359313964844e+01 5.200000000000000000e+01 1.117000000000000000e+03
3.434500000000009123e+01 5.530707359313964844e+01 5.300000000000000000e+01 1.177000000000000000e+03
3.536100000000012500e+01 5.530707359313964844e+01 5.400000000000000000e+01 1.271000000000000000e+03
3.617400000000015581e+01 5.530707359313964844e+01 5.500000000000000000e+01 1.442000000000000000e+03
3.691100000000017189e+01 5.530707359313964844e+01 5.600000000000000000e+01 1.207000000000000000e+03
3.752600000000019520e+01 5.530707359313964844e+01 5.700000000000000000e+01 1.597000000000000000e+03
3.803800000000026671e+01 5.530707359313964844e+01 5.800000000000000000e+01 1.617000000000000000e+03
3.880000000000025295e+01 5.530707359313964844e+01 5.900000000000000000e+01 1.795000000000000000e+03
3.915700000000028780e+01 5.530707359313964844e+01 6.000000000000000000e+01 1.150000000000000000e+03
4.024000000000032173e+01 5.530707359313964844e+01 6.100000000000000000e+01 1.993000000000000000e+03
4.114200000000039381e+01 5.530707359313964844e+01 6.200000000000000000e+01 1.310000000000000000e+03
4.210800000000040910e+01 5.530707359313964844e+01 6.300000000000000000e+01 1.770000000000000000e+03
4.249800000000044520e+01 5.530707359313964844e+01 6.400000000000000000e+01 2.035000000000000000e+03
4.383000000000047436e+01 5.530707359313964844e+01 6.500000000000000000e+01 2.074000000000000000e+03
4.522800000000052734e+01 5.530707359313964844e+01 6.600000000000000000e+01 8.900000000000000000e+02
4.631300000000057793e+01 5.530707359313964844e+01 6.700000000000000000e+01 1.433000000000000000e+03
4.713900000000062107e+01 5.530707359313964844e+01 6.800000000000000000e+01 1.507000000000000000e+03
4.822900000000066001e+01 5.530707359313964844e+01 6.900000000000000000e+01 1.580000000000000000e+03
5.005600000000074346e+01 5.530707359313964844e+01 7.000000000000000000e+01 1.035000000000000000e+03
5.365700000000088465e+01 5.530707359313964844e+01 7.100000000000000000e+01 1.556000000000000000e+03
5.488100000000093814e+01 5.530707359313964844e+01 7.200000000000000000e+01 1.313000000000000000e+03
5.530707359313964844e+01 5.530707359313964844e+01 0.000000000000000000e+00 0.000000000000000000e+00
5.530707359313964844e+01 5.530707359313964844e+01 0.000000000000000000e+00 0.000000000000000000e+00
4.012999999999999901e+00 5.523781609535217285e+01 0.000000000000000000e+00 0.000000000000000000e+00
6.178999999999999382e+00 5.523781609535217285e+01 1.000000000000000000e+00 1.400000000000000000e+01
6.880999999999998451e+00 5.523781609535217285e+01 2.000000000000000000e+00 3.000000000000000000e+01
7.738999999999998103e+00 5.523781609535217285e+01 3.000000000000000000e+00 5.500000000000000000e+01
8.570999999999997954e+00 5.523781609535217285e+01 4.000000000000000000e+00 5.100000000000000000e+01
9.057999999999998053e+00 5.523781609535217285e+01 5.000000000000000000e+00 3.300000000000000000e+01
9.839999999999998082e+00 5.523781609535217285e+01 6.000000000000000000e+00 5.000000000000000000e+01
1.062800000000000011e+01 5.523781609535217285e+01 7.000000000000000000e+00 6.300000000000000000e+01
1.138000000000000078e+01 5.523781609535217285e+01 8.000000000000000000e+00 7.500000000000000000e+01
1.138000000000000078e+01 5.523781609535217285e+01 9.000000000000000000e+00 5.700000000000000000e+01
1.209600000000000009e+01 5.523781609535217285e+01 1.000000000000000000e+01 6.400000000000000000e+01
1.292699999999999783e+01 5.523781609535217285e+01 1.100000000000000000e+01 6.300000000000000000e+01
1.343299999999999628e+01 5.523781609535217285e+01 1.200000000000000000e+01 1.120000000000000000e+02
1.356499999999999595e+01 5.523781609535217285e+01 1.300000000000000000e+01 8.700000000000000000e+01
1.457699999999999463e+01 5.523781609535217285e+01 1.400000000000000000e+01 1.070000000000000000e+02
1.506099999999999461e+01 5.523781609535217285e+01 1.500000000000000000e+01 7.500000000000000000e+01
1.555499999999999261e+01 5.523781609535217285e+01 1.600000000000000000e+01 1.450000000000000000e+02
1.590499999999999226e+01 5.523781609535217285e+01 1.700000000000000000e+01 1.370000000000000000e+02
1.658099999999998531e+01 5.523781609535217285e+01 1.800000000000000000e+01 1.160000000000000000e+02
1.701899999999998769e+01 5.523781609535217285e+01 1.900000000000000000e+01 1.370000000000000000e+02
1.727699999999999037e+01 5.523781609535217285e+01 2.000000000000000000e+01 1.480000000000000000e+02
1.795199999999999108e+01 5.523781609535217285e+01 2.100000000000000000e+01 1.560000000000000000e+02
1.854699999999998994e+01 5.523781609535217285e+01 2.200000000000000000e+01 2.070000000000000000e+02
1.902599999999998914e+01 5.523781609535217285e+01 2.300000000000000000e+01 1.830000000000000000e+02
1.948999999999999133e+01 5.523781609535217285e+01 2.400000000000000000e+01 2.310000000000000000e+02
1.984099999999998687e+01 5.523781609535217285e+01 2.500000000000000000e+01 2.120000000000000000e+02
2.015999999999998238e+01 5.523781609535217285e+01 2.600000000000000000e+01 2.310000000000000000e+02
2.069499999999997542e+01 5.523781609535217285e+01 2.700000000000000000e+01 2.620000000000000000e+02
2.134499999999996689e+01 5.523781609535217285e+01 2.800000000000000000e+01 2.510000000000000000e+02
2.116499999999997073e+01 5.523781609535217285e+01 2.900000000000000000e+01 2.270000000000000000e+02
2.201499999999997925e+01 5.523781609535217285e+01 3.000000000000000000e+01 3.680000000000000000e+02
2.245199999999998397e+01 5.523781609535217285e+01 3.100000000000000000e+01 2.580000000000000000e+02
2.279599999999998161e+01 5.523781609535217285e+01 3.200000000000000000e+01 3.510000000000000000e+02
2.360199999999997900e+01 5.523781609535217285e+01 3.300000000000000000e+01 3.640000000000000000e+02
2.366799999999997794e+01 5.523781609535217285e+01 3.400000000000000000e+01 2.770000000000000000e+02
2.421799999999997510e+01 5.523781609535217285e+01 3.500000000000000000e+01 3.450000000000000000e+02
2.456299999999997752e+01 5.523781609535217285e+01 3.600000000000000000e+01 4.470000000000000000e+02
2.530699999999997729e+01 5.523781609535217285e+01 3.700000000000000000e+01 4.490000000000000000e+02
2.542799999999997596e+01 5.523781609535217285e+01 3.800000000000000000e+01 4.150000000000000000e+02
2.611699999999996180e+01 5.523781609535217285e+01 3.900000000000000000e+01 4.360000000000000000e+02
2.649599999999995958e+01 5.523781609535217285e+01 4.000000000000000000e+01 4.970000000000000000e+02
2.700299999999995748e+01 5.523781609535217285e+01 4.100000000000000000e+01 5.210000000000000000e+02
2.738699999999996848e+01 5.523781609535217285e+01 4.200000000000000000e+01 5.340000000000000000e+02
2.798199999999997445e+01 5.523781609535217285e+01 4.300000000000000000e+01 5.190000000000000000e+02
2.890899999999996695e+01 5.523781609535217285e+01 4.400000000000000000e+01 6.820000000000000000e+02
2.963199999999997303e+01 5.523781609535217285e+01 4.500000000000000000e+01 6.190000000000000000e+02
3.082600000000000051e+01 5.523781609535217285e+01 4.600000000000000000e+01 7.950000000000000000e+02
3.105699999999999861e+01 5.523781609535217285e+01 4.700000000000000000e+01 7.700000000000000000e+02
3.157600000000000051e+01 5.523781609535217285e+01 4.800000000000000000e+01 8.470000000000000000e+02
3.237299999999999756e+01 5.523781609535217285e+01 4.900000000000000000e+01 8.860000000000000000e+02
3.286800000000003052e+01 5.523781609535217285e+01 5.000000000000000000e+01 8.900000000000000000e+02
3.338000000000004519e+01 5.523781609535217285e+01 5.100000000000000000e+01 1.228000000000000000e+03
3.417200000000005389e+01 5.523781609535217285e+01 5.200000000000000000e+01 9.990000000000000000e+02
3.514300000000009305e+01 5.523781609535217285e+01 5.300000000000000000e+01 1.155000000000000000e+03
3.663300000000009504e+01 5.523781609535217285e+01 5.400000000000000000e+01 1.120000000000000000e+03
3.704000000000011994e+01 5.523781609535217285e+01 5.500000000000000000e+01 1.352000000000000000e+03
3.756700000000013517e+01 5.523781609535217285e+01 5.600000000000000000e+01 1.527000000000000000e+03
3.837700000000015166e+01 5.523781609535217285e+01 5.700000000000000000e+01 1.557000000000000000e+03
3.872500000000017195e+01 5.523781609535217285e+01 5.800000000000000000e+01 2.035000000000000000e+03
3.945300000000015928e+01 5.523781609535217285e+01 5.900000000000000000e+01 1.621000000000000000e+03
4.040200000000022840e+01 5.523781609535217285e+01 6.000000000000000000e+01 1.432000000000000000e+03
4.088400000000025614e+01 5.523781609535217285e+01 6.100000000000000000e+01 1.474000000000000000e+03
4.164400000000028967e+01 5.523781609535217285e+01 6.200000000000000000e+01 1.991000000000000000e+03
4.280100000000034299e+01 5.523781609535217285e+01 6.300000000000000000e+01 1.873000000000000000e+03
4.368300000000039063e+01 5.523781609535217285e+01 6.400000000000000000e+01 2.227000000000000000e+03
4.522900000000044685e+01 5.523781609535217285e+01 6.500000000000000000e+01 1.662000000000000000e+03
4.583900000000047470e+01 5.523781609535217285e+01 6.600000000000000000e+01 2.119000000000000000e+03
4.728000000000051983e+01 5.523781609535217285e+01 6.700000000000000000e+01 1.518000000000000000e+03
4.829400000000056536e+01 5.523781609535217285e+01 6.800000000000000000e+01 1.527000000000000000e+03
4.945700000000060470e+01 5.523781609535217285e+01 6.900000000000000000e+01 1.141000000000000000e+03
5.061400000000065091e+01 5.523781609535217285e+01 7.000000000000000000e+01 1.239000000000000000e+03
5.333100000000074914e+01 5.523781609535217285e+01 7.100000000000000000e+01 1.241000000000000000e+03
5.518700000000082895e+01 5.523781609535217285e+01 7.200000000000000000e+01 1.427000000000000000e+03
5.523781609535217285e+01 5.523781609535217285e+01 0.000000000000000000e+00 0.000000000000000000e+00
5.523781609535217285e+01 5.523781609535217285e+01 0.000000000000000000e+00 0.000000000000000000e+00
4.248999999999999666e+00 5.641164040565490723e+01 0.000000000000000000e+00 1.000000000000000000e+00
5.543999999999997819e+00 5.641164040565490723e+01 1.000000000000000000e+00 0.000000000000000000e+00
6.950999999999996959e+00 5.641164040565490723e+01 2.000000000000000000e+00 1.400000000000000000e+01
7.811999999999996724e+00 5.641164040565490723e+01 3.000000000000000000e+00 4.400000000000000000e+01
8.473999999999996646e+00 5.641164040565490723e+01 4.000000000000000000e+00 3.800000000000000000e+01
9.457999999999996632e+00 5.641164040565490723e+01 5.000000000000000000e+00 2.300000000000000000e+01
1.025099999999999589e+01 5.641164040565490723e+01 6.000000000000000000e+00 5.200000000000000000e+01
1.133399999999999430e+01 5.641164040565490723e+01 7.000000000000000000e+00 8.700000000000000000e+01
1.181599999999999540e+01 5.641164040565490723e+01 8.000000000000000000e+00 5.000000000000000000e+01
1.199899999999999523e+01 5.641164040565490723e+01 9.000000000000000000e+00 8.900000000000000000e+01
1.242999999999999439e+01 5.641164040565490723e+01 1.000000000000000000e+01 1.060000000000000000e+02
1.311999999999999389e+01 5.641164040565490723e+01 1.100000000000000000e+01 7.700000000000000000e+01
1.365899999999999537e+01 5.641164040565490723e+01 1.200000000000000000e+01 4.400000000000000000e+01
1.405399999999999672e+01 5.641164040565490723e+01 1.300000000000000000e+01 1.380000000000000000e+02
1.442099999999999760e+01 5.641164040565490723e+01 1.400000000000000000e+01 1.550000000000000000e+02
1.517999999999999616e+01 5.641164040565490723e+01 1.500000000000000000e+01 1.030000000000000000e+02
1.542999999999999616e+01 5.641164040565490723e+01 1.600000000000000000e+01 1.210000000000000000e+02
1.589399999999999835e+01 5.641164040565490723e+01 1.700000000000000000e+01 1.470000000000000000e+02
1.634399999999999409e+01 5.641164040565490723e+01 1.800000000000000000e+01 1.830000000000000000e+02
1.758099999999999952e+01 5.641164040565490723e+01 1.900000000000000000e+01 1.820000000000000000e+02
1.842900000000000915e+01 5.641164040565490723e+01 2.000000000000000000e+01 1.890000000000000000e+02
1.858800000000001518e+01 5.641164040565490723e+01 2.100000000000000000e+01 1.280000000000000000e+02
1.901400000000001356e+01 5.641164040565490723e+01 2.200000000000000000e+01 2.160000000000000000e+02
1.947100000000001074e+01 5.641164040565490723e+01 2.300000000000000000e+01 1.810000000000000000e+02
1.984400000000001185e+01 5.641164040565490723e+01 2.400000000000000000e+01 2.590000000000000000e+02
2.003800000000001091e+01 5.641164040565490723e+01 2.500000000000000000e+01 2.300000000000000000e+02
2.115500000000000114e+01 5.641164040565490723e+01 2.600000000000000000e+01 3.090000000000000000e+02
2.173899999999999366e+01 5.641164040565490723e+01 2.700000000000000000e+01 2.720000000000000000e+02
2.213999999999998991e+01 5.641164040565490723e+01 2.800000000000000000e+01 2.800000000000000000e+02
2.252699999999999392e+01 5.641164040565490723e+01 2.900000000000000000e+01 2.870000000000000000e+02
2.297500000000000142e+01 5.641164040565490723e+01 3.000000000000000000e+01 2.280000000000000000e+02
2.332000000000000739e+01 5.641164040565490723e+01 3.100000000000000000e+01 3.590000000000000000e+02
2.375400000000000844e+01 5.641164040565490723e+01 3.200000000000000000e+01 3.290000000000000000e+02
2.400000000000000711e+01 5.641164040565490723e+01 3.300000000000000000e+01 2.990000000000000000e+02
2.463300000000000267e+01 5.641164040565490723e+01 3.400000000000000000e+01 2.840000000000000000e+02
2.522000000000000242e+01 5.641164040565490723e+01 3.500000000000000000e+01 3.810000000000000000e+02
2.576000000000000512e+01 5.641164040565490723e+01 3.600000000000000000e+01 3.140000000000000000e+02
2.608100000000000307e+01 5.641164040565490723e+01 3.700000000000000000e+01 4.600000000000000000e+02
2.626200000000000045e+01 5.641164040565490723e+01 3.800000000000000000e+01 4.050000000000000000e+02
2.680599999999998673e+01 5.641164040565490723e+01 3.900000000000000000e+01 2.970000000000000000e+02
2.741299999999998249e+01 5.641164040565490723e+01 4.000000000000000000e+01 3.970000000000000000e+02
2.788199999999998369e+01 5.641164040565490723e+01 4.100000000000000000e+01 4.970000000000000000e+02
2.841699999999999449e+01 5.641164040565490723e+01 4.200000000000000000e+01 5.670000000000000000e+02
2.875600000000000378e+01 5.641164040565490723e+01 4.300000000000000000e+01 3.940000000000000000e+02
2.911599999999999611e+01 5.641164040565490723e+01 4.400000000000000000e+01 6.860000000000000000e+02
2.982200000000000273e+01 5.641164040565490723e+01 4.500000000000000000e+01 5.540000000000000000e+02
3.050700000000001566e+01 5.641164040565490723e+01 4.600000000000000000e+01 6.860000000000000000e+02
3.087800000000001077e+01 5.641164040565490723e+01 4.700000000000000000e+01 7.370000000000000000e+02
3.127700000000001879e+01 5.641164040565490723e+01 4.800000000000000000e+01 6.140000000000000000e+02
3.210600000000000875e+01 5.641164040565490723e+01 4.900000000000000000e+01 7.390000000000000000e+02
3.257500000000005969e+01 5.641164040565490723e+01 5.000000000000000000e+01 8.430000000000000000e+02
3.361200000000008004e+01 5.641164040565490723e+01 5.100000000000000000e+01 8.020000000000000000e+02
3.412300000000010414e+01 5.641164040565490723e+01 5.200000000000000000e+01 9.120000000000000000e+02
3.435900000000011545e+01 5.641164040565490723e+01 5.300000000000000000e+01 1.198000000000000000e+03
3.534300000000011721e+01 5.641164040565490723e+01 5.400000000000000000e+01 1.222000000000000000e+03
3.609500000000016229e+01 5.641164040565490723e+01 5.500000000000000000e+01 1.183000000000000000e+03
3.625100000000016109e+01 5.641164040565490723e+01 5.600000000000000000e+01 1.291000000000000000e+03
3.741100000000020742e+01 5.641164040565490723e+01 5.700000000000000000e+01 1.596000000000000000e+03
3.843000000000025551e+01 5.641164040565490723e+01 5.800000000000000000e+01 1.878000000000000000e+03
3.893700000000025341e+01 5.641164040565490723e+01 5.900000000000000000e+01 1.049000000000000000e+03
3.962600000000031031e+01 5.641164040565490723e+01 6.000000000000000000e+01 1.347000000000000000e+03
4.014800000000033720e+01 5.641164040565490723e+01 6.100000000000000000e+01 1.827000000000000000e+03
4.136000000000038312e+01 5.641164040565490723e+01 6.200000000000000000e+01 1.259000000000000000e+03
4.189500000000040814e+01 5.641164040565490723e+01 6.300000000000000000e+01 1.564000000000000000e+03
4.276800000000045543e+01 5.641164040565490723e+01 6.400000000000000000e+01 1.529000000000000000e+03
4.380900000000049488e+01 5.641164040565490723e+01 6.500000000000000000e+01 2.094000000000000000e+03
4.489300000000053359e+01 5.641164040565490723e+01 6.600000000000000000e+01 2.082000000000000000e+03
4.642300000000061289e+01 5.641164040565490723e+01 6.700000000000000000e+01 1.523000000000000000e+03
4.812600000000067979e+01 5.641164040565490723e+01 6.800000000000000000e+01 1.256000000000000000e+03
5.069000000000077222e+01 5.641164040565490723e+01 6.900000000000000000e+01 2.115000000000000000e+03
5.154000000000082338e+01 5.641164040565490723e+01 7.000000000000000000e+01 1.277000000000000000e+03
5.319700000000087670e+01 5.641164040565490723e+01 7.100000000000000000e+01 7.240000000000000000e+02
5.640700000000098413e+01 5.641164040565490723e+01 7.200000000000000000e+01 1.127000000000000000e+03
5.641164040565490723e+01 5.641164040565490723e+01 0.000000000000000000e+00 0.000000000000000000e+00
5.641164040565490723e+01 5.641164040565490723e+01 0.000000000000000000e+00 0.000000000000000000e+00
3.247999999999999776e+00 5.630936336517333984e+01 0.000000000000000000e+00 0.000000000000000000e+00
5.431999999999999496e+00 5.630936336517333984e+01 1.000000000000000000e+00 1.100000000000000000e+01
6.668000000000000149e+00 5.630936336517333984e+01 2.000000000000000000e+00 2.600000000000000000e+01
7.357000000000000206e+00 5.630936336517333984e+01 3.000000000000000000e+00 3.100000000000000000e+01
8.362000000000000099e+00 5.630936336517333984e+01 4.000000000000000000e+00 2.900000000000000000e+01
8.851000000000000867e+00 5.630936336517333984e+01 5.000000000000000000e+00 5.600000000000000000e+01
9.323000000000000398e+00 5.630936336517333984e+01 6.000000000000000000e+00 4.700000000000000000e+01
1.030200000000000138e+01 5.630936336517333984e+01 7.000000000000000000e+00 1.020000000000000000e+02
1.165500000000000114e+01 5.630936336517333984e+01 8.000000000000000000e+00 8.200000000000000000e+01
1.209700000000000131e+01 5.630936336517333984e+01 9.000000000000000000e+00 7.300000000000000000e+01
1.252700000000000280e+01 5.630936336517333984e+01 1.000000000000000000e+01 7.500000000000000000e+01
1.322400000000000198e+01 5.630936336517333984e+01 1.100000000000000000e+01 1.480000000000000000e+02
1.417000000000000171e+01 5.630936336517333984e+01 1.200000000000000000e+01 1.520000000000000000e+02
1.450900000000000212e+01 5.630936336517333984e+01 1.300000000000000000e+01 1.550000000000000000e+02
1.520800000000000374e+01 5.630936336517333984e+01 1.400000000000000000e+01 1.570000000000000000e+02
1.570200000000000351e+01 5.630936336517333984e+01 1.500000000000000000e+01 1.370000000000000000e+02
1.588900000000000290e+01 5.630936336517333984e+01 1.600000000000000000e+01 1.470000000000000000e+02
1.604400000000000404e+01 5.630936336517333984e+01 1.700000000000000000e+01 1.250000000000000000e+02
1.649000000000000199e+01 5.630936336517333984e+01 1.800000000000000000e+01 2.310000000000000000e+02
1.696500000000000696e+01 5.630936336517333984e+01 1.900000000000000000e+01 2.070000000000000000e+02
1.728400000000000958e+01 5.630936336517333984e+01 2.000000000000000000e+01 2.000000000000000000e+02
1.769700000000001339e+01 5.630936336517333984e+01 2.100000000000000000e+01 2.150000000000000000e+02
1.816700000000001580e+01 5.630936336517333984e+01 2.200000000000000000e+01 2.070000000000000000e+02
1.830000000000001492e+01 5.630936336517333984e+01 2.300000000000000000e+01 1.480000000000000000e+02
1.875200000000000955e+01 5.630936336517333984e+01 2.400000000000000000e+01 1.950000000000000000e+02
1.922000000000001307e+01 5.630936336517333984e+01 2.500000000000000000e+01 3.420000000000000000e+02
1.953100000000001302e+01 5.630936336517333984e+01 2.600000000000000000e+01 1.880000000000000000e+02
1.986800000000000921e+01 5.630936336517333984e+01 2.700000000000000000e+01 2.650000000000000000e+02
2.047200000000000131e+01 5.630936336517333984e+01 2.800000000000000000e+01 3.090000000000000000e+02
2.069800000000000395e+01 5.630936336517333984e+01 2.900000000000000000e+01 2.290000000000000000e+02
2.123400000000000531e+01 5.630936336517333984e+01 3.000000000000000000e+01 3.700000000000000000e+02
2.145300000000000651e+01 5.630936336517333984e+01 3.100000000000000000e+01 3.220000000000000000e+02
2.258300000000000907e+01 5.630936336517333984e+01 3.200000000000000000e+01 3.430000000000000000e+02
2.303000000000000824e+01 5.630936336517333984e+01 3.300000000000000000e+01 3.550000000000000000e+02
2.326800000000000068e+01 5.630936336517333984e+01 3.400000000000000000e+01 3.530000000000000000e+02
2.384500000000000242e+01 5.630936336517333984e+01 3.500000000000000000e+01 5.150000000000000000e+02
2.402300000000000324e+01 5.630936336517333984e+01 3.600000000000000000e+01 3.850000000000000000e+02
2.450400000000000489e+01 5.630936336517333984e+01 3.700000000000000000e+01 3.590000000000000000e+02
2.485600000000000165e+01 5.630936336517333984e+01 3.800000000000000000e+01 4.580000000000000000e+02
2.562799999999999301e+01 5.630936336517333984e+01 3.900000000000000000e+01 4.560000000000000000e+02
2.601699999999998525e+01 5.630936336517333984e+01 4.000000000000000000e+01 5.280000000000000000e+02
2.663399999999998258e+01 5.630936336517333984e+01 4.100000000000000000e+01 5.690000000000000000e+02
2.675299999999998590e+01 5.630936336517333984e+01 4.200000000000000000e+01 5.410000000000000000e+02
2.766800000000000281e+01 5.630936336517333984e+01 4.300000000000000000e+01 5.150000000000000000e+02
2.818600000000000705e+01 5.630936336517333984e+01 4.400000000000000000e+01 7.030000000000000000e+02
2.862200000000001410e+01 5.630936336517333984e+01 4.500000000000000000e+01 7.460000000000000000e+02
2.918300000000002115e+01 5.630936336517333984e+01 4.600000000000000000e+01 6.290000000000000000e+02
3.039299999999999713e+01 5.630936336517333984e+01 4.700000000000000000e+01 7.410000000000000000e+02
3.104700000000000060e+01 5.630936336517333984e+01 4.800000000000000000e+01 8.500000000000000000e+02
3.163700000000000401e+01 5.630936336517333984e+01 4.900000000000000000e+01 9.290000000000000000e+02
3.236700000000001864e+01 5.630936336517333984e+01 5.000000000000000000e+01 7.770000000000000000e+02
3.259900000000003217e+01 5.630936336517333984e+01 5.100000000000000000e+01 1.135000000000000000e+03
3.337200000000005673e+01 5.630936336517333984e+01 5.200000000000000000e+01 1.122000000000000000e+03
3.425200000000010192e+01 5.630936336517333984e+01 5.300000000000000000e+01 1.091000000000000000e+03
3.451800000000009305e+01 5.630936336517333984e+01 5.400000000000000000e+01 1.114000000000000000e+03
3.511700000000012523e+01 5.630936336517333984e+01 5.500000000000000000e+01 1.165000000000000000e+03
3.633900000000014785e+01 5.630936336517333984e+01 5.600000000000000000e+01 1.278000000000000000e+03
3.713500000000016144e+01 5.630936336517333984e+01 5.700000000000000000e+01 1.671000000000000000e+03
3.769900000000021123e+01 5.630936336517333984e+01 5.800000000000000000e+01 1.985000000000000000e+03
3.920300000000021612e+01 5.630936336517333984e+01 5.900000000000000000e+01 2.111000000000000000e+03
3.995700000000026364e+01 5.630936336517333984e+01 6.000000000000000000e+01 1.664000000000000000e+03
4.228700000000034720e+01 5.630936336517333984e+01 6.100000000000000000e+01 1.824000000000000000e+03
4.275200000000035772e+01 5.630936336517333984e+01 6.200000000000000000e+01 1.672000000000000000e+03
4.355200000000040461e+01 5.630936336517333984e+01 6.300000000000000000e+01 2.237000000000000000e+03
4.473300000000045173e+01 5.630936336517333984e+01 6.400000000000000000e+01 2.368000000000000000e+03
4.584100000000049135e+01 5.630936336517333984e+01 6.500000000000000000e+01 2.342000000000000000e+03
4.700300000000052592e+01 5.630936336517333984e+01 6.600000000000000000e+01 2.851000000000000000e+03
4.820000000000058549e+01 5.630936336517333984e+01 6.700000000000000000e+01 1.598000000000000000e+03
4.928000000000061220e+01 5.630936336517333984e+01 6.800000000000000000e+01 1.398000000000000000e+03
5.066100000000067638e+01 5.630936336517333984e+01 6.900000000000000000e+01 1.628000000000000000e+03
5.199400000000073874e+01 5.630936336517333984e+01 7.000000000000000000e+01 1.182000000000000000e+03
5.466500000000083759e+01 5.630936336517333984e+01 7.100000000000000000e+01 1.532000000000000000e+03
5.621700000000087982e+01 5.630936336517333984e+01 7.200000000000000000e+01 1.162000000000000000e+03
5.630936336517333984e+01 5.630936336517333984e+01 0.000000000000000000e+00 0.000000000000000000e+00
5.630936336517333984e+01 5.630936336517333984e+01 0.000000000000000000e+00 0.000000000000000000e+00
3.824999999999999289e+00 5.923875403404235840e+01 0.000000000000000000e+00 0.000000000000000000e+00
5.269999999999999574e+00 5.923875403404235840e+01 1.000000000000000000e+00 3.000000000000000000e+00
6.847000000000000419e+00 5.923875403404235840e+01 2.000000000000000000e+00 1.200000000000000000e+01
8.218999999999999417e+00 5.923875403404235840e+01 3.000000000000000000e+00 2.700000000000000000e+01
9.384999999999999787e+00 5.923875403404235840e+01 4.000000000000000000e+00 3.700000000000000000e+01
1.003500000000000014e+01 5.923875403404235840e+01 5.000000000000000000e+00 3.700000000000000000e+01
1.051400000000000112e+01 5.923875403404235840e+01 6.000000000000000000e+00 5.600000000000000000e+01
1.128800000000000026e+01 5.923875403404235840e+01 7.000000000000000000e+00 7.800000000000000000e+01
1.159299999999999997e+01 5.923875403404235840e+01 8.000000000000000000e+00 5.900000000000000000e+01
1.217900000000000027e+01 5.923875403404235840e+01 9.000000000000000000e+00 5.200000000000000000e+01
1.317000000000000171e+01 5.923875403404235840e+01 1.000000000000000000e+01 8.200000000000000000e+01
1.358700000000000152e+01 5.923875403404235840e+01 1.100000000000000000e+01 6.200000000000000000e+01
1.399200000000000088e+01 5.923875403404235840e+01 1.200000000000000000e+01 8.000000000000000000e+01
1.425500000000000078e+01 5.923875403404235840e+01 1.300000000000000000e+01 9.400000000000000000e+01
1.463799999999999990e+01 5.923875403404235840e+01 1.400000000000000000e+01 8.300000000000000000e+01
1.525300000000000011e+01 5.923875403404235840e+01 1.500000000000000000e+01 1.050000000000000000e+02
1.644999999999999574e+01 5.923875403404235840e+01 1.600000000000000000e+01 1.090000000000000000e+02
1.657099999999999440e+01 5.923875403404235840e+01 1.700000000000000000e+01 1.830000000000000000e+02
1.695899999999999608e+01 5.923875403404235840e+01 1.800000000000000000e+01 1.420000000000000000e+02
1.757099999999999795e+01 5.923875403404235840e+01 1.900000000000000000e+01 1.670000000000000000e+02
1.825699999999999790e+01 5.923875403404235840e+01 2.000000000000000000e+01 1.750000000000000000e+02
1.863899999999999579e+01 5.923875403404235840e+01 2.100000000000000000e+01 1.990000000000000000e+02
1.890499999999999403e+01 5.923875403404235840e+01 2.200000000000000000e+01 2.190000000000000000e+02
1.973999999999999133e+01 5.923875403404235840e+01 2.300000000000000000e+01 2.340000000000000000e+02
1.973999999999999133e+01 5.923875403404235840e+01 2.400000000000000000e+01 2.120000000000000000e+02
2.045899999999998187e+01 5.923875403404235840e+01 2.500000000000000000e+01 2.030000000000000000e+02
2.052899999999998215e+01 5.923875403404235840e+01 2.600000000000000000e+01 2.480000000000000000e+02
2.174399999999997490e+01 5.923875403404235840e+01 2.700000000000000000e+01 1.890000000000000000e+02
2.222199999999997289e+01 5.923875403404235840e+01 2.800000000000000000e+01 2.320000000000000000e+02
2.222199999999997289e+01 5.923875403404235840e+01 2.900000000000000000e+01 2.320000000000000000e+02
2.261799999999997723e+01 5.923875403404235840e+01 3.000000000000000000e+01 3.410000000000000000e+02
2.353099999999997749e+01 5.923875403404235840e+01 3.100000000000000000e+01 2.550000000000000000e+02
2.401599999999997692e+01 5.923875403404235840e+01 3.200000000000000000e+01 3.300000000000000000e+02
2.431999999999997897e+01 5.923875403404235840e+01 3.300000000000000000e+01 3.820000000000000000e+02
2.498799999999996757e+01 5.923875403404235840e+01 3.400000000000000000e+01 4.400000000000000000e+02
2.498799999999996757e+01 5.923875403404235840e+01 3.500000000000000000e+01 3.770000000000000000e+02
2.580499999999996774e+01 5.923875403404235840e+01 3.600000000000000000e+01 3.670000000000000000e+02
2.593899999999997874e+01 5.923875403404235840e+01 3.700000000000000000e+01 4.770000000000000000e+02
2.700899999999998258e+01 5.923875403404235840e+01 3.800000000000000000e+01 4.030000000000000000e+02
2.747099999999997166e+01 5.923875403404235840e+01 3.900000000000000000e+01 5.590000000000000000e+02
2.771899999999996211e+01 5.923875403404235840e+01 4.000000000000000000e+01 5.570000000000000000e+02
2.811799999999996658e+01 5.923875403404235840e+01 4.100000000000000000e+01 4.540000000000000000e+02
2.892599999999996996e+01 5.923875403404235840e+01 4.200000000000000000e+01 6.420000000000000000e+02
2.892199999999996862e+01 5.923875403404235840e+01 4.300000000000000000e+01 4.960000000000000000e+02
3.035099999999995291e+01 5.923875403404235840e+01 4.400000000000000000e+01 7.340000000000000000e+02
3.065799999999995507e+01 5.923875403404235840e+01 4.500000000000000000e+01 6.400000000000000000e+02
3.184799999999997766e+01 5.923875403404235840e+01 4.600000000000000000e+01 8.850000000000000000e+02
3.232899999999996510e+01 5.923875403404235840e+01 4.700000000000000000e+01 9.790000000000000000e+02
3.271099999999994168e+01 5.923875403404235840e+01 4.800000000000000000e+01 9.090000000000000000e+02
3.329399999999993298e+01 5.923875403404235840e+01 4.900000000000000000e+01 8.490000000000000000e+02
3.401299999999997681e+01 5.923875403404235840e+01 5.000000000000000000e+01 1.095000000000000000e+03
3.480100000000000193e+01 5.923875403404235840e+01 5.100000000000000000e+01 9.810000000000000000e+02
3.505400000000004468e+01 5.923875403404235840e+01 5.200000000000000000e+01 1.173000000000000000e+03
3.662700000000007350e+01 5.923875403404235840e+01 5.300000000000000000e+01 1.439000000000000000e+03
3.723700000000009425e+01 5.923875403404235840e+01 5.400000000000000000e+01 9.630000000000000000e+02
3.863600000000015200e+01 5.923875403404235840e+01 5.500000000000000000e+01 1.665000000000000000e+03
3.938700000000017809e+01 5.923875403404235840e+01 5.600000000000000000e+01 1.963000000000000000e+03
3.996000000000019980e+01 5.923875403404235840e+01 5.700000000000000000e+01 1.580000000000000000e+03
4.060500000000023135e+01 5.923875403404235840e+01 5.800000000000000000e+01 1.727000000000000000e+03
4.109400000000020725e+01 5.923875403404235840e+01 5.900000000000000000e+01 1.982000000000000000e+03
4.292100000000039017e+01 5.923875403404235840e+01 6.000000000000000000e+01 2.026000000000000000e+03
4.548700000000052057e+01 5.923875403404235840e+01 6.100000000000000000e+01 2.239000000000000000e+03
4.634400000000054121e+01 5.923875403404235840e+01 6.200000000000000000e+01 1.773000000000000000e+03
4.734000000000060737e+01 5.923875403404235840e+01 6.300000000000000000e+01 2.409000000000000000e+03
4.837900000000063727e+01 5.923875403404235840e+01 6.400000000000000000e+01 1.870000000000000000e+03
4.935000000000069065e+01 5.923875403404235840e+01 6.500000000000000000e+01 2.681000000000000000e+03
5.062500000000075318e+01 5.923875403404235840e+01 6.600000000000000000e+01 1.479000000000000000e+03
5.183000000000080121e+01 5.923875403404235840e+01 6.700000000000000000e+01 2.973000000000000000e+03
5.274800000000082179e+01 5.923875403404235840e+01 6.800000000000000000e+01 3.334000000000000000e+03
5.410700000000089460e+01 5.923875403404235840e+01 6.900000000000000000e+01 1.207000000000000000e+03
5.567100000000094440e+01 5.923875403404235840e+01 7.000000000000000000e+01 9.390000000000000000e+02
5.738000000000100442e+01 5.923875403404235840e+01 7.100000000000000000e+01 1.420000000000000000e+03
5.930200000000107963e+01 5.923875403404235840e+01 7.200000000000000000e+01 1.269000000000000000e+03
5.923875403404235840e+01 5.923875403404235840e+01 0.000000000000000000e+00 0.000000000000000000e+00
5.923875403404235840e+01 5.923875403404235840e+01 0.000000000000000000e+00 0.000000000000000000e+00
4.794999999999999929e+00 5.812830018997192383e+01 0.000000000000000000e+00 1.200000000000000000e+01
6.062000000000000277e+00 5.812830018997192383e+01 1.000000000000000000e+00 1.400000000000000000e+01
8.343999999999999417e+00 5.812830018997192383e+01 2.000000000000000000e+00 2.200000000000000000e+01
9.035000000000000142e+00 5.812830018997192383e+01 3.000000000000000000e+00 3.300000000000000000e+01
9.698999999999999844e+00 5.812830018997192383e+01 4.000000000000000000e+00 5.400000000000000000e+01
1.017199999999999882e+01 5.812830018997192383e+01 5.000000000000000000e+00 2.300000000000000000e+01
1.101900000000000013e+01 5.812830018997192383e+01 6.000000000000000000e+00 4.200000000000000000e+01
1.117699999999999960e+01 5.812830018997192383e+01 7.000000000000000000e+00 8.200000000000000000e+01
1.147899999999999920e+01 5.812830018997192383e+01 8.000000000000000000e+00 5.400000000000000000e+01
1.192200000000000060e+01 5.812830018997192383e+01 9.000000000000000000e+00 6.700000000000000000e+01
1.235200000000000031e+01 5.812830018997192383e+01 1.000000000000000000e+01 9.800000000000000000e+01
1.287199999999999811e+01 5.812830018997192383e+01 1.100000000000000000e+01 5.900000000000000000e+01
1.369799999999999862e+01 5.812830018997192383e+01 1.200000000000000000e+01 6.100000000000000000e+01
1.464999999999999858e+01 5.812830018997192383e+01 1.300000000000000000e+01 1.110000000000000000e+02
1.528099999999999703e+01 5.812830018997192383e+01 1.400000000000000000e+01 7.000000000000000000e+01
1.572999999999999687e+01 5.812830018997192383e+01 1.500000000000000000e+01 1.260000000000000000e+02
1.673099999999999454e+01 5.812830018997192383e+01 1.600000000000000000e+01 1.430000000000000000e+02
1.742599999999999127e+01 5.812830018997192383e+01 1.700000000000000000e+01 1.680000000000000000e+02
1.776399999999998869e+01 5.812830018997192383e+01 1.800000000000000000e+01 1.670000000000000000e+02
1.819999999999999218e+01 5.812830018997192383e+01 1.900000000000000000e+01 1.670000000000000000e+02
1.812499999999998934e+01 5.812830018997192383e+01 2.000000000000000000e+01 2.200000000000000000e+02
1.892899999999999139e+01 5.812830018997192383e+01 2.100000000000000000e+01 1.430000000000000000e+02
1.922699999999998965e+01 5.812830018997192383e+01 2.200000000000000000e+01 2.460000000000000000e+02
1.987499999999998934e+01 5.812830018997192383e+01 2.300000000000000000e+01 1.390000000000000000e+02
2.073399999999998045e+01 5.812830018997192383e+01 2.400000000000000000e+01 2.640000000000000000e+02
2.073499999999998167e+01 5.812830018997192383e+01 2.500000000000000000e+01 1.670000000000000000e+02
2.143399999999997263e+01 5.812830018997192383e+01 2.600000000000000000e+01 2.710000000000000000e+02
2.185299999999996956e+01 5.812830018997192383e+01 2.700000000000000000e+01 3.520000000000000000e+02
2.206399999999996453e+01 5.812830018997192383e+01 2.800000000000000000e+01 2.180000000000000000e+02
2.259699999999996578e+01 5.812830018997192383e+01 2.900000000000000000e+01 2.670000000000000000e+02
2.274499999999996902e+01 5.812830018997192383e+01 3.000000000000000000e+01 2.130000000000000000e+02
2.330699999999996663e+01 5.812830018997192383e+01 3.100000000000000000e+01 3.260000000000000000e+02
2.379199999999996251e+01 5.812830018997192383e+01 3.200000000000000000e+01 2.650000000000000000e+02
2.384999999999995879e+01 5.812830018997192383e+01 3.300000000000000000e+01 3.840000000000000000e+02
2.500699999999995171e+01 5.812830018997192383e+01 3.400000000000000000e+01 3.820000000000000000e+02
2.547399999999995046e+01 5.812830018997192383e+01 3.500000000000000000e+01 3.690000000000000000e+02
2.590399999999995018e+01 5.812830018997192383e+01 3.600000000000000000e+01 3.810000000000000000e+02
2.641899999999995075e+01 5.812830018997192383e+01 3.700000000000000000e+01 5.030000000000000000e+02
2.668799999999995265e+01 5.812830018997192383e+01 3.800000000000000000e+01 4.780000000000000000e+02
2.704899999999994620e+01 5.812830018997192383e+01 3.900000000000000000e+01 3.800000000000000000e+02
2.763799999999993773e+01 5.812830018997192383e+01 4.000000000000000000e+01 3.990000000000000000e+02
2.866699999999994120e+01 5.812830018997192383e+01 4.100000000000000000e+01 5.410000000000000000e+02
2.915699999999995029e+01 5.812830018997192383e+01 4.200000000000000000e+01 5.360000000000000000e+02
2.941699999999995896e+01 5.812830018997192383e+01 4.300000000000000000e+01 4.970000000000000000e+02
2.997899999999994947e+01 5.812830018997192383e+01 4.400000000000000000e+01 6.570000000000000000e+02
3.059399999999995856e+01 5.812830018997192383e+01 4.500000000000000000e+01 9.000000000000000000e+02
3.148199999999997090e+01 5.812830018997192383e+01 4.600000000000000000e+01 7.780000000000000000e+02
3.210299999999995890e+01 5.812830018997192383e+01 4.700000000000000000e+01 9.040000000000000000e+02
3.249699999999995725e+01 5.812830018997192383e+01 4.800000000000000000e+01 1.039000000000000000e+03
3.298599999999995447e+01 5.812830018997192383e+01 4.900000000000000000e+01 9.000000000000000000e+02
3.437800000000005696e+01 5.812830018997192383e+01 5.000000000000000000e+01 1.109000000000000000e+03
3.519200000000007833e+01 5.812830018997192383e+01 5.100000000000000000e+01 9.430000000000000000e+02
3.523300000000007515e+01 5.812830018997192383e+01 5.200000000000000000e+01 9.930000000000000000e+02
3.604800000000011551e+01 5.812830018997192383e+01 5.300000000000000000e+01 1.211000000000000000e+03
3.664300000000011437e+01 5.812830018997192383e+01 5.400000000000000000e+01 1.522000000000000000e+03
3.870200000000020424e+01 5.812830018997192383e+01 5.500000000000000000e+01 1.770000000000000000e+03
3.983000000000023988e+01 5.812830018997192383e+01 5.600000000000000000e+01 1.656000000000000000e+03
4.021700000000025454e+01 5.812830018997192383e+01 5.700000000000000000e+01 1.426000000000000000e+03
4.077200000000031110e+01 5.812830018997192383e+01 5.800000000000000000e+01 1.897000000000000000e+03
4.188100000000030576e+01 5.812830018997192383e+01 5.900000000000000000e+01 1.939000000000000000e+03
4.323300000000040200e+01 5.812830018997192383e+01 6.000000000000000000e+01 2.184000000000000000e+03
4.365700000000042991e+01 5.812830018997192383e+01 6.100000000000000000e+01 1.528000000000000000e+03
4.474200000000046629e+01 5.812830018997192383e+01 6.200000000000000000e+01 2.481000000000000000e+03
4.565700000000050096e+01 5.812830018997192383e+01 6.300000000000000000e+01 2.515000000000000000e+03
4.658900000000053865e+01 5.812830018997192383e+01 6.400000000000000000e+01 1.975000000000000000e+03
4.839000000000059742e+01 5.812830018997192383e+01 6.500000000000000000e+01 2.676000000000000000e+03
4.994300000000067996e+01 5.812830018997192383e+01 6.600000000000000000e+01 1.873000000000000000e+03
5.092700000000069593e+01 5.812830018997192383e+01 6.700000000000000000e+01 1.472000000000000000e+03
5.179500000000073356e+01 5.812830018997192383e+01 6.800000000000000000e+01 1.876000000000000000e+03
5.268700000000077210e+01 5.812830018997192383e+01 6.900000000000000000e+01 1.563000000000000000e+03
5.429000000000084469e+01 5.812830018997192383e+01 7.000000000000000000e+01 1.105000000000000000e+03
5.618600000000090944e+01 5.812830018997192383e+01 7.100000000000000000e+01 1.106000000000000000e+03
5.818000000000098737e+01 5.812830018997192383e+01 7.200000000000000000e+01 1.285000000000000000e+03
5.812830018997192383e+01 5.812830018997192383e+01 0.000000000000000000e+00 0.000000000000000000e+00
5.812830018997192383e+01 5.812830018997192383e+01 0.000000000000000000e+00 0.000000000000000000e+00
3.745999999999999552e+00 5.344566106796264648e+01 0.000000000000000000e+00 1.100000000000000000e+01
4.829999999999999183e+00 5.344566106796264648e+01 1.000000000000000000e+00 1.500000000000000000e+01
5.774000000000000909e+00 5.344566106796264648e+01 2.000000000000000000e+00 1.300000000000000000e+01
6.287000000000000810e+00 5.344566106796264648e+01 3.000000000000000000e+00 2.300000000000000000e+01
7.116000000000001435e+00 5.344566106796264648e+01 4.000000000000000000e+00 2.900000000000000000e+01
7.259000000000001229e+00 5.344566106796264648e+01 5.000000000000000000e+00 2.600000000000000000e+01
7.922000000000000597e+00 5.344566106796264648e+01 6.000000000000000000e+00 4.000000000000000000e+01
9.213000000000000966e+00 5.344566106796264648e+01 7.000000000000000000e+00 6.300000000000000000e+01
9.810999999999998167e+00 5.344566106796264648e+01 8.000000000000000000e+00 6.700000000000000000e+01
1.054099999999999859e+01 5.344566106796264648e+01 9.000000000000000000e+00 7.000000000000000000e+01
1.167800000000000082e+01 5.344566106796264648e+01 1.000000000000000000e+01 9.100000000000000000e+01
1.195600000000000129e+01 5.344566106796264648e+01 1.100000000000000000e+01 8.800000000000000000e+01
1.235800000000000054e+01 5.344566106796264648e+01 1.200000000000000000e+01 6.800000000000000000e+01
1.247199999999999953e+01 5.344566106796264648e+01 1.300000000000000000e+01 1.020000000000000000e+02
1.325199999999999889e+01 5.344566106796264648e+01 1.400000000000000000e+01 1.660000000000000000e+02
1.368799999999999528e+01 5.344566106796264648e+01 1.500000000000000000e+01 1.490000000000000000e+02
1.422599999999999909e+01 5.344566106796264648e+01 1.600000000000000000e+01 1.240000000000000000e+02
1.492099999999999937e+01 5.344566106796264648e+01 1.700000000000000000e+01 1.280000000000000000e+02
1.548100000000000165e+01 5.344566106796264648e+01 1.800000000000000000e+01 2.170000000000000000e+02
1.570300000000000118e+01 5.344566106796264648e+01 1.900000000000000000e+01 1.540000000000000000e+02
1.623200000000000287e+01 5.344566106796264648e+01 2.000000000000000000e+01 1.700000000000000000e+02
1.664100000000000179e+01 5.344566106796264648e+01 2.100000000000000000e+01 1.630000000000000000e+02
1.698199999999999932e+01 5.344566106796264648e+01 2.200000000000000000e+01 2.230000000000000000e+02
1.723600000000000065e+01 5.344566106796264648e+01 2.300000000000000000e+01 1.760000000000000000e+02
1.795899999999999608e+01 5.344566106796264648e+01 2.400000000000000000e+01 3.140000000000000000e+02
1.850999999999999091e+01 5.344566106796264648e+01 2.500000000000000000e+01 2.610000000000000000e+02
1.869599999999999085e+01 5.344566106796264648e+01 2.600000000000000000e+01 2.460000000000000000e+02
1.927599999999999270e+01 5.344566106796264648e+01 2.700000000000000000e+01 2.650000000000000000e+02
1.951899999999998769e+01 5.344566106796264648e+01 2.800000000000000000e+01 2.610000000000000000e+02
1.995299999999999585e+01 5.344566106796264648e+01 2.900000000000000000e+01 2.370000000000000000e+02
2.013399999999999679e+01 5.344566106796264648e+01 3.000000000000000000e+01 2.650000000000000000e+02
2.084700000000000486e+01 5.344566106796264648e+01 3.100000000000000000e+01 3.010000000000000000e+02
2.112500000000000711e+01 5.344566106796264648e+01 3.200000000000000000e+01 2.980000000000000000e+02
2.141100000000000492e+01 5.344566106796264648e+01 3.300000000000000000e+01 2.330000000000000000e+02
2.184100000000000108e+01 5.344566106796264648e+01 3.400000000000000000e+01 3.690000000000000000e+02
2.209999999999999076e+01 5.344566106796264648e+01 3.500000000000000000e+01 3.410000000000000000e+02
2.279599999999999227e+01 5.344566106796264648e+01 3.600000000000000000e+01 3.600000000000000000e+02
2.345099999999999696e+01 5.344566106796264648e+01 3.700000000000000000e+01 3.690000000000000000e+02
2.416900000000000048e+01 5.344566106796264648e+01 3.800000000000000000e+01 4.320000000000000000e+02
2.472999999999998977e+01 5.344566106796264648e+01 3.900000000000000000e+01 5.940000000000000000e+02
2.471099999999999142e+01 5.344566106796264648e+01 4.000000000000000000e+01 4.710000000000000000e+02
2.533699999999998553e+01 5.344566106796264648e+01 4.100000000000000000e+01 3.730000000000000000e+02
2.582699999999999108e+01 5.344566106796264648e+01 4.200000000000000000e+01 5.400000000000000000e+02
2.595499999999999119e+01 5.344566106796264648e+01 4.300000000000000000e+01 5.300000000000000000e+02
2.624999999999998934e+01 5.344566106796264648e+01 4.400000000000000000e+01 4.110000000000000000e+02
2.697799999999999088e+01 5.344566106796264648e+01 4.500000000000000000e+01 5.650000000000000000e+02
2.820200000000001594e+01 5.344566106796264648e+01 4.600000000000000000e+01 6.400000000000000000e+02
2.878300000000000480e+01 5.344566106796264648e+01 4.700000000000000000e+01 8.110000000000000000e+02
2.894600000000000506e+01 5.344566106796264648e+01 4.800000000000000000e+01 6.410000000000000000e+02
2.941700000000000870e+01 5.344566106796264648e+01 4.900000000000000000e+01 8.480000000000000000e+02
3.023499999999999588e+01 5.344566106796264648e+01 5.000000000000000000e+01 7.190000000000000000e+02
3.077900000000000702e+01 5.344566106796264648e+01 5.100000000000000000e+01 7.590000000000000000e+02
3.158499999999998309e+01 5.344566106796264648e+01 5.200000000000000000e+01 1.002000000000000000e+03
3.185199999999998610e+01 5.344566106796264648e+01 5.300000000000000000e+01 8.910000000000000000e+02
3.267499999999999005e+01 5.344566106796264648e+01 5.400000000000000000e+01 1.183000000000000000e+03
3.341100000000003689e+01 5.344566106796264648e+01 5.500000000000000000e+01 1.280000000000000000e+03
3.396500000000002473e+01 5.344566106796264648e+01 5.600000000000000000e+01 8.640000000000000000e+02
3.453200000000005332e+01 5.344566106796264648e+01 5.700000000000000000e+01 9.980000000000000000e+02
3.512400000000006628e+01 5.344566106796264648e+01 5.800000000000000000e+01 1.256000000000000000e+03
3.621100000000008379e+01 5.344566106796264648e+01 5.900000000000000000e+01 1.697000000000000000e+03
3.798600000000028842e+01 5.344566106796264648e+01 6.000000000000000000e+01 1.532000000000000000e+03
3.871900000000030673e+01 5.344566106796264648e+01 6.100000000000000000e+01 1.287000000000000000e+03
3.939100000000033930e+01 5.344566106796264648e+01 6.200000000000000000e+01 1.671000000000000000e+03
4.093100000000040239e+01 5.344566106796264648e+01 6.300000000000000000e+01 1.892000000000000000e+03
4.137300000000041678e+01 5.344566106796264648e+01 6.400000000000000000e+01 1.919000000000000000e+03
4.263600000000047174e+01 5.344566106796264648e+01 6.500000000000000000e+01 1.373000000000000000e+03
4.305100000000048510e+01 5.344566106796264648e+01 6.600000000000000000e+01 1.809000000000000000e+03
4.509000000000054342e+01 5.344566106796264648e+01 6.700000000000000000e+01 1.306000000000000000e+03
4.574000000000057042e+01 5.344566106796264648e+01 6.800000000000000000e+01 1.317000000000000000e+03
4.681900000000061368e+01 5.344566106796264648e+01 6.900000000000000000e+01 1.280000000000000000e+03
4.779300000000066007e+01 5.344566106796264648e+01 7.000000000000000000e+01 1.460000000000000000e+03
5.007500000000074891e+01 5.344566106796264648e+01 7.100000000000000000e+01 1.283000000000000000e+03
5.316100000000086112e+01 5.344566106796264648e+01 7.200000000000000000e+01 2.035000000000000000e+03
5.344566106796264648e+01 5.344566106796264648e+01 0.000000000000000000e+00 0.000000000000000000e+00
5.344566106796264648e+01 5.344566106796264648e+01 0.000000000000000000e+00 0.000000000000000000e+00
