3.745999999999999108e+00 5.120511054992675781e+01 0.000000000000000000e+00 6.000000000000000000e+00
4.947999999999999510e+00 5.120511054992675781e+01 1.000000000000000000e+00 8.000000000000000000e+00
6.114999999999998437e+00 5.120511054992675781e+01 2.000000000000000000e+00 9.000000000000000000e+00
7.631999999999997897e+00 5.120511054992675781e+01 3.000000000000000000e+00 1.800000000000000000e+01
8.560999999999998167e+00 5.120511054992675781e+01 4.000000000000000000e+00 2.100000000000000000e+01
9.107999999999996987e+00 5.120511054992675781e+01 5.000000000000000000e+00 1.200000000000000000e+01
9.989999999999996660e+00 5.120511054992675781e+01 6.000000000000000000e+00 2.100000000000000000e+01
1.016599999999999682e+01 5.120511054992675781e+01 7.000000000000000000e+00 3.300000000000000000e+01
1.063599999999999746e+01 5.120511054992675781e+01 8.000000000000000000e+00 3.600000000000000000e+01
1.131199999999999939e+01 5.120511054992675781e+01 9.000000000000000000e+00 6.800000000000000000e+01
1.212899999999999956e+01 5.120511054992675781e+01 1.000000000000000000e+01 4.000000000000000000e+01
1.212899999999999956e+01 5.120511054992675781e+01 1.100000000000000000e+01 2.600000000000000000e+01
1.303899999999999970e+01 5.120511054992675781e+01 1.200000000000000000e+01 7.500000000000000000e+01
1.376100000000000101e+01 5.120511054992675781e+01 1.300000000000000000e+01 7.400000000000000000e+01
1.421600000000000108e+01 5.120511054992675781e+01 1.400000000000000000e+01 5.100000000000000000e+01
1.429700000000000060e+01 5.120511054992675781e+01 1.500000000000000000e+01 7.500000000000000000e+01
1.503600000000000136e+01 5.120511054992675781e+01 1.600000000000000000e+01 9.300000000000000000e+01
1.548500000000000298e+01 5.120511054992675781e+01 1.700000000000000000e+01 1.230000000000000000e+02
1.645700000000000429e+01 5.120511054992675781e+01 1.800000000000000000e+01 1.070000000000000000e+02
1.707400000000000517e+01 5.120511054992675781e+01 1.900000000000000000e+01 1.460000000000000000e+02
1.767400000000000659e+01 5.120511054992675781e+01 2.000000000000000000e+01 7.500000000000000000e+01
1.774100000000000676e+01 5.120511054992675781e+01 2.100000000000000000e+01 1.170000000000000000e+02
1.824700000000000344e+01 5.120511054992675781e+01 2.200000000000000000e+01 1.350000000000000000e+02
1.879300000000000637e+01 5.120511054992675781e+01 2.300000000000000000e+01 1.840000000000000000e+02
1.921600000000000819e+01 5.120511054992675781e+01 2.400000000000000000e+01 1.370000000000000000e+02
1.949100000000001032e+01 5.120511054992675781e+01 2.500000000000000000e+01 1.870000000000000000e+02
1.980300000000000793e+01 5.120511054992675781e+01 2.600000000000000000e+01 1.940000000000000000e+02
1.992100000000001003e+01 5.120511054992675781e+01 2.700000000000000000e+01 2.290000000000000000e+02
2.058300000000000196e+01 5.120511054992675781e+01 2.800000000000000000e+01 1.510000000000000000e+02
2.066200000000000259e+01 5.120511054992675781e+01 2.900000000000000000e+01 1.850000000000000000e+02
2.125100000000000477e+01 5.120511054992675781e+01 3.000000000000000000e+01 2.150000000000000000e+02
2.153800000000000736e+01 5.120511054992675781e+01 3.100000000000000000e+01 2.130000000000000000e+02
2.193800000000000949e+01 5.120511054992675781e+01 3.200000000000000000e+01 2.010000000000000000e+02
2.224600000000001288e+01 5.120511054992675781e+01 3.300000000000000000e+01 2.230000000000000000e+02
2.238700000000001822e+01 5.120511054992675781e+01 3.400000000000000000e+01 2.450000000000000000e+02
2.295500000000001961e+01 5.120511054992675781e+01 3.500000000000000000e+01 2.530000000000000000e+02
2.345200000000002305e+01 5.120511054992675781e+01 3.600000000000000000e+01 1.870000000000000000e+02
2.364400000000002677e+01 5.120511054992675781e+01 3.700000000000000000e+01 2.940000000000000000e+02
2.411900000000001754e+01 5.120511054992675781e+01 3.800000000000000000e+01 2.250000000000000000e+02
2.466300000000001447e+01 5.120511054992675781e+01 3.900000000000000000e+01 2.530000000000000000e+02
2.506700000000001083e+01 5.120511054992675781e+01 4.000000000000000000e+01 3.220000000000000000e+02
2.539800000000000679e+01 5.120511054992675781e+01 4.100000000000000000e+01 2.360000000000000000e+02
2.558900000000000574e+01 5.120511054992675781e+01 4.200000000000000000e+01 2.520000000000000000e+02
2.625500000000000966e+01 5.120511054992675781e+01 4.300000000000000000e+01 3.940000000000000000e+02
2.689700000000000202e+01 5.120511054992675781e+01 4.400000000000000000e+01 3.130000000000000000e+02
2.757200000000001694e+01 5.120511054992675781e+01 4.500000000000000000e+01 4.960000000000000000e+02
2.824100000000001032e+01 5.120511054992675781e+01 4.600000000000000000e+01 3.980000000000000000e+02
2.851700000000001367e+01 5.120511054992675781e+01 4.700000000000000000e+01 4.830000000000000000e+02
2.952300000000003521e+01 5.120511054992675781e+01 4.800000000000000000e+01 5.520000000000000000e+02
2.986600000000004229e+01 5.120511054992675781e+01 4.900000000000000000e+01 4.790000000000000000e+02
3.010000000000004050e+01 5.120511054992675781e+01 5.000000000000000000e+01 5.980000000000000000e+02
3.064700000000005176e+01 5.120511054992675781e+01 5.100000000000000000e+01 5.820000000000000000e+02
3.109000000000004604e+01 5.120511054992675781e+01 5.200000000000000000e+01 5.260000000000000000e+02
3.199500000000004363e+01 5.120511054992675781e+01 5.300000000000000000e+01 6.630000000000000000e+02
3.262300000000005440e+01 5.120511054992675781e+01 5.400000000000000000e+01 5.560000000000000000e+02
3.243000000000005656e+01 5.120511054992675781e+01 5.500000000000000000e+01 6.230000000000000000e+02
3.322300000000009845e+01 5.120511054992675781e+01 5.600000000000000000e+01 6.560000000000000000e+02
3.412800000000009959e+01 5.120511054992675781e+01 5.700000000000000000e+01 8.440000000000000000e+02
3.529500000000020776e+01 5.120511054992675781e+01 5.800000000000000000e+01 8.220000000000000000e+02
3.602800000000016922e+01 5.120511054992675781e+01 5.900000000000000000e+01 7.590000000000000000e+02
3.670900000000022345e+01 5.120511054992675781e+01 6.000000000000000000e+01 5.040000000000000000e+02
3.767000000000020066e+01 5.120511054992675781e+01 6.100000000000000000e+01 6.960000000000000000e+02
3.860600000000027165e+01 5.120511054992675781e+01 6.200000000000000000e+01 1.155000000000000000e+03
3.982300000000034856e+01 5.120511054992675781e+01 6.300000000000000000e+01 9.300000000000000000e+02
4.033100000000037255e+01 5.120511054992675781e+01 6.400000000000000000e+01 1.515000000000000000e+03
4.287900000000048095e+01 5.120511054992675781e+01 6.500000000000000000e+01 1.757000000000000000e+03
4.377500000000051017e+01 5.120511054992675781e+01 6.600000000000000000e+01 1.153000000000000000e+03
4.550500000000057099e+01 5.120511054992675781e+01 6.700000000000000000e+01 1.046000000000000000e+03
4.651500000000061164e+01 5.120511054992675781e+01 6.800000000000000000e+01 3.070000000000000000e+03
4.774400000000066058e+01 5.120511054992675781e+01 6.900000000000000000e+01 1.432000000000000000e+03
4.888000000000070600e+01 5.120511054992675781e+01 7.000000000000000000e+01 1.454000000000000000e+03
5.004000000000074522e+01 5.120511054992675781e+01 7.100000000000000000e+01 7.700000000000000000e+02
5.107700000000077978e+01 5.120511054992675781e+01 7.200000000000000000e+01 9.360000000000000000e+02
5.120511054992675781e+01 5.120511054992675781e+01 0.000000000000000000e+00 0.000000000000000000e+00
5.120511054992675781e+01 5.120511054992675781e+01 0.000000000000000000e+00 0.000000000000000000e+00
4.008000000000000007e+00 5.389083957672119141e+01 0.000000000000000000e+00 4.000000000000000000e+00
5.405000000000000249e+00 5.389083957672119141e+01 1.000000000000000000e+00 6.000000000000000000e+00
6.182999999999999829e+00 5.389083957672119141e+01 2.000000000000000000e+00 1.800000000000000000e+01
6.567000000000000171e+00 5.389083957672119141e+01 3.000000000000000000e+00 1.400000000000000000e+01
7.316000000000000725e+00 5.389083957672119141e+01 4.000000000000000000e+00 1.900000000000000000e+01
7.858999999999999986e+00 5.389083957672119141e+01 5.000000000000000000e+00 1.500000000000000000e+01
8.565000000000001279e+00 5.389083957672119141e+01 6.000000000000000000e+00 2.500000000000000000e+01
9.083000000000001961e+00 5.389083957672119141e+01 7.000000000000000000e+00 3.800000000000000000e+01
9.588000000000002743e+00 5.389083957672119141e+01 8.000000000000000000e+00 3.400000000000000000e+01
9.916000000000003922e+00 5.389083957672119141e+01 9.000000000000000000e+00 3.200000000000000000e+01
1.102900000000000347e+01 5.389083957672119141e+01 1.000000000000000000e+01 6.900000000000000000e+01
1.131000000000000227e+01 5.389083957672119141e+01 1.100000000000000000e+01 6.100000000000000000e+01
1.195200000000000173e+01 5.389083957672119141e+01 1.200000000000000000e+01 8.100000000000000000e+01
1.222600000000000264e+01 5.389083957672119141e+01 1.300000000000000000e+01 3.600000000000000000e+01
1.239600000000000257e+01 5.389083957672119141e+01 1.400000000000000000e+01 4.100000000000000000e+01
1.267300000000000182e+01 5.389083957672119141e+01 1.500000000000000000e+01 5.600000000000000000e+01
1.336900000000000333e+01 5.389083957672119141e+01 1.600000000000000000e+01 8.600000000000000000e+01
1.350400000000000311e+01 5.389083957672119141e+01 1.700000000000000000e+01 6.700000000000000000e+01
1.368300000000000516e+01 5.389083957672119141e+01 1.800000000000000000e+01 1.080000000000000000e+02
1.438400000000000389e+01 5.389083957672119141e+01 1.900000000000000000e+01 6.100000000000000000e+01
1.450700000000000323e+01 5.389083957672119141e+01 2.000000000000000000e+01 8.500000000000000000e+01
1.509200000000000230e+01 5.389083957672119141e+01 2.100000000000000000e+01 9.000000000000000000e+01
1.554500000000000171e+01 5.389083957672119141e+01 2.200000000000000000e+01 9.200000000000000000e+01
1.591400000000000148e+01 5.389083957672119141e+01 2.300000000000000000e+01 7.300000000000000000e+01
1.651900000000000546e+01 5.389083957672119141e+01 2.400000000000000000e+01 1.080000000000000000e+02
1.679500000000000526e+01 5.389083957672119141e+01 2.500000000000000000e+01 1.710000000000000000e+02
1.752300000000000324e+01 5.389083957672119141e+01 2.600000000000000000e+01 1.080000000000000000e+02
1.847599999999999909e+01 5.389083957672119141e+01 2.700000000000000000e+01 2.080000000000000000e+02
1.902899999999999636e+01 5.389083957672119141e+01 2.800000000000000000e+01 2.750000000000000000e+02
1.956299999999999528e+01 5.389083957672119141e+01 2.900000000000000000e+01 1.790000000000000000e+02
2.007799999999999585e+01 5.389083957672119141e+01 3.000000000000000000e+01 1.560000000000000000e+02
2.022499999999999076e+01 5.389083957672119141e+01 3.100000000000000000e+01 2.150000000000000000e+02
2.069599999999998730e+01 5.389083957672119141e+01 3.200000000000000000e+01 2.470000000000000000e+02
2.150399999999999778e+01 5.389083957672119141e+01 3.300000000000000000e+01 2.530000000000000000e+02
2.202500000000000568e+01 5.389083957672119141e+01 3.400000000000000000e+01 3.090000000000000000e+02
2.274200000000001509e+01 5.389083957672119141e+01 3.500000000000000000e+01 1.910000000000000000e+02
2.291600000000001813e+01 5.389083957672119141e+01 3.600000000000000000e+01 2.640000000000000000e+02
2.326400000000001711e+01 5.389083957672119141e+01 3.700000000000000000e+01 2.810000000000000000e+02
2.397900000000002052e+01 5.389083957672119141e+01 3.800000000000000000e+01 4.060000000000000000e+02
2.426200000000001467e+01 5.389083957672119141e+01 3.900000000000000000e+01 3.040000000000000000e+02
2.475300000000001432e+01 5.389083957672119141e+01 4.000000000000000000e+01 2.420000000000000000e+02
2.541300000000000736e+01 5.389083957672119141e+01 4.100000000000000000e+01 3.270000000000000000e+02
2.577600000000000691e+01 5.389083957672119141e+01 4.200000000000000000e+01 2.780000000000000000e+02
2.599000000000000909e+01 5.389083957672119141e+01 4.300000000000000000e+01 3.820000000000000000e+02
2.689799999999999613e+01 5.389083957672119141e+01 4.400000000000000000e+01 5.460000000000000000e+02
2.758700000000000330e+01 5.389083957672119141e+01 4.500000000000000000e+01 4.180000000000000000e+02
2.768700000000000117e+01 5.389083957672119141e+01 4.600000000000000000e+01 3.020000000000000000e+02
2.821600000000000463e+01 5.389083957672119141e+01 4.700000000000000000e+01 4.210000000000000000e+02
2.903400000000001668e+01 5.389083957672119141e+01 4.800000000000000000e+01 4.430000000000000000e+02
2.945900000000001029e+01 5.389083957672119141e+01 4.900000000000000000e+01 5.260000000000000000e+02
3.034300000000001063e+01 5.389083957672119141e+01 5.000000000000000000e+01 7.860000000000000000e+02
3.116300000000002868e+01 5.389083957672119141e+01 5.100000000000000000e+01 3.230000000000000000e+02
3.122000000000002373e+01 5.389083957672119141e+01 5.200000000000000000e+01 4.830000000000000000e+02
3.213200000000004053e+01 5.389083957672119141e+01 5.300000000000000000e+01 6.200000000000000000e+02
3.262200000000005673e+01 5.389083957672119141e+01 5.400000000000000000e+01 8.360000000000000000e+02
3.356200000000005446e+01 5.389083957672119141e+01 5.500000000000000000e+01 7.070000000000000000e+02
3.440300000000011238e+01 5.389083957672119141e+01 5.600000000000000000e+01 6.630000000000000000e+02
3.603000000000005798e+01 5.389083957672119141e+01 5.700000000000000000e+01 6.930000000000000000e+02
3.672200000000015052e+01 5.389083957672119141e+01 5.800000000000000000e+01 1.503000000000000000e+03
3.852400000000007196e+01 5.389083957672119141e+01 5.900000000000000000e+01 8.010000000000000000e+02
3.943400000000016803e+01 5.389083957672119141e+01 6.000000000000000000e+01 1.444000000000000000e+03
3.975700000000016132e+01 5.389083957672119141e+01 6.100000000000000000e+01 1.072000000000000000e+03
4.085600000000025034e+01 5.389083957672119141e+01 6.200000000000000000e+01 1.821000000000000000e+03
4.153500000000027370e+01 5.389083957672119141e+01 6.300000000000000000e+01 8.720000000000000000e+02
4.230900000000031724e+01 5.389083957672119141e+01 6.400000000000000000e+01 1.858000000000000000e+03
4.317400000000034765e+01 5.389083957672119141e+01 6.500000000000000000e+01 2.789000000000000000e+03
4.531000000000043570e+01 5.389083957672119141e+01 6.600000000000000000e+01 1.390000000000000000e+03
4.667600000000049221e+01 5.389083957672119141e+01 6.700000000000000000e+01 1.590000000000000000e+03
4.868000000000056815e+01 5.389083957672119141e+01 6.800000000000000000e+01 1.557000000000000000e+03
5.000200000000062062e+01 5.389083957672119141e+01 6.900000000000000000e+01 2.010000000000000000e+03
5.133100000000067098e+01 5.389083957672119141e+01 7.000000000000000000e+01 1.093000000000000000e+03
5.255100000000071958e+01 5.389083957672119141e+01 7.100000000000000000e+01 1.981000000000000000e+03
5.379100000000075710e+01 5.389083957672119141e+01 7.200000000000000000e+01 1.963000000000000000e+03
5.389083957672119141e+01 5.389083957672119141e+01 0.000000000000000000e+00 0.000000000000000000e+00
5.389083957672119141e+01 5.389083957672119141e+01 0.000000000000000000e+00 0.000000000000000000e+00
5.541999999999999815e+00 5.651964926719665527e+01 0.000000000000000000e+00 6.000000000000000000e+00
6.529999999999999361e+00 5.651964926719665527e+01 1.000000000000000000e+00 6.000000000000000000e+00
7.308999999999998387e+00 5.651964926719665527e+01 2.000000000000000000e+00 9.000000000000000000e+00
8.255999999999998451e+00 5.651964926719665527e+01 3.000000000000000000e+00 2.100000000000000000e+01
8.809999999999998721e+00 5.651964926719665527e+01 4.000000000000000000e+00 3.600000000000000000e+01
9.528999999999999915e+00 5.651964926719665527e+01 5.000000000000000000e+00 4.200000000000000000e+01
1.023099999999999987e+01 5.651964926719665527e+01 6.000000000000000000e+00 3.900000000000000000e+01
1.038600000000000101e+01 5.651964926719665527e+01 7.000000000000000000e+00 1.900000000000000000e+01
1.107499999999999929e+01 5.651964926719665527e+01 8.000000000000000000e+00 2.800000000000000000e+01
1.123899999999999899e+01 5.651964926719665527e+01 9.000000000000000000e+00 3.300000000000000000e+01
1.134699999999999775e+01 5.651964926719665527e+01 1.000000000000000000e+01 4.700000000000000000e+01
1.181799999999999784e+01 5.651964926719665527e+01 1.100000000000000000e+01 4.900000000000000000e+01
1.247299999999999720e+01 5.651964926719665527e+01 1.200000000000000000e+01 6.500000000000000000e+01
1.291099999999999604e+01 5.651964926719665527e+01 1.300000000000000000e+01 6.900000000000000000e+01
1.361799999999999677e+01 5.651964926719665527e+01 1.400000000000000000e+01 8.000000000000000000e+01
1.430899999999999750e+01 5.651964926719665527e+01 1.500000000000000000e+01 1.210000000000000000e+02
1.439799999999999791e+01 5.651964926719665527e+01 1.600000000000000000e+01 1.080000000000000000e+02
1.497499999999999964e+01 5.651964926719665527e+01 1.700000000000000000e+01 5.500000000000000000e+01
1.493999999999999773e+01 5.651964926719665527e+01 1.800000000000000000e+01 6.600000000000000000e+01
1.560299999999999976e+01 5.651964926719665527e+01 1.900000000000000000e+01 8.100000000000000000e+01
1.596299999999999919e+01 5.651964926719665527e+01 2.000000000000000000e+01 1.030000000000000000e+02
1.619599999999999795e+01 5.651964926719665527e+01 2.100000000000000000e+01 1.070000000000000000e+02
1.664599999999999369e+01 5.651964926719665527e+01 2.200000000000000000e+01 1.560000000000000000e+02
1.697299999999999542e+01 5.651964926719665527e+01 2.300000000000000000e+01 6.400000000000000000e+01
1.718499999999999517e+01 5.651964926719665527e+01 2.400000000000000000e+01 1.070000000000000000e+02
1.732699999999999463e+01 5.651964926719665527e+01 2.500000000000000000e+01 1.180000000000000000e+02
1.754999999999999361e+01 5.651964926719665527e+01 2.600000000000000000e+01 9.400000000000000000e+01
1.807199999999999562e+01 5.651964926719665527e+01 2.700000000000000000e+01 9.500000000000000000e+01
1.816699999999999449e+01 5.651964926719665527e+01 2.800000000000000000e+01 1.040000000000000000e+02
1.846599999999999397e+01 5.651964926719665527e+01 2.900000000000000000e+01 1.650000000000000000e+02
1.954800000000000182e+01 5.651964926719665527e+01 3.000000000000000000e+01 1.350000000000000000e+02
1.954800000000000182e+01 5.651964926719665527e+01 3.100000000000000000e+01 1.870000000000000000e+02
2.034299999999999997e+01 5.651964926719665527e+01 3.200000000000000000e+01 1.950000000000000000e+02
2.048799999999999955e+01 5.651964926719665527e+01 3.300000000000000000e+01 1.280000000000000000e+02
2.091000000000000369e+01 5.651964926719665527e+01 3.400000000000000000e+01 2.110000000000000000e+02
2.225100000000001543e+01 5.651964926719665527e+01 3.500000000000000000e+01 2.610000000000000000e+02
2.281600000000002382e+01 5.651964926719665527e+01 3.600000000000000000e+01 2.350000000000000000e+02
2.362200000000002476e+01 5.651964926719665527e+01 3.700000000000000000e+01 2.270000000000000000e+02
2.386700000000002930e+01 5.651964926719665527e+01 3.800000000000000000e+01 3.590000000000000000e+02
2.465800000000002612e+01 5.651964926719665527e+01 3.900000000000000000e+01 2.740000000000000000e+02
2.431300000000002370e+01 5.651964926719665527e+01 4.000000000000000000e+01 3.450000000000000000e+02
2.503700000000002035e+01 5.651964926719665527e+01 4.100000000000000000e+01 4.300000000000000000e+02
2.589400000000001256e+01 5.651964926719665527e+01 4.200000000000000000e+01 3.540000000000000000e+02
2.639200000000001012e+01 5.651964926719665527e+01 4.300000000000000000e+01 3.860000000000000000e+02
2.682000000000001450e+01 5.651964926719665527e+01 4.400000000000000000e+01 4.030000000000000000e+02
2.763000000000003453e+01 5.651964926719665527e+01 4.500000000000000000e+01 5.290000000000000000e+02
2.822100000000003561e+01 5.651964926719665527e+01 4.600000000000000000e+01 3.520000000000000000e+02
2.844400000000003814e+01 5.651964926719665527e+01 4.700000000000000000e+01 4.610000000000000000e+02
2.952400000000005420e+01 5.651964926719665527e+01 4.800000000000000000e+01 7.000000000000000000e+02
3.023300000000006094e+01 5.651964926719665527e+01 4.900000000000000000e+01 3.770000000000000000e+02
3.149100000000003874e+01 5.651964926719665527e+01 5.000000000000000000e+01 7.180000000000000000e+02
3.231200000000004025e+01 5.651964926719665527e+01 5.100000000000000000e+01 4.880000000000000000e+02
3.243700000000003314e+01 5.651964926719665527e+01 5.200000000000000000e+01 5.310000000000000000e+02
3.350300000000009959e+01 5.651964926719665527e+01 5.300000000000000000e+01 5.840000000000000000e+02
3.445700000000014995e+01 5.651964926719665527e+01 5.400000000000000000e+01 7.500000000000000000e+02
3.498100000000017218e+01 5.651964926719665527e+01 5.500000000000000000e+01 4.430000000000000000e+02
3.692700000000029803e+01 5.651964926719665527e+01 5.600000000000000000e+01 7.050000000000000000e+02
3.815500000000023562e+01 5.651964926719665527e+01 5.700000000000000000e+01 1.396000000000000000e+03
3.901900000000033941e+01 5.651964926719665527e+01 5.800000000000000000e+01 1.082000000000000000e+03
3.948700000000030741e+01 5.651964926719665527e+01 5.900000000000000000e+01 9.080000000000000000e+02
4.042800000000038807e+01 5.651964926719665527e+01 6.000000000000000000e+01 1.337000000000000000e+03
4.181300000000040029e+01 5.651964926719665527e+01 6.100000000000000000e+01 1.003000000000000000e+03
4.249000000000047805e+01 5.651964926719665527e+01 6.200000000000000000e+01 2.453000000000000000e+03
4.378600000000053427e+01 5.651964926719665527e+01 6.300000000000000000e+01 1.303000000000000000e+03
4.580700000000059902e+01 5.651964926719665527e+01 6.400000000000000000e+01 1.169000000000000000e+03
4.669200000000063255e+01 5.651964926719665527e+01 6.500000000000000000e+01 2.606000000000000000e+03
4.868900000000071060e+01 5.651964926719665527e+01 6.600000000000000000e+01 1.921000000000000000e+03
4.951900000000074442e+01 5.651964926719665527e+01 6.700000000000000000e+01 2.971000000000000000e+03
5.059100000000078978e+01 5.651964926719665527e+01 6.800000000000000000e+01 1.551000000000000000e+03
5.247400000000085640e+01 5.651964926719665527e+01 6.900000000000000000e+01 2.073000000000000000e+03
5.381700000000092388e+01 5.651964926719665527e+01 7.000000000000000000e+01 1.152000000000000000e+03
5.495300000000095508e+01 5.651964926719665527e+01 7.100000000000000000e+01 2.410000000000000000e+03
5.650200000000101141e+01 5.651964926719665527e+01 7.200000000000000000e+01 1.729000000000000000e+03
5.651964926719665527e+01 5.651964926719665527e+01 0.000000000000000000e+00 0.000000000000000000e+00
5.651964926719665527e+01 5.651964926719665527e+01 0.000000000000000000e+00 0.000000000000000000e+00
4.155000000000000249e+00 5.238409972190856934e+01 0.000000000000000000e+00 0.000000000000000000e+00
6.148000000000000576e+00 5.238409972190856934e+01 1.000000000000000000e+00 0.000000000000000000e+00
7.121999999999999886e+00 5.238409972190856934e+01 2.000000000000000000e+00 5.000000000000000000e+00
8.445999999999999730e+00 5.238409972190856934e+01 3.000000000000000000e+00 1.000000000000000000e+01
8.818999999999999062e+00 5.238409972190856934e+01 4.000000000000000000e+00 9.000000000000000000e+00
9.181999999999998607e+00 5.238409972190856934e+01 5.000000000000000000e+00 2.200000000000000000e+01
9.711999999999999744e+00 5.238409972190856934e+01 6.000000000000000000e+00 8.000000000000000000e+00
1.022699999999999854e+01 5.238409972190856934e+01 7.000000000000000000e+00 1.500000000000000000e+01
1.056399999999999828e+01 5.238409972190856934e+01 8.000000000000000000e+00 2.400000000000000000e+01
1.121899999999999942e+01 5.238409972190856934e+01 9.000000000000000000e+00 3.900000000000000000e+01
1.169699999999999918e+01 5.238409972190856934e+01 1.000000000000000000e+01 2.800000000000000000e+01
1.216399999999999970e+01 5.238409972190856934e+01 1.100000000000000000e+01 6.000000000000000000e+01
1.231700000000000017e+01 5.238409972190856934e+01 1.200000000000000000e+01 2.200000000000000000e+01
1.261300000000000132e+01 5.238409972190856934e+01 1.300000000000000000e+01 3.000000000000000000e+01
1.286700000000000088e+01 5.238409972190856934e+01 1.400000000000000000e+01 4.400000000000000000e+01
1.355900000000000105e+01 5.238409972190856934e+01 1.500000000000000000e+01 4.300000000000000000e+01
1.401000000000000156e+01 5.238409972190856934e+01 1.600000000000000000e+01 5.200000000000000000e+01
1.466900000000000226e+01 5.238409972190856934e+01 1.700000000000000000e+01 7.000000000000000000e+01
1.517600000000000016e+01 5.238409972190856934e+01 1.800000000000000000e+01 5.500000000000000000e+01
1.554599999999999937e+01 5.238409972190856934e+01 1.900000000000000000e+01 7.300000000000000000e+01
1.602399999999999736e+01 5.238409972190856934e+01 2.000000000000000000e+01 8.500000000000000000e+01
1.637299999999999756e+01 5.238409972190856934e+01 2.100000000000000000e+01 7.200000000000000000e+01
1.704299999999999571e+01 5.238409972190856934e+01 2.200000000000000000e+01 1.600000000000000000e+02
1.742299999999999827e+01 5.238409972190856934e+01 2.300000000000000000e+01 1.040000000000000000e+02
1.779799999999999827e+01 5.238409972190856934e+01 2.400000000000000000e+01 7.800000000000000000e+01
1.820599999999999596e+01 5.238409972190856934e+01 2.500000000000000000e+01 1.040000000000000000e+02
1.811399999999999721e+01 5.238409972190856934e+01 2.600000000000000000e+01 1.360000000000000000e+02
1.847999999999999332e+01 5.238409972190856934e+01 2.700000000000000000e+01 1.110000000000000000e+02
1.922599999999999554e+01 5.238409972190856934e+01 2.800000000000000000e+01 1.520000000000000000e+02
1.994899999999999451e+01 5.238409972190856934e+01 2.900000000000000000e+01 1.280000000000000000e+02
2.003899999999999437e+01 5.238409972190856934e+01 3.000000000000000000e+01 1.650000000000000000e+02
2.053299999999999770e+01 5.238409972190856934e+01 3.100000000000000000e+01 2.000000000000000000e+02
2.109999999999999432e+01 5.238409972190856934e+01 3.200000000000000000e+01 1.430000000000000000e+02
2.147700000000000031e+01 5.238409972190856934e+01 3.300000000000000000e+01 2.260000000000000000e+02
2.229400000000000404e+01 5.238409972190856934e+01 3.400000000000000000e+01 2.160000000000000000e+02
2.321700000000000941e+01 5.238409972190856934e+01 3.500000000000000000e+01 2.760000000000000000e+02
2.335500000000001108e+01 5.238409972190856934e+01 3.600000000000000000e+01 2.180000000000000000e+02
2.381200000000001538e+01 5.238409972190856934e+01 3.700000000000000000e+01 2.220000000000000000e+02
2.374800000000001887e+01 5.238409972190856934e+01 3.800000000000000000e+01 2.320000000000000000e+02
2.466600000000001813e+01 5.238409972190856934e+01 3.900000000000000000e+01 3.100000000000000000e+02
2.586999999999999744e+01 5.238409972190856934e+01 4.000000000000000000e+01 4.260000000000000000e+02
2.609199999999999164e+01 5.238409972190856934e+01 4.100000000000000000e+01 3.320000000000000000e+02
2.658599999999998786e+01 5.238409972190856934e+01 4.200000000000000000e+01 5.110000000000000000e+02
2.717099999999998872e+01 5.238409972190856934e+01 4.300000000000000000e+01 4.740000000000000000e+02
2.750799999999999201e+01 5.238409972190856934e+01 4.400000000000000000e+01 4.950000000000000000e+02
2.855000000000000426e+01 5.238409972190856934e+01 4.500000000000000000e+01 6.080000000000000000e+02
2.914499999999999957e+01 5.238409972190856934e+01 4.600000000000000000e+01 4.430000000000000000e+02
2.980600000000000094e+01 5.238409972190856934e+01 4.700000000000000000e+01 6.020000000000000000e+02
3.061200000000002674e+01 5.238409972190856934e+01 4.800000000000000000e+01 5.640000000000000000e+02
3.123000000000002885e+01 5.238409972190856934e+01 4.900000000000000000e+01 4.070000000000000000e+02
3.142800000000002925e+01 5.238409972190856934e+01 5.000000000000000000e+01 6.280000000000000000e+02
3.202900000000003899e+01 5.238409972190856934e+01 5.100000000000000000e+01 6.470000000000000000e+02
3.258700000000003172e+01 5.238409972190856934e+01 5.200000000000000000e+01 4.710000000000000000e+02
3.328000000000010061e+01 5.238409972190856934e+01 5.300000000000000000e+01 1.001000000000000000e+03
3.423100000000013665e+01 5.238409972190856934e+01 5.400000000000000000e+01 6.490000000000000000e+02
3.470900000000014529e+01 5.238409972190856934e+01 5.500000000000000000e+01 6.230000000000000000e+02
3.560500000000019583e+01 5.238409972190856934e+01 5.600000000000000000e+01 7.370000000000000000e+02
3.653100000000016934e+01 5.238409972190856934e+01 5.700000000000000000e+01 5.300000000000000000e+02
3.718700000000023920e+01 5.238409972190856934e+01 5.800000000000000000e+01 8.120000000000000000e+02
3.775700000000018974e+01 5.238409972190856934e+01 5.900000000000000000e+01 1.111000000000000000e+03
3.864100000000030377e+01 5.238409972190856934e+01 6.000000000000000000e+01 1.143000000000000000e+03
3.976500000000026347e+01 5.238409972190856934e+01 6.100000000000000000e+01 1.243000000000000000e+03
3.974500000000026745e+01 5.238409972190856934e+01 6.200000000000000000e+01 1.070000000000000000e+03
4.020300000000029428e+01 5.238409972190856934e+01 6.300000000000000000e+01 1.038000000000000000e+03
4.184200000000037534e+01 5.238409972190856934e+01 6.400000000000000000e+01 1.875000000000000000e+03
4.220000000000040075e+01 5.238409972190856934e+01 6.500000000000000000e+01 1.722000000000000000e+03
4.318100000000042371e+01 5.238409972190856934e+01 6.600000000000000000e+01 1.344000000000000000e+03
4.471400000000048180e+01 5.238409972190856934e+01 6.700000000000000000e+01 1.610000000000000000e+03
4.621500000000054342e+01 5.238409972190856934e+01 6.800000000000000000e+01 1.161000000000000000e+03
4.741400000000059833e+01 5.238409972190856934e+01 6.900000000000000000e+01 9.830000000000000000e+02
4.868400000000065830e+01 5.238409972190856934e+01 7.000000000000000000e+01 1.541000000000000000e+03
5.069700000000072038e+01 5.238409972190856934e+01 7.100000000000000000e+01 1.652000000000000000e+03
5.230400000000078364e+01 5.238409972190856934e+01 7.200000000000000000e+01 1.376000000000000000e+03
5.238409972190856934e+01 5.238409972190856934e+01 0.000000000000000000e+00 0.000000000000000000e+00
5.238409972190856934e+01 5.238409972190856934e+01 0.000000000000000000e+00 0.000000000000000000e+00
4.136000000000000121e+00 5.332214236259460449e+01 0.000000000000000000e+00 0.000000000000000000e+00
5.336999999999999744e+00 5.332214236259460449e+01 1.000000000000000000e+00 1.200000000000000000e+01
5.727999999999999758e+00 5.332214236259460449e+01 2.000000000000000000e+00 9.000000000000000000e+00
6.493000000000000327e+00 5.332214236259460449e+01 3.000000000000000000e+00 9.000000000000000000e+00
6.493000000000000327e+00 5.332214236259460449e+01 4.000000000000000000e+00 9.000000000000000000e+00
7.575000000000001066e+00 5.332214236259460449e+01 5.000000000000000000e+00 1.800000000000000000e+01
8.280000000000001137e+00 5.332214236259460449e+01 6.000000000000000000e+00 3.300000000000000000e+01
8.795000000000001705e+00 5.332214236259460449e+01 7.000000000000000000e+00 4.300000000000000000e+01
9.121999999999999886e+00 5.332214236259460449e+01 8.000000000000000000e+00 1.900000000000000000e+01
9.950000000000001066e+00 5.332214236259460449e+01 9.000000000000000000e+00 4.200000000000000000e+01
1.027000000000000135e+01 5.332214236259460449e+01 1.000000000000000000e+01 5.400000000000000000e+01
1.069900000000000340e+01 5.332214236259460449e+01 1.100000000000000000e+01 4.200000000000000000e+01
1.134500000000000064e+01 5.332214236259460449e+01 1.200000000000000000e+01 5.600000000000000000e+01
1.149399999999999977e+01 5.332214236259460449e+01 1.300000000000000000e+01 7.900000000000000000e+01
1.234500000000000064e+01 5.332214236259460449e+01 1.400000000000000000e+01 7.500000000000000000e+01
1.273799999999999955e+01 5.332214236259460449e+01 1.500000000000000000e+01 9.100000000000000000e+01
1.369999999999999929e+01 5.332214236259460449e+01 1.600000000000000000e+01 8.500000000000000000e+01
1.418500000000000227e+01 5.332214236259460449e+01 1.700000000000000000e+01 6.800000000000000000e+01
1.485899999999999999e+01 5.332214236259460449e+01 1.800000000000000000e+01 1.480000000000000000e+02
1.523199999999999932e+01 5.332214236259460449e+01 1.900000000000000000e+01 8.300000000000000000e+01
1.594599999999999973e+01 5.332214236259460449e+01 2.000000000000000000e+01 1.020000000000000000e+02
1.606400000000000006e+01 5.332214236259460449e+01 2.100000000000000000e+01 9.500000000000000000e+01
1.662499999999999645e+01 5.332214236259460449e+01 2.200000000000000000e+01 1.740000000000000000e+02
1.691999999999999815e+01 5.332214236259460449e+01 2.300000000000000000e+01 9.900000000000000000e+01
1.831799999999999429e+01 5.332214236259460449e+01 2.400000000000000000e+01 1.400000000000000000e+02
1.892899999999999139e+01 5.332214236259460449e+01 2.500000000000000000e+01 1.660000000000000000e+02
1.871199999999999619e+01 5.332214236259460449e+01 2.600000000000000000e+01 1.920000000000000000e+02
1.939699999999999136e+01 5.332214236259460449e+01 2.700000000000000000e+01 1.250000000000000000e+02
2.014899999999999380e+01 5.332214236259460449e+01 2.800000000000000000e+01 2.370000000000000000e+02
2.066299999999999670e+01 5.332214236259460449e+01 2.900000000000000000e+01 1.910000000000000000e+02
2.081499999999999417e+01 5.332214236259460449e+01 3.000000000000000000e+01 2.520000000000000000e+02
2.157900000000000418e+01 5.332214236259460449e+01 3.100000000000000000e+01 2.570000000000000000e+02
2.232400000000000517e+01 5.332214236259460449e+01 3.200000000000000000e+01 2.150000000000000000e+02
2.240300000000000580e+01 5.332214236259460449e+01 3.300000000000000000e+01 2.090000000000000000e+02
2.291400000000001569e+01 5.332214236259460449e+01 3.400000000000000000e+01 2.100000000000000000e+02
2.350600000000001799e+01 5.332214236259460449e+01 3.500000000000000000e+01 1.860000000000000000e+02
2.377900000000002123e+01 5.332214236259460449e+01 3.600000000000000000e+01 3.180000000000000000e+02
2.421700000000002717e+01 5.332214236259460449e+01 3.700000000000000000e+01 1.610000000000000000e+02
2.468900000000002493e+01 5.332214236259460449e+01 3.800000000000000000e+01 2.670000000000000000e+02
2.506700000000002504e+01 5.332214236259460449e+01 3.900000000000000000e+01 2.660000000000000000e+02
2.607200000000000628e+01 5.332214236259460449e+01 4.000000000000000000e+01 2.990000000000000000e+02
2.667499999999999716e+01 5.332214236259460449e+01 4.100000000000000000e+01 3.000000000000000000e+02
2.663999999999999702e+01 5.332214236259460449e+01 4.200000000000000000e+01 3.310000000000000000e+02
2.743300000000000338e+01 5.332214236259460449e+01 4.300000000000000000e+01 3.610000000000000000e+02
2.790600000000000236e+01 5.332214236259460449e+01 4.400000000000000000e+01 2.000000000000000000e+02
2.796400000000000574e+01 5.332214236259460449e+01 4.500000000000000000e+01 4.860000000000000000e+02
2.879200000000000870e+01 5.332214236259460449e+01 4.600000000000000000e+01 4.020000000000000000e+02
2.904200000000000870e+01 5.332214236259460449e+01 4.700000000000000000e+01 3.320000000000000000e+02
2.948700000000001609e+01 5.332214236259460449e+01 4.800000000000000000e+01 3.950000000000000000e+02
2.999600000000002709e+01 5.332214236259460449e+01 4.900000000000000000e+01 5.080000000000000000e+02
3.110300000000000864e+01 5.332214236259460449e+01 5.000000000000000000e+01 5.080000000000000000e+02
3.171100000000001629e+01 5.332214236259460449e+01 5.100000000000000000e+01 4.970000000000000000e+02
3.206800000000001916e+01 5.332214236259460449e+01 5.200000000000000000e+01 4.930000000000000000e+02
3.325800000000009504e+01 5.332214236259460449e+01 5.300000000000000000e+01 6.630000000000000000e+02
3.409800000000012687e+01 5.332214236259460449e+01 5.400000000000000000e+01 4.990000000000000000e+02
3.445900000000012398e+01 5.332214236259460449e+01 5.500000000000000000e+01 5.700000000000000000e+02
3.589100000000023982e+01 5.332214236259460449e+01 5.600000000000000000e+01 7.320000000000000000e+02
3.757100000000015427e+01 5.332214236259460449e+01 5.700000000000000000e+01 1.029000000000000000e+03
3.876400000000028001e+01 5.332214236259460449e+01 5.800000000000000000e+01 9.890000000000000000e+02
3.989600000000020685e+01 5.332214236259460449e+01 5.900000000000000000e+01 1.497000000000000000e+03
4.056800000000026074e+01 5.332214236259460449e+01 6.000000000000000000e+01 1.285000000000000000e+03
4.178000000000024983e+01 5.332214236259460449e+01 6.100000000000000000e+01 1.621000000000000000e+03
4.232800000000027296e+01 5.332214236259460449e+01 6.200000000000000000e+01 1.141000000000000000e+03
4.285400000000030474e+01 5.332214236259460449e+01 6.300000000000000000e+01 9.370000000000000000e+02
4.298400000000031440e+01 5.332214236259460449e+01 6.400000000000000000e+01 1.111000000000000000e+03
4.435300000000034970e+01 5.332214236259460449e+01 6.500000000000000000e+01 7.920000000000000000e+02
4.484500000000037545e+01 5.332214236259460449e+01 6.600000000000000000e+01 2.919000000000000000e+03
4.625100000000042400e+01 5.332214236259460449e+01 6.700000000000000000e+01 1.023000000000000000e+03
4.688800000000044577e+01 5.332214236259460449e+01 6.800000000000000000e+01 5.780000000000000000e+02
4.889500000000052893e+01 5.332214236259460449e+01 6.900000000000000000e+01 1.844000000000000000e+03
5.016300000000057935e+01 5.332214236259460449e+01 7.000000000000000000e+01 1.078000000000000000e+03
5.168200000000064165e+01 5.332214236259460449e+01 7.100000000000000000e+01 9.920000000000000000e+02
5.335400000000069554e+01 5.332214236259460449e+01 7.200000000000000000e+01 1.418000000000000000e+03
5.332214236259460449e+01 5.332214236259460449e+01 0.000000000000000000e+00 0.000000000000000000e+00
5.332214236259460449e+01 5.332214236259460449e+01 0.000000000000000000e+00 0.000000000000000000e+00
4.402000000000001023e+00 5.628584027290344238e+01 0.000000000000000000e+00 8.000000000000000000e+00
5.807000000000000384e+00 5.628584027290344238e+01 1.000000000000000000e+00 7.000000000000000000e+00
6.396000000000000796e+00 5.628584027290344238e+01 2.000000000000000000e+00 2.400000000000000000e+01
7.177000000000001378e+00 5.628584027290344238e+01 3.000000000000000000e+00 2.200000000000000000e+01
8.123000000000001108e+00 5.628584027290344238e+01 4.000000000000000000e+00 1.800000000000000000e+01
7.922000000000001485e+00 5.628584027290344238e+01 5.000000000000000000e+00 1.800000000000000000e+01
8.841000000000002856e+00 5.628584027290344238e+01 6.000000000000000000e+00 3.300000000000000000e+01
9.359000000000003539e+00 5.628584027290344238e+01 7.000000000000000000e+00 2.500000000000000000e+01
1.003700000000000259e+01 5.628584027290344238e+01 8.000000000000000000e+00 2.600000000000000000e+01
1.053000000000000291e+01 5.628584027290344238e+01 9.000000000000000000e+00 4.100000000000000000e+01
1.101300000000000345e+01 5.628584027290344238e+01 1.000000000000000000e+01 4.300000000000000000e+01
1.163700000000000401e+01 5.628584027290344238e+01 1.100000000000000000e+01 8.200000000000000000e+01
1.209800000000000431e+01 5.628584027290344238e+01 1.200000000000000000e+01 3.100000000000000000e+01
1.293700000000000472e+01 5.628584027290344238e+01 1.300000000000000000e+01 7.700000000000000000e+01
1.371500000000000519e+01 5.628584027290344238e+01 1.400000000000000000e+01 6.000000000000000000e+01
1.469300000000000317e+01 5.628584027290344238e+01 1.500000000000000000e+01 1.000000000000000000e+02
1.523700000000000188e+01 5.628584027290344238e+01 1.600000000000000000e+01 1.220000000000000000e+02
1.564000000000000234e+01 5.628584027290344238e+01 1.700000000000000000e+01 9.700000000000000000e+01
1.543900000000000183e+01 5.628584027290344238e+01 1.800000000000000000e+01 1.480000000000000000e+02
1.602600000000000335e+01 5.628584027290344238e+01 1.900000000000000000e+01 1.180000000000000000e+02
1.612500000000000000e+01 5.628584027290344238e+01 2.000000000000000000e+01 1.030000000000000000e+02
1.662500000000000000e+01 5.628584027290344238e+01 2.100000000000000000e+01 1.640000000000000000e+02
1.674200000000000088e+01 5.628584027290344238e+01 2.200000000000000000e+01 1.050000000000000000e+02
1.707900000000000063e+01 5.628584027290344238e+01 2.300000000000000000e+01 1.300000000000000000e+02
1.749100000000000321e+01 5.628584027290344238e+01 2.400000000000000000e+01 1.630000000000000000e+02
1.814000000000000057e+01 5.628584027290344238e+01 2.500000000000000000e+01 1.600000000000000000e+02
1.883900000000000219e+01 5.628584027290344238e+01 2.600000000000000000e+01 1.710000000000000000e+02
1.930199999999999960e+01 5.628584027290344238e+01 2.700000000000000000e+01 1.450000000000000000e+02
2.025300000000000011e+01 5.628584027290344238e+01 2.800000000000000000e+01 1.650000000000000000e+02
2.106800000000001205e+01 5.628584027290344238e+01 2.900000000000000000e+01 1.990000000000000000e+02
2.182700000000000884e+01 5.628584027290344238e+01 3.000000000000000000e+01 2.610000000000000000e+02
2.240200000000000813e+01 5.628584027290344238e+01 3.100000000000000000e+01 3.600000000000000000e+02
2.303400000000000603e+01 5.628584027290344238e+01 3.200000000000000000e+01 2.830000000000000000e+02
2.357100000000000861e+01 5.628584027290344238e+01 3.300000000000000000e+01 3.710000000000000000e+02
2.401300000000001234e+01 5.628584027290344238e+01 3.400000000000000000e+01 2.360000000000000000e+02
2.507000000000002160e+01 5.628584027290344238e+01 3.500000000000000000e+01 3.500000000000000000e+02
2.554400000000002535e+01 5.628584027290344238e+01 3.600000000000000000e+01 4.340000000000000000e+02
2.600000000000002842e+01 5.628584027290344238e+01 3.700000000000000000e+01 3.220000000000000000e+02
2.592100000000002780e+01 5.628584027290344238e+01 3.800000000000000000e+01 3.650000000000000000e+02
2.640400000000002834e+01 5.628584027290344238e+01 3.900000000000000000e+01 3.620000000000000000e+02
2.704900000000002080e+01 5.628584027290344238e+01 4.000000000000000000e+01 4.650000000000000000e+02
2.782400000000001228e+01 5.628584027290344238e+01 4.100000000000000000e+01 5.220000000000000000e+02
2.786500000000001265e+01 5.628584027290344238e+01 4.200000000000000000e+01 3.440000000000000000e+02
2.824900000000000944e+01 5.628584027290344238e+01 4.300000000000000000e+01 3.460000000000000000e+02
2.843300000000001049e+01 5.628584027290344238e+01 4.400000000000000000e+01 4.080000000000000000e+02
2.962300000000003664e+01 5.628584027290344238e+01 4.500000000000000000e+01 5.690000000000000000e+02
3.020500000000003737e+01 5.628584027290344238e+01 4.600000000000000000e+01 5.430000000000000000e+02
3.101100000000003476e+01 5.628584027290344238e+01 4.700000000000000000e+01 5.820000000000000000e+02
3.183600000000005537e+01 5.628584027290344238e+01 4.800000000000000000e+01 5.220000000000000000e+02
3.250700000000006185e+01 5.628584027290344238e+01 4.900000000000000000e+01 5.950000000000000000e+02
3.317100000000002780e+01 5.628584027290344238e+01 5.000000000000000000e+01 4.990000000000000000e+02
3.371000000000000085e+01 5.628584027290344238e+01 5.100000000000000000e+01 3.190000000000000000e+02
3.418399999999999750e+01 5.628584027290344238e+01 5.200000000000000000e+01 6.460000000000000000e+02
3.525300000000007117e+01 5.628584027290344238e+01 5.300000000000000000e+01 9.960000000000000000e+02
3.587800000000009248e+01 5.628584027290344238e+01 5.400000000000000000e+01 8.110000000000000000e+02
3.675400000000010436e+01 5.628584027290344238e+01 5.500000000000000000e+01 8.830000000000000000e+02
3.771200000000017383e+01 5.628584027290344238e+01 5.600000000000000000e+01 9.680000000000000000e+02
3.878200000000013858e+01 5.628584027290344238e+01 5.700000000000000000e+01 5.560000000000000000e+02
3.930400000000017258e+01 5.628584027290344238e+01 5.800000000000000000e+01 9.060000000000000000e+02
4.006400000000013506e+01 5.628584027290344238e+01 5.900000000000000000e+01 1.324000000000000000e+03
4.130300000000028149e+01 5.628584027290344238e+01 6.000000000000000000e+01 1.439000000000000000e+03
4.240200000000036340e+01 5.628584027290344238e+01 6.100000000000000000e+01 2.168000000000000000e+03
4.371300000000046992e+01 5.628584027290344238e+01 6.200000000000000000e+01 1.074000000000000000e+03
4.509800000000053188e+01 5.628584027290344238e+01 6.300000000000000000e+01 1.311000000000000000e+03
4.609100000000058373e+01 5.628584027290344238e+01 6.400000000000000000e+01 7.080000000000000000e+02
4.668100000000061556e+01 5.628584027290344238e+01 6.500000000000000000e+01 1.537000000000000000e+03
4.823100000000067666e+01 5.628584027290344238e+01 6.600000000000000000e+01 1.208000000000000000e+03
4.935400000000071685e+01 5.628584027290344238e+01 6.700000000000000000e+01 2.830000000000000000e+03
5.015200000000075420e+01 5.628584027290344238e+01 6.800000000000000000e+01 1.094000000000000000e+03
5.168400000000080752e+01 5.628584027290344238e+01 6.900000000000000000e+01 1.227000000000000000e+03
5.273400000000084731e+01 5.628584027290344238e+01 7.000000000000000000e+01 2.009000000000000000e+03
5.459900000000092746e+01 5.628584027290344238e+01 7.100000000000000000e+01 2.171000000000000000e+03
5.634400000000098174e+01 5.628584027290344238e+01 7.200000000000000000e+01 1.325000000000000000e+03
5.628584027290344238e+01 5.628584027290344238e+01 0.000000000000000000e+00 0.000000000000000000e+00
5.628584027290344238e+01 5.628584027290344238e+01 0.000000000000000000e+00 0.000000000000000000e+00
4.355999999999999872e+00 5.271214461326599121e+01 0.000000000000000000e+00 6.000000000000000000e+00
4.763999999999999346e+00 5.271214461326599121e+01 1.000000000000000000e+00 1.000000000000000000e+01
5.543999999999998707e+00 5.271214461326599121e+01 2.000000000000000000e+00 1.400000000000000000e+01
6.306999999999998607e+00 5.271214461326599121e+01 3.000000000000000000e+00 2.600000000000000000e+01
7.099999999999997868e+00 5.271214461326599121e+01 4.000000000000000000e+00 3.100000000000000000e+01
7.649999999999998579e+00 5.271214461326599121e+01 5.000000000000000000e+00 2.000000000000000000e+01
7.829999999999998295e+00 5.271214461326599121e+01 6.000000000000000000e+00 2.600000000000000000e+01
8.348999999999998423e+00 5.271214461326599121e+01 7.000000000000000000e+00 4.200000000000000000e+01
8.348999999999998423e+00 5.271214461326599121e+01 8.000000000000000000e+00 3.700000000000000000e+01
9.007999999999997343e+00 5.271214461326599121e+01 9.000000000000000000e+00 1.600000000000000000e+01
9.640999999999998238e+00 5.271214461326599121e+01 1.000000000000000000e+01 4.600000000000000000e+01
1.040899999999999892e+01 5.271214461326599121e+01 1.100000000000000000e+01 4.700000000000000000e+01
1.064799999999999791e+01 5.271214461326599121e+01 1.200000000000000000e+01 7.700000000000000000e+01
1.099999999999999645e+01 5.271214461326599121e+01 1.300000000000000000e+01 6.600000000000000000e+01
1.107899999999999707e+01 5.271214461326599121e+01 1.400000000000000000e+01 7.100000000000000000e+01
1.157899999999999707e+01 5.271214461326599121e+01 1.500000000000000000e+01 6.300000000000000000e+01
1.198099999999999454e+01 5.271214461326599121e+01 1.600000000000000000e+01 8.300000000000000000e+01
1.251399999999999402e+01 5.271214461326599121e+01 1.700000000000000000e+01 8.200000000000000000e+01
1.327099999999999369e+01 5.271214461326599121e+01 1.800000000000000000e+01 7.200000000000000000e+01
1.400299999999999478e+01 5.271214461326599121e+01 1.900000000000000000e+01 1.370000000000000000e+02
1.483599999999999497e+01 5.271214461326599121e+01 2.000000000000000000e+01 8.000000000000000000e+01
1.575599999999999845e+01 5.271214461326599121e+01 2.100000000000000000e+01 1.060000000000000000e+02
1.642499999999999716e+01 5.271214461326599121e+01 2.200000000000000000e+01 7.900000000000000000e+01
1.707299999999999685e+01 5.271214461326599121e+01 2.300000000000000000e+01 1.710000000000000000e+02
1.704799999999999827e+01 5.271214461326599121e+01 2.400000000000000000e+01 1.380000000000000000e+02
1.778899999999999793e+01 5.271214461326599121e+01 2.500000000000000000e+01 1.840000000000000000e+02
1.788999999999999702e+01 5.271214461326599121e+01 2.600000000000000000e+01 1.740000000000000000e+02
1.845800000000000196e+01 5.271214461326599121e+01 2.700000000000000000e+01 1.650000000000000000e+02
1.862200000000000699e+01 5.271214461326599121e+01 2.800000000000000000e+01 2.480000000000000000e+02
1.961600000000001032e+01 5.271214461326599121e+01 2.900000000000000000e+01 2.450000000000000000e+02
2.003500000000001080e+01 5.271214461326599121e+01 3.000000000000000000e+01 2.800000000000000000e+02
2.076200000000001467e+01 5.271214461326599121e+01 3.100000000000000000e+01 2.040000000000000000e+02
2.134400000000001185e+01 5.271214461326599121e+01 3.200000000000000000e+01 3.400000000000000000e+02
2.180300000000001148e+01 5.271214461326599121e+01 3.300000000000000000e+01 2.850000000000000000e+02
2.203100000000001302e+01 5.271214461326599121e+01 3.400000000000000000e+01 1.970000000000000000e+02
2.244900000000001938e+01 5.271214461326599121e+01 3.500000000000000000e+01 2.310000000000000000e+02
2.248200000000001708e+01 5.271214461326599121e+01 3.600000000000000000e+01 2.160000000000000000e+02
2.248300000000001830e+01 5.271214461326599121e+01 3.700000000000000000e+01 2.360000000000000000e+02
2.354000000000002757e+01 5.271214461326599121e+01 3.800000000000000000e+01 2.880000000000000000e+02
2.339100000000003021e+01 5.271214461326599121e+01 3.900000000000000000e+01 3.350000000000000000e+02
2.411500000000001975e+01 5.271214461326599121e+01 4.000000000000000000e+01 2.340000000000000000e+02
2.459300000000001063e+01 5.271214461326599121e+01 4.100000000000000000e+01 3.690000000000000000e+02
2.529200000000000870e+01 5.271214461326599121e+01 4.200000000000000000e+01 3.790000000000000000e+02
2.539300000000000779e+01 5.271214461326599121e+01 4.300000000000000000e+01 3.330000000000000000e+02
2.548900000000000787e+01 5.271214461326599121e+01 4.400000000000000000e+01 3.450000000000000000e+02
2.644300000000002981e+01 5.271214461326599121e+01 4.500000000000000000e+01 3.760000000000000000e+02
2.717300000000002669e+01 5.271214461326599121e+01 4.600000000000000000e+01 5.170000000000000000e+02
2.813500000000002288e+01 5.271214461326599121e+01 4.700000000000000000e+01 4.440000000000000000e+02
2.829100000000002524e+01 5.271214461326599121e+01 4.800000000000000000e+01 4.020000000000000000e+02
2.890300000000003422e+01 5.271214461326599121e+01 4.900000000000000000e+01 5.390000000000000000e+02
2.949500000000002586e+01 5.271214461326599121e+01 5.000000000000000000e+01 4.410000000000000000e+02
2.975100000000003320e+01 5.271214461326599121e+01 5.100000000000000000e+01 5.740000000000000000e+02
3.077800000000003067e+01 5.271214461326599121e+01 5.200000000000000000e+01 5.980000000000000000e+02
3.137000000000002231e+01 5.271214461326599121e+01 5.300000000000000000e+01 6.430000000000000000e+02
3.173900000000003629e+01 5.271214461326599121e+01 5.400000000000000000e+01 6.400000000000000000e+02
3.230800000000001404e+01 5.271214461326599121e+01 5.500000000000000000e+01 6.720000000000000000e+02
3.531700000000022044e+01 5.271214461326599121e+01 5.600000000000000000e+01 1.277000000000000000e+03
3.626700000000018775e+01 5.271214461326599121e+01 5.700000000000000000e+01 6.250000000000000000e+02
3.675200000000020850e+01 5.271214461326599121e+01 5.800000000000000000e+01 1.320000000000000000e+03
3.775200000000015876e+01 5.271214461326599121e+01 5.900000000000000000e+01 1.122000000000000000e+03
3.885800000000028831e+01 5.271214461326599121e+01 6.000000000000000000e+01 1.312000000000000000e+03
3.938900000000025159e+01 5.271214461326599121e+01 6.100000000000000000e+01 7.900000000000000000e+02
4.013300000000032952e+01 5.271214461326599121e+01 6.200000000000000000e+01 1.860000000000000000e+03
4.119800000000036988e+01 5.271214461326599121e+01 6.300000000000000000e+01 1.056000000000000000e+03
4.176300000000042445e+01 5.271214461326599121e+01 6.400000000000000000e+01 9.830000000000000000e+02
4.272500000000046327e+01 5.271214461326599121e+01 6.500000000000000000e+01 7.090000000000000000e+02
4.395500000000050278e+01 5.271214461326599121e+01 6.600000000000000000e+01 1.993000000000000000e+03
4.550600000000056156e+01 5.271214461326599121e+01 6.700000000000000000e+01 1.203000000000000000e+03
4.711500000000062727e+01 5.271214461326599121e+01 6.800000000000000000e+01 1.697000000000000000e+03
4.830300000000067229e+01 5.271214461326599121e+01 6.900000000000000000e+01 3.454000000000000000e+03
4.974500000000072220e+01 5.271214461326599121e+01 7.000000000000000000e+01 1.175000000000000000e+03
5.150800000000079137e+01 5.271214461326599121e+01 7.100000000000000000e+01 1.356000000000000000e+03
5.276300000000083656e+01 5.271214461326599121e+01 7.200000000000000000e+01 1.612000000000000000e+03
5.271214461326599121e+01 5.271214461326599121e+01 0.000000000000000000e+00 0.000000000000000000e+00
5.271214461326599121e+01 5.271214461326599121e+01 0.000000000000000000e+00 0.000000000000000000e+00
4.173000000000000043e+00 5.293021154403686523e+01 0.000000000000000000e+00 6.000000000000000000e+00
5.366000000000001435e+00 5.293021154403686523e+01 1.000000000000000000e+00 9.000000000000000000e+00
6.731000000000001648e+00 5.293021154403686523e+01 2.000000000000000000e+00 1.000000000000000000e+01
7.495000000000001883e+00 5.293021154403686523e+01 3.000000000000000000e+00 2.000000000000000000e+01
8.613000000000001322e+00 5.293021154403686523e+01 4.000000000000000000e+00 1.800000000000000000e+01
8.798000000000001819e+00 5.293021154403686523e+01 5.000000000000000000e+00 1.900000000000000000e+01
9.512000000000002231e+00 5.293021154403686523e+01 6.000000000000000000e+00 1.300000000000000000e+01
1.019900000000000162e+01 5.293021154403686523e+01 7.000000000000000000e+00 3.200000000000000000e+01
1.086600000000000144e+01 5.293021154403686523e+01 8.000000000000000000e+00 4.700000000000000000e+01
1.135600000000000165e+01 5.293021154403686523e+01 9.000000000000000000e+00 1.300000000000000000e+01
1.151700000000000124e+01 5.293021154403686523e+01 1.000000000000000000e+01 6.000000000000000000e+00
1.151700000000000124e+01 5.293021154403686523e+01 1.100000000000000000e+01 2.000000000000000000e+01
1.242199999999999882e+01 5.293021154403686523e+01 1.200000000000000000e+01 4.900000000000000000e+01
1.315099999999999625e+01 5.293021154403686523e+01 1.300000000000000000e+01 6.800000000000000000e+01
1.386099999999999532e+01 5.293021154403686523e+01 1.400000000000000000e+01 5.300000000000000000e+01
1.468699999999999584e+01 5.293021154403686523e+01 1.500000000000000000e+01 9.600000000000000000e+01
1.481799999999999429e+01 5.293021154403686523e+01 1.600000000000000000e+01 6.400000000000000000e+01
1.573599999999999532e+01 5.293021154403686523e+01 1.700000000000000000e+01 5.700000000000000000e+01
1.586599999999999611e+01 5.293021154403686523e+01 1.800000000000000000e+01 5.000000000000000000e+01
1.623699999999999832e+01 5.293021154403686523e+01 1.900000000000000000e+01 8.400000000000000000e+01
1.619399999999999551e+01 5.293021154403686523e+01 2.000000000000000000e+01 9.100000000000000000e+01
1.693999999999999417e+01 5.293021154403686523e+01 2.100000000000000000e+01 1.080000000000000000e+02
1.761499999999998778e+01 5.293021154403686523e+01 2.200000000000000000e+01 1.320000000000000000e+02
1.772599999999998843e+01 5.293021154403686523e+01 2.300000000000000000e+01 9.000000000000000000e+01
1.804299999999998860e+01 5.293021154403686523e+01 2.400000000000000000e+01 9.700000000000000000e+01
1.845299999999998875e+01 5.293021154403686523e+01 2.500000000000000000e+01 1.380000000000000000e+02
1.890799999999997993e+01 5.293021154403686523e+01 2.600000000000000000e+01 2.030000000000000000e+02
2.009599999999998232e+01 5.293021154403686523e+01 2.700000000000000000e+01 1.410000000000000000e+02
2.064899999999997959e+01 5.293021154403686523e+01 2.800000000000000000e+01 2.140000000000000000e+02
2.082899999999997931e+01 5.293021154403686523e+01 2.900000000000000000e+01 1.470000000000000000e+02
2.106899999999997775e+01 5.293021154403686523e+01 3.000000000000000000e+01 1.590000000000000000e+02
2.170399999999997576e+01 5.293021154403686523e+01 3.100000000000000000e+01 1.960000000000000000e+02
2.191599999999997905e+01 5.293021154403686523e+01 3.200000000000000000e+01 1.880000000000000000e+02
2.240499999999998337e+01 5.293021154403686523e+01 3.300000000000000000e+01 3.300000000000000000e+02
2.326199999999998980e+01 5.293021154403686523e+01 3.400000000000000000e+01 2.080000000000000000e+02
2.333599999999999142e+01 5.293021154403686523e+01 3.500000000000000000e+01 2.100000000000000000e+02
2.345999999999999375e+01 5.293021154403686523e+01 3.600000000000000000e+01 2.020000000000000000e+02
2.400700000000000145e+01 5.293021154403686523e+01 3.700000000000000000e+01 2.750000000000000000e+02
2.438400000000000034e+01 5.293021154403686523e+01 3.800000000000000000e+01 2.050000000000000000e+02
2.456500000000000128e+01 5.293021154403686523e+01 3.900000000000000000e+01 1.710000000000000000e+02
2.438499999999999091e+01 5.293021154403686523e+01 4.000000000000000000e+01 2.700000000000000000e+02
2.535599999999998744e+01 5.293021154403686523e+01 4.100000000000000000e+01 2.920000000000000000e+02
2.562399999999999167e+01 5.293021154403686523e+01 4.200000000000000000e+01 2.700000000000000000e+02
2.627999999999999048e+01 5.293021154403686523e+01 4.300000000000000000e+01 3.570000000000000000e+02
2.703099999999998815e+01 5.293021154403686523e+01 4.400000000000000000e+01 2.560000000000000000e+02
2.734200000000000230e+01 5.293021154403686523e+01 4.500000000000000000e+01 2.880000000000000000e+02
2.764199999999999591e+01 5.293021154403686523e+01 4.600000000000000000e+01 3.490000000000000000e+02
2.836299999999999955e+01 5.293021154403686523e+01 4.700000000000000000e+01 3.730000000000000000e+02
2.877700000000000813e+01 5.293021154403686523e+01 4.800000000000000000e+01 3.500000000000000000e+02
2.907800000000001717e+01 5.293021154403686523e+01 4.900000000000000000e+01 3.730000000000000000e+02
2.962000000000000455e+01 5.293021154403686523e+01 5.000000000000000000e+01 5.390000000000000000e+02
2.979700000000000415e+01 5.293021154403686523e+01 5.100000000000000000e+01 3.110000000000000000e+02
3.017800000000000438e+01 5.293021154403686523e+01 5.200000000000000000e+01 2.620000000000000000e+02
3.114099999999999113e+01 5.293021154403686523e+01 5.300000000000000000e+01 4.300000000000000000e+02
3.112399999999999167e+01 5.293021154403686523e+01 5.400000000000000000e+01 4.730000000000000000e+02
3.208199999999994390e+01 5.293021154403686523e+01 5.500000000000000000e+01 5.300000000000000000e+02
3.227399999999995828e+01 5.293021154403686523e+01 5.600000000000000000e+01 7.400000000000000000e+02
3.330799999999995009e+01 5.293021154403686523e+01 5.700000000000000000e+01 5.470000000000000000e+02
3.410100000000005593e+01 5.293021154403686523e+01 5.800000000000000000e+01 8.110000000000000000e+02
3.524200000000001154e+01 5.293021154403686523e+01 5.900000000000000000e+01 8.590000000000000000e+02
3.629600000000012017e+01 5.293021154403686523e+01 6.000000000000000000e+01 6.960000000000000000e+02
3.678700000000009851e+01 5.293021154403686523e+01 6.100000000000000000e+01 1.353000000000000000e+03
3.770000000000017337e+01 5.293021154403686523e+01 6.200000000000000000e+01 6.540000000000000000e+02
3.882000000000025608e+01 5.293021154403686523e+01 6.300000000000000000e+01 9.270000000000000000e+02
3.985000000000032117e+01 5.293021154403686523e+01 6.400000000000000000e+01 6.790000000000000000e+02
4.148000000000038057e+01 5.293021154403686523e+01 6.500000000000000000e+01 1.133000000000000000e+03
4.272200000000042763e+01 5.293021154403686523e+01 6.600000000000000000e+01 9.610000000000000000e+02
4.461000000000049681e+01 5.293021154403686523e+01 6.700000000000000000e+01 1.655000000000000000e+03
4.569200000000054729e+01 5.293021154403686523e+01 6.800000000000000000e+01 9.290000000000000000e+02
4.646300000000056940e+01 5.293021154403686523e+01 6.900000000000000000e+01 1.570000000000000000e+03
4.761600000000061783e+01 5.293021154403686523e+01 7.000000000000000000e+01 1.105000000000000000e+03
4.894200000000066098e+01 5.293021154403686523e+01 7.100000000000000000e+01 2.310000000000000000e+02
5.293000000000081684e+01 5.293021154403686523e+01 7.200000000000000000e+01 9.590000000000000000e+02
5.293021154403686523e+01 5.293021154403686523e+01 0.000000000000000000e+00 0.000000000000000000e+00
5.293021154403686523e+01 5.293021154403686523e+01 0.000000000000000000e+00 0.000000000000000000e+00
4.428999999999999382e+00 5.867508888244628906e+01 0.000000000000000000e+00 7.000000000000000000e+00
5.443999999999999950e+00 5.867508888244628906e+01 1.000000000000000000e+00 1.200000000000000000e+01
6.246999999999999886e+00 5.867508888244628906e+01 2.000000000000000000e+00 1.100000000000000000e+01
6.631999999999999673e+00 5.867508888244628906e+01 3.000000000000000000e+00 2.100000000000000000e+01
7.961000000000000298e+00 5.867508888244628906e+01 4.000000000000000000e+00 9.000000000000000000e+00
7.757000000000000561e+00 5.867508888244628906e+01 5.000000000000000000e+00 1.100000000000000000e+01
8.323000000000000398e+00 5.867508888244628906e+01 6.000000000000000000e+00 2.200000000000000000e+01
9.014000000000001123e+00 5.867508888244628906e+01 7.000000000000000000e+00 2.400000000000000000e+01
9.656000000000000583e+00 5.867508888244628906e+01 8.000000000000000000e+00 1.800000000000000000e+01
9.858000000000000540e+00 5.867508888244628906e+01 9.000000000000000000e+00 3.500000000000000000e+01
1.099300000000000210e+01 5.867508888244628906e+01 1.000000000000000000e+01 2.700000000000000000e+01
1.146000000000000085e+01 5.867508888244628906e+01 1.100000000000000000e+01 7.000000000000000000e+01
1.207000000000000028e+01 5.867508888244628906e+01 1.200000000000000000e+01 3.400000000000000000e+01
1.222199999999999953e+01 5.867508888244628906e+01 1.300000000000000000e+01 6.300000000000000000e+01
1.308000000000000007e+01 5.867508888244628906e+01 1.400000000000000000e+01 7.100000000000000000e+01
1.405099999999999838e+01 5.867508888244628906e+01 1.500000000000000000e+01 1.110000000000000000e+02
1.457099999999999973e+01 5.867508888244628906e+01 1.600000000000000000e+01 6.900000000000000000e+01
1.485899999999999821e+01 5.867508888244628906e+01 1.700000000000000000e+01 9.000000000000000000e+01
1.521499999999999808e+01 5.867508888244628906e+01 1.800000000000000000e+01 1.130000000000000000e+02
1.561699999999999733e+01 5.867508888244628906e+01 1.900000000000000000e+01 1.050000000000000000e+02
1.597799999999999621e+01 5.867508888244628906e+01 2.000000000000000000e+01 8.500000000000000000e+01
1.655699999999999150e+01 5.867508888244628906e+01 2.100000000000000000e+01 7.900000000000000000e+01
1.745399999999998286e+01 5.867508888244628906e+01 2.200000000000000000e+01 8.300000000000000000e+01
1.810499999999998266e+01 5.867508888244628906e+01 2.300000000000000000e+01 1.060000000000000000e+02
1.856099999999998573e+01 5.867508888244628906e+01 2.400000000000000000e+01 1.270000000000000000e+02
1.914399999999998414e+01 5.867508888244628906e+01 2.500000000000000000e+01 1.820000000000000000e+02
1.944099999999998474e+01 5.867508888244628906e+01 2.600000000000000000e+01 1.600000000000000000e+02
1.991699999999998383e+01 5.867508888244628906e+01 2.700000000000000000e+01 1.370000000000000000e+02
2.010399999999998144e+01 5.867508888244628906e+01 2.800000000000000000e+01 1.740000000000000000e+02
2.046199999999997843e+01 5.867508888244628906e+01 2.900000000000000000e+01 2.090000000000000000e+02
2.097799999999997667e+01 5.867508888244628906e+01 3.000000000000000000e+01 1.150000000000000000e+02
2.114599999999997593e+01 5.867508888244628906e+01 3.100000000000000000e+01 2.070000000000000000e+02
2.170399999999997576e+01 5.867508888244628906e+01 3.200000000000000000e+01 2.020000000000000000e+02
2.230099999999998417e+01 5.867508888244628906e+01 3.300000000000000000e+01 1.830000000000000000e+02
2.261499999999998778e+01 5.867508888244628906e+01 3.400000000000000000e+01 2.370000000000000000e+02
2.311899999999999622e+01 5.867508888244628906e+01 3.500000000000000000e+01 2.180000000000000000e+02
2.330200000000000315e+01 5.867508888244628906e+01 3.600000000000000000e+01 2.610000000000000000e+02
2.411400000000000787e+01 5.867508888244628906e+01 3.700000000000000000e+01 2.600000000000000000e+02
2.455300000000001148e+01 5.867508888244628906e+01 3.800000000000000000e+01 2.100000000000000000e+02
2.489000000000001123e+01 5.867508888244628906e+01 3.900000000000000000e+01 2.640000000000000000e+02
2.566400000000000148e+01 5.867508888244628906e+01 4.000000000000000000e+01 2.590000000000000000e+02
2.626799999999999358e+01 5.867508888244628906e+01 4.100000000000000000e+01 4.040000000000000000e+02
2.673799999999998889e+01 5.867508888244628906e+01 4.200000000000000000e+01 3.540000000000000000e+02
2.715999999999998948e+01 5.867508888244628906e+01 4.300000000000000000e+01 3.820000000000000000e+02
2.863499999999998380e+01 5.867508888244628906e+01 4.400000000000000000e+01 5.820000000000000000e+02
2.926900000000000190e+01 5.867508888244628906e+01 4.500000000000000000e+01 4.020000000000000000e+02
2.970600000000000307e+01 5.867508888244628906e+01 4.600000000000000000e+01 6.090000000000000000e+02
3.040100000000000335e+01 5.867508888244628906e+01 4.700000000000000000e+01 4.080000000000000000e+02
3.196500000000003183e+01 5.867508888244628906e+01 4.800000000000000000e+01 7.640000000000000000e+02
3.275200000000003087e+01 5.867508888244628906e+01 4.900000000000000000e+01 6.620000000000000000e+02
3.346799999999999642e+01 5.867508888244628906e+01 5.000000000000000000e+01 6.590000000000000000e+02
3.392899999999997362e+01 5.867508888244628906e+01 5.100000000000000000e+01 6.820000000000000000e+02
3.508999999999996788e+01 5.867508888244628906e+01 5.200000000000000000e+01 8.570000000000000000e+02
3.629200000000005133e+01 5.867508888244628906e+01 5.300000000000000000e+01 1.177000000000000000e+03
3.731400000000008532e+01 5.867508888244628906e+01 5.400000000000000000e+01 1.041000000000000000e+03
3.746800000000008168e+01 5.867508888244628906e+01 5.500000000000000000e+01 7.880000000000000000e+02
3.786300000000014876e+01 5.867508888244628906e+01 5.600000000000000000e+01 1.046000000000000000e+03
3.875900000000011403e+01 5.867508888244628906e+01 5.700000000000000000e+01 1.183000000000000000e+03
4.024600000000022959e+01 5.867508888244628906e+01 5.800000000000000000e+01 9.360000000000000000e+02
4.109300000000019537e+01 5.867508888244628906e+01 5.900000000000000000e+01 8.310000000000000000e+02
4.193600000000026995e+01 5.867508888244628906e+01 6.000000000000000000e+01 1.067000000000000000e+03
4.246600000000027109e+01 5.867508888244628906e+01 6.100000000000000000e+01 4.470000000000000000e+02
4.357800000000037954e+01 5.867508888244628906e+01 6.200000000000000000e+01 2.501000000000000000e+03
4.439300000000040569e+01 5.867508888244628906e+01 6.300000000000000000e+01 5.950000000000000000e+02
4.560100000000048936e+01 5.867508888244628906e+01 6.400000000000000000e+01 2.717000000000000000e+03
4.636600000000053257e+01 5.867508888244628906e+01 6.500000000000000000e+01 1.132000000000000000e+03
4.728000000000054115e+01 5.867508888244628906e+01 6.600000000000000000e+01 2.466000000000000000e+03
4.911900000000059663e+01 5.867508888244628906e+01 6.700000000000000000e+01 1.335000000000000000e+03
5.298600000000075738e+01 5.867508888244628906e+01 6.800000000000000000e+01 2.577000000000000000e+03
5.453400000000082315e+01 5.867508888244628906e+01 6.900000000000000000e+01 2.214000000000000000e+03
5.574200000000086419e+01 5.867508888244628906e+01 7.000000000000000000e+01 1.696000000000000000e+03
5.731500000000091433e+01 5.867508888244628906e+01 7.100000000000000000e+01 2.490000000000000000e+03
5.871000000000096719e+01 5.867508888244628906e+01 7.200000000000000000e+01 2.214000000000000000e+03
5.867508888244628906e+01 5.867508888244628906e+01 0.000000000000000000e+00 0.000000000000000000e+00
5.867508888244628906e+01 5.867508888244628906e+01 0.000000000000000000e+00 0.000000000000000000e+00
4.168000000000000149e+00 5.382038521766662598e+01 0.000000000000000000e+00 6.000000000000000000e+00
4.766000000000000902e+00 5.382038521766662598e+01 1.000000000000000000e+00 1.700000000000000000e+01
6.523000000000000576e+00 5.382038521766662598e+01 2.000000000000000000e+00 2.000000000000000000e+01
7.284000000000000696e+00 5.382038521766662598e+01 3.000000000000000000e+00 1.900000000000000000e+01
7.856000000000000760e+00 5.382038521766662598e+01 4.000000000000000000e+00 4.700000000000000000e+01
8.216000000000001080e+00 5.382038521766662598e+01 5.000000000000000000e+00 2.900000000000000000e+01
9.101000000000000867e+00 5.382038521766662598e+01 6.000000000000000000e+00 3.200000000000000000e+01
9.615999999999999659e+00 5.382038521766662598e+01 7.000000000000000000e+00 4.900000000000000000e+01
9.970000000000000639e+00 5.382038521766662598e+01 8.000000000000000000e+00 4.300000000000000000e+01
1.013499999999999979e+01 5.382038521766662598e+01 9.000000000000000000e+00 5.700000000000000000e+01
1.108399999999999963e+01 5.382038521766662598e+01 1.000000000000000000e+01 6.400000000000000000e+01
1.153199999999999825e+01 5.382038521766662598e+01 1.100000000000000000e+01 4.600000000000000000e+01
1.246399999999999864e+01 5.382038521766662598e+01 1.200000000000000000e+01 6.500000000000000000e+01
1.258999999999999986e+01 5.382038521766662598e+01 1.300000000000000000e+01 9.600000000000000000e+01
1.304599999999999937e+01 5.382038521766662598e+01 1.400000000000000000e+01 7.900000000000000000e+01
1.332499999999999929e+01 5.382038521766662598e+01 1.500000000000000000e+01 6.200000000000000000e+01
1.386299999999999955e+01 5.382038521766662598e+01 1.600000000000000000e+01 8.000000000000000000e+01
1.372599999999999909e+01 5.382038521766662598e+01 1.700000000000000000e+01 9.700000000000000000e+01
1.437799999999999834e+01 5.382038521766662598e+01 1.800000000000000000e+01 1.120000000000000000e+02
1.516099999999999781e+01 5.382038521766662598e+01 1.900000000000000000e+01 1.330000000000000000e+02
1.595499999999999829e+01 5.382038521766662598e+01 2.000000000000000000e+01 9.000000000000000000e+01
1.653299999999999415e+01 5.382038521766662598e+01 2.100000000000000000e+01 1.440000000000000000e+02
1.679199999999999449e+01 5.382038521766662598e+01 2.200000000000000000e+01 1.620000000000000000e+02
1.752499999999999147e+01 5.382038521766662598e+01 2.300000000000000000e+01 1.690000000000000000e+02
1.815499999999999048e+01 5.382038521766662598e+01 2.400000000000000000e+01 1.770000000000000000e+02
1.835499999999998977e+01 5.382038521766662598e+01 2.500000000000000000e+01 1.080000000000000000e+02
1.873399999999998755e+01 5.382038521766662598e+01 2.600000000000000000e+01 1.300000000000000000e+02
1.885199999999998610e+01 5.382038521766662598e+01 2.700000000000000000e+01 1.770000000000000000e+02
1.970799999999999130e+01 5.382038521766662598e+01 2.800000000000000000e+01 1.690000000000000000e+02
2.019399999999999196e+01 5.382038521766662598e+01 2.900000000000000000e+01 1.620000000000000000e+02
2.066399999999999437e+01 5.382038521766662598e+01 3.000000000000000000e+01 2.110000000000000000e+02
2.117599999999999483e+01 5.382038521766662598e+01 3.100000000000000000e+01 1.950000000000000000e+02
2.173399999999999466e+01 5.382038521766662598e+01 3.200000000000000000e+01 2.010000000000000000e+02
2.234700000000000131e+01 5.382038521766662598e+01 3.300000000000000000e+01 3.360000000000000000e+02
2.344800000000001106e+01 5.382038521766662598e+01 3.400000000000000000e+01 3.420000000000000000e+02
2.401300000000001589e+01 5.382038521766662598e+01 3.500000000000000000e+01 2.550000000000000000e+02
2.455800000000002470e+01 5.382038521766662598e+01 3.600000000000000000e+01 3.300000000000000000e+02
2.469000000000002615e+01 5.382038521766662598e+01 3.700000000000000000e+01 3.310000000000000000e+02
2.512900000000002976e+01 5.382038521766662598e+01 3.800000000000000000e+01 3.320000000000000000e+02
2.560900000000003018e+01 5.382038521766662598e+01 3.900000000000000000e+01 3.400000000000000000e+02
2.635500000000001464e+01 5.382038521766662598e+01 4.000000000000000000e+01 4.080000000000000000e+02
2.684900000000000730e+01 5.382038521766662598e+01 4.100000000000000000e+01 3.630000000000000000e+02
2.721600000000000463e+01 5.382038521766662598e+01 4.200000000000000000e+01 3.410000000000000000e+02
2.745500000000000540e+01 5.382038521766662598e+01 4.300000000000000000e+01 3.520000000000000000e+02
2.777000000000000313e+01 5.382038521766662598e+01 4.400000000000000000e+01 3.330000000000000000e+02
2.823900000000001143e+01 5.382038521766662598e+01 4.500000000000000000e+01 3.890000000000000000e+02
2.868300000000001404e+01 5.382038521766662598e+01 4.600000000000000000e+01 3.740000000000000000e+02
2.953000000000001890e+01 5.382038521766662598e+01 4.700000000000000000e+01 6.310000000000000000e+02
2.947000000000002018e+01 5.382038521766662598e+01 4.800000000000000000e+01 4.460000000000000000e+02
3.066600000000002879e+01 5.382038521766662598e+01 4.900000000000000000e+01 7.290000000000000000e+02
3.084800000000002740e+01 5.382038521766662598e+01 5.000000000000000000e+01 5.200000000000000000e+02
3.138500000000003354e+01 5.382038521766662598e+01 5.100000000000000000e+01 7.100000000000000000e+02
3.162700000000003087e+01 5.382038521766662598e+01 5.200000000000000000e+01 6.200000000000000000e+02
3.252800000000006264e+01 5.382038521766662598e+01 5.300000000000000000e+01 6.530000000000000000e+02
3.359500000000010544e+01 5.382038521766662598e+01 5.400000000000000000e+01 5.140000000000000000e+02
3.453200000000011016e+01 5.382038521766662598e+01 5.500000000000000000e+01 8.370000000000000000e+02
3.511500000000015120e+01 5.382038521766662598e+01 5.600000000000000000e+01 6.440000000000000000e+02
3.610400000000007026e+01 5.382038521766662598e+01 5.700000000000000000e+01 7.690000000000000000e+02
3.695300000000016638e+01 5.382038521766662598e+01 5.800000000000000000e+01 6.290000000000000000e+02
3.785500000000012477e+01 5.382038521766662598e+01 5.900000000000000000e+01 5.610000000000000000e+02
3.868300000000022010e+01 5.382038521766662598e+01 6.000000000000000000e+01 6.170000000000000000e+02
3.935700000000023380e+01 5.382038521766662598e+01 6.100000000000000000e+01 6.920000000000000000e+02
3.994700000000027984e+01 5.382038521766662598e+01 6.200000000000000000e+01 1.269000000000000000e+03
4.166700000000037107e+01 5.382038521766662598e+01 6.300000000000000000e+01 8.970000000000000000e+02
4.326500000000044110e+01 5.382038521766662598e+01 6.400000000000000000e+01 2.360000000000000000e+03
4.363900000000045054e+01 5.382038521766662598e+01 6.500000000000000000e+01 1.702000000000000000e+03
4.419000000000046668e+01 5.382038521766662598e+01 6.600000000000000000e+01 1.089000000000000000e+03
4.506200000000049499e+01 5.382038521766662598e+01 6.700000000000000000e+01 8.510000000000000000e+02
4.743100000000059424e+01 5.382038521766662598e+01 6.800000000000000000e+01 2.866000000000000000e+03
4.898000000000065768e+01 5.382038521766662598e+01 6.900000000000000000e+01 1.413000000000000000e+03
5.010300000000070497e+01 5.382038521766662598e+01 7.000000000000000000e+01 7.720000000000000000e+02
5.233500000000078245e+01 5.382038521766662598e+01 7.100000000000000000e+01 1.467000000000000000e+03
5.390200000000083946e+01 5.382038521766662598e+01 7.200000000000000000e+01 1.257000000000000000e+03
5.382038521766662598e+01 5.382038521766662598e+01 0.000000000000000000e+00 0.000000000000000000e+00
5.382038521766662598e+01 5.382038521766662598e+01 0.000000000000000000e+00 0.000000000000000000e+00
