3.720000000000000195e+00 4.684314393997192383e+01 0.000000000000000000e+00 4.000000000000000000e+00
4.315999999999999837e+00 4.684314393997192383e+01 1.000000000000000000e+00 6.000000000000000000e+00
6.258999999999999453e+00 4.684314393997192383e+01 2.000000000000000000e+00 1.300000000000000000e+01
7.017999999999998906e+00 4.684314393997192383e+01 3.000000000000000000e+00 1.800000000000000000e+01
7.017999999999998906e+00 4.684314393997192383e+01 4.000000000000000000e+00 1.100000000000000000e+01
7.922999999999999154e+00 4.684314393997192383e+01 5.000000000000000000e+00 1.300000000000000000e+01
8.624999999999998224e+00 4.684314393997192383e+01 6.000000000000000000e+00 1.100000000000000000e+01
9.141999999999997684e+00 4.684314393997192383e+01 7.000000000000000000e+00 2.000000000000000000e+01
9.644999999999997797e+00 4.684314393997192383e+01 8.000000000000000000e+00 1.700000000000000000e+01
1.029299999999999571e+01 4.684314393997192383e+01 9.000000000000000000e+00 1.800000000000000000e+01
1.092499999999999538e+01 4.684314393997192383e+01 1.000000000000000000e+01 2.100000000000000000e+01
1.149799999999999756e+01 4.684314393997192383e+01 1.100000000000000000e+01 5.100000000000000000e+01
1.181799999999999606e+01 4.684314393997192383e+01 1.200000000000000000e+01 4.200000000000000000e+01
1.302099999999999902e+01 4.684314393997192383e+01 1.300000000000000000e+01 6.800000000000000000e+01
1.330899999999999928e+01 4.684314393997192383e+01 1.400000000000000000e+01 6.700000000000000000e+01
1.358699999999999974e+01 4.684314393997192383e+01 1.500000000000000000e+01 4.700000000000000000e+01
1.439099999999999824e+01 4.684314393997192383e+01 1.600000000000000000e+01 7.700000000000000000e+01
1.450299999999999834e+01 4.684314393997192383e+01 1.700000000000000000e+01 8.300000000000000000e+01
1.500699999999999790e+01 4.684314393997192383e+01 1.800000000000000000e+01 9.200000000000000000e+01
1.528699999999999726e+01 4.684314393997192383e+01 1.900000000000000000e+01 8.700000000000000000e+01
1.545799999999999841e+01 4.684314393997192383e+01 2.000000000000000000e+01 9.200000000000000000e+01
1.593399999999999928e+01 4.684314393997192383e+01 2.100000000000000000e+01 1.050000000000000000e+02
1.619600000000000151e+01 4.684314393997192383e+01 2.200000000000000000e+01 1.110000000000000000e+02
1.648999999999999844e+01 4.684314393997192383e+01 2.300000000000000000e+01 1.020000000000000000e+02
1.729199999999999449e+01 4.684314393997192383e+01 2.400000000000000000e+01 1.090000000000000000e+02
1.729199999999999449e+01 4.684314393997192383e+01 2.500000000000000000e+01 1.330000000000000000e+02
1.768999999999999417e+01 4.684314393997192383e+01 2.600000000000000000e+01 1.340000000000000000e+02
1.807499999999999574e+01 4.684314393997192383e+01 2.700000000000000000e+01 1.470000000000000000e+02
1.815100000000000335e+01 4.684314393997192383e+01 2.800000000000000000e+01 1.200000000000000000e+02
1.849099999999999966e+01 4.684314393997192383e+01 2.900000000000000000e+01 1.380000000000000000e+02
1.888299999999999912e+01 4.684314393997192383e+01 3.000000000000000000e+01 1.490000000000000000e+02
1.936599999999999966e+01 4.684314393997192383e+01 3.100000000000000000e+01 1.500000000000000000e+02
1.946000000000000085e+01 4.684314393997192383e+01 3.200000000000000000e+01 1.750000000000000000e+02
1.979300000000000637e+01 4.684314393997192383e+01 3.300000000000000000e+01 1.870000000000000000e+02
2.043500000000000583e+01 4.684314393997192383e+01 3.400000000000000000e+01 2.030000000000000000e+02
2.078900000000000858e+01 4.684314393997192383e+01 3.500000000000000000e+01 2.640000000000000000e+02
2.098700000000001609e+01 4.684314393997192383e+01 3.600000000000000000e+01 2.060000000000000000e+02
2.158500000000001862e+01 4.684314393997192383e+01 3.700000000000000000e+01 2.340000000000000000e+02
2.190000000000001990e+01 4.684314393997192383e+01 3.800000000000000000e+01 1.640000000000000000e+02
2.248400000000001597e+01 4.684314393997192383e+01 3.900000000000000000e+01 2.630000000000000000e+02
2.306800000000000495e+01 4.684314393997192383e+01 4.000000000000000000e+01 2.470000000000000000e+02
2.368099999999999383e+01 4.684314393997192383e+01 4.100000000000000000e+01 2.750000000000000000e+02
2.365999999999999304e+01 4.684314393997192383e+01 4.200000000000000000e+01 2.820000000000000000e+02
2.428599999999999426e+01 4.684314393997192383e+01 4.300000000000000000e+01 2.740000000000000000e+02
2.452399999999999736e+01 4.684314393997192383e+01 4.400000000000000000e+01 3.320000000000000000e+02
2.549100000000001387e+01 4.684314393997192383e+01 4.500000000000000000e+01 3.680000000000000000e+02
2.564600000000001501e+01 4.684314393997192383e+01 4.600000000000000000e+01 3.340000000000000000e+02
2.617900000000001626e+01 4.684314393997192383e+01 4.700000000000000000e+01 4.220000000000000000e+02
2.662100000000003419e+01 4.684314393997192383e+01 4.800000000000000000e+01 4.050000000000000000e+02
2.713400000000003232e+01 4.684314393997192383e+01 4.900000000000000000e+01 4.380000000000000000e+02
2.777100000000002566e+01 4.684314393997192383e+01 5.000000000000000000e+01 5.180000000000000000e+02
2.821800000000003195e+01 4.684314393997192383e+01 5.100000000000000000e+01 5.560000000000000000e+02
2.874300000000003763e+01 4.684314393997192383e+01 5.200000000000000000e+01 5.120000000000000000e+02
2.999100000000002098e+01 4.684314393997192383e+01 5.300000000000000000e+01 5.210000000000000000e+02
3.026300000000002299e+01 4.684314393997192383e+01 5.400000000000000000e+01 6.820000000000000000e+02
3.084799999999999898e+01 4.684314393997192383e+01 5.500000000000000000e+01 7.060000000000000000e+02
3.132200000000000628e+01 4.684314393997192383e+01 5.600000000000000000e+01 5.890000000000000000e+02
3.217699999999996407e+01 4.684314393997192383e+01 5.700000000000000000e+01 7.580000000000000000e+02
3.332800000000008822e+01 4.684314393997192383e+01 5.800000000000000000e+01 7.750000000000000000e+02
3.366600000000006787e+01 4.684314393997192383e+01 5.900000000000000000e+01 6.030000000000000000e+02
3.523800000000024824e+01 4.684314393997192383e+01 6.000000000000000000e+01 7.450000000000000000e+02
3.560000000000024301e+01 4.684314393997192383e+01 6.100000000000000000e+01 8.550000000000000000e+02
3.657600000000032736e+01 4.684314393997192383e+01 6.200000000000000000e+01 1.008000000000000000e+03
3.744600000000036033e+01 4.684314393997192383e+01 6.300000000000000000e+01 6.810000000000000000e+02
3.805400000000040706e+01 4.684314393997192383e+01 6.400000000000000000e+01 8.490000000000000000e+02
3.908600000000043906e+01 4.684314393997192383e+01 6.500000000000000000e+01 1.868000000000000000e+03
3.992200000000047311e+01 4.684314393997192383e+01 6.600000000000000000e+01 8.990000000000000000e+02
4.079900000000051108e+01 4.684314393997192383e+01 6.700000000000000000e+01 6.730000000000000000e+02
4.172000000000054598e+01 4.684314393997192383e+01 6.800000000000000000e+01 2.218000000000000000e+03
4.246400000000056707e+01 4.684314393997192383e+01 6.900000000000000000e+01 9.060000000000000000e+02
4.464200000000064961e+01 4.684314393997192383e+01 7.000000000000000000e+01 6.380000000000000000e+02
4.575200000000069878e+01 4.684314393997192383e+01 7.100000000000000000e+01 5.850000000000000000e+02
4.688000000000074152e+01 4.684314393997192383e+01 7.200000000000000000e+01 1.029000000000000000e+03
4.684314393997192383e+01 4.684314393997192383e+01 0.000000000000000000e+00 0.000000000000000000e+00
4.684314393997192383e+01 4.684314393997192383e+01 0.000000000000000000e+00 0.000000000000000000e+00
4.386000000000001009e+00 4.959870624542236328e+01 0.000000000000000000e+00 1.000000000000000000e+00
5.053000000000001712e+00 4.959870624542236328e+01 1.000000000000000000e+00 7.000000000000000000e+00
6.790000000000000924e+00 4.959870624542236328e+01 2.000000000000000000e+00 1.300000000000000000e+01
8.256999999999999673e+00 4.959870624542236328e+01 3.000000000000000000e+00 1.500000000000000000e+01
9.079000000000000625e+00 4.959870624542236328e+01 4.000000000000000000e+00 1.300000000000000000e+01
1.008000000000000007e+01 4.959870624542236328e+01 5.000000000000000000e+00 2.000000000000000000e+01
1.027899999999999991e+01 4.959870624542236328e+01 6.000000000000000000e+00 1.200000000000000000e+01
1.064299999999999891e+01 4.959870624542236328e+01 7.000000000000000000e+00 1.200000000000000000e+01
1.160299999999999798e+01 4.959870624542236328e+01 8.000000000000000000e+00 1.300000000000000000e+01
1.180899999999999750e+01 4.959870624542236328e+01 9.000000000000000000e+00 2.400000000000000000e+01
1.215999999999999837e+01 4.959870624542236328e+01 1.000000000000000000e+01 1.900000000000000000e+01
1.284299999999999997e+01 4.959870624542236328e+01 1.100000000000000000e+01 3.800000000000000000e+01
1.317599999999999838e+01 4.959870624542236328e+01 1.200000000000000000e+01 4.900000000000000000e+01
1.326899999999999658e+01 4.959870624542236328e+01 1.300000000000000000e+01 3.400000000000000000e+01
1.428799999999999848e+01 4.959870624542236328e+01 1.400000000000000000e+01 4.300000000000000000e+01
1.489999999999999858e+01 4.959870624542236328e+01 1.500000000000000000e+01 5.200000000000000000e+01
1.505199999999999783e+01 4.959870624542236328e+01 1.600000000000000000e+01 5.500000000000000000e+01
1.534399999999999764e+01 4.959870624542236328e+01 1.700000000000000000e+01 6.400000000000000000e+01
1.541899999999999871e+01 4.959870624542236328e+01 1.800000000000000000e+01 7.600000000000000000e+01
1.631000000000000227e+01 4.959870624542236328e+01 1.900000000000000000e+01 7.500000000000000000e+01
1.657900000000000418e+01 4.959870624542236328e+01 2.000000000000000000e+01 6.600000000000000000e+01
1.696700000000000230e+01 4.959870624542236328e+01 2.100000000000000000e+01 5.100000000000000000e+01
1.721500000000000341e+01 4.959870624542236328e+01 2.200000000000000000e+01 9.300000000000000000e+01
1.769300000000000139e+01 4.959870624542236328e+01 2.300000000000000000e+01 1.070000000000000000e+02
1.781400000000000006e+01 4.959870624542236328e+01 2.400000000000000000e+01 5.200000000000000000e+01
1.826299999999999812e+01 4.959870624542236328e+01 2.500000000000000000e+01 8.200000000000000000e+01
1.849099999999999611e+01 4.959870624542236328e+01 2.600000000000000000e+01 8.500000000000000000e+01
1.866999999999999815e+01 4.959870624542236328e+01 2.700000000000000000e+01 1.080000000000000000e+02
1.922900000000000276e+01 4.959870624542236328e+01 2.800000000000000000e+01 9.700000000000000000e+01
2.001800000000000423e+01 4.959870624542236328e+01 2.900000000000000000e+01 1.180000000000000000e+02
2.030300000000000793e+01 4.959870624542236328e+01 3.000000000000000000e+01 1.040000000000000000e+02
2.057600000000000762e+01 4.959870624542236328e+01 3.100000000000000000e+01 1.300000000000000000e+02
2.085900000000000176e+01 4.959870624542236328e+01 3.200000000000000000e+01 1.680000000000000000e+02
2.095700000000000074e+01 4.959870624542236328e+01 3.300000000000000000e+01 1.300000000000000000e+02
2.215299999999998803e+01 4.959870624542236328e+01 3.400000000000000000e+01 2.010000000000000000e+02
2.229699999999998639e+01 4.959870624542236328e+01 3.500000000000000000e+01 1.600000000000000000e+02
2.255999999999999162e+01 4.959870624542236328e+01 3.600000000000000000e+01 2.310000000000000000e+02
2.311599999999999966e+01 4.959870624542236328e+01 3.700000000000000000e+01 1.700000000000000000e+02
2.352700000000000813e+01 4.959870624542236328e+01 3.800000000000000000e+01 2.370000000000000000e+02
2.359500000000000952e+01 4.959870624542236328e+01 3.900000000000000000e+01 2.090000000000000000e+02
2.396600000000001174e+01 4.959870624542236328e+01 4.000000000000000000e+01 2.350000000000000000e+02
2.473400000000000531e+01 4.959870624542236328e+01 4.100000000000000000e+01 2.670000000000000000e+02
2.504600000000000293e+01 4.959870624542236328e+01 4.200000000000000000e+01 2.140000000000000000e+02
2.504499999999999460e+01 4.959870624542236328e+01 4.300000000000000000e+01 2.860000000000000000e+02
2.626699999999998880e+01 4.959870624542236328e+01 4.400000000000000000e+01 2.330000000000000000e+02
2.626699999999998880e+01 4.959870624542236328e+01 4.500000000000000000e+01 3.540000000000000000e+02
2.668899999999998940e+01 4.959870624542236328e+01 4.600000000000000000e+01 3.820000000000000000e+02
2.714799999999999613e+01 4.959870624542236328e+01 4.700000000000000000e+01 3.690000000000000000e+02
2.800300000000002143e+01 4.959870624542236328e+01 4.800000000000000000e+01 4.270000000000000000e+02
2.865300000000002356e+01 4.959870624542236328e+01 4.900000000000000000e+01 4.340000000000000000e+02
2.891900000000002535e+01 4.959870624542236328e+01 5.000000000000000000e+01 3.530000000000000000e+02
2.924800000000002598e+01 4.959870624542236328e+01 5.100000000000000000e+01 4.620000000000000000e+02
2.956500000000002970e+01 4.959870624542236328e+01 5.200000000000000000e+01 4.320000000000000000e+02
3.070700000000001850e+01 4.959870624542236328e+01 5.300000000000000000e+01 4.960000000000000000e+02
3.097100000000001785e+01 4.959870624542236328e+01 5.400000000000000000e+01 4.590000000000000000e+02
3.141300000000001091e+01 4.959870624542236328e+01 5.500000000000000000e+01 5.900000000000000000e+02
3.243200000000004479e+01 4.959870624542236328e+01 5.600000000000000000e+01 4.540000000000000000e+02
3.316900000000008930e+01 4.959870624542236328e+01 5.700000000000000000e+01 7.050000000000000000e+02
3.364000000000004320e+01 4.959870624542236328e+01 5.800000000000000000e+01 8.330000000000000000e+02
3.598300000000025989e+01 4.959870624542236328e+01 5.900000000000000000e+01 7.950000000000000000e+02
3.658100000000026597e+01 4.959870624542236328e+01 6.000000000000000000e+01 9.630000000000000000e+02
3.725300000000033407e+01 4.959870624542236328e+01 6.100000000000000000e+01 1.180000000000000000e+03
3.835200000000030229e+01 4.959870624542236328e+01 6.200000000000000000e+01 9.610000000000000000e+02
3.900600000000038392e+01 4.959870624542236328e+01 6.300000000000000000e+01 9.790000000000000000e+02
3.933600000000038932e+01 4.959870624542236328e+01 6.400000000000000000e+01 1.365000000000000000e+03
4.074300000000047817e+01 4.959870624542236328e+01 6.500000000000000000e+01 1.391000000000000000e+03
4.310300000000056997e+01 4.959870624542236328e+01 6.600000000000000000e+01 1.967000000000000000e+03
4.361600000000058941e+01 4.959870624542236328e+01 6.700000000000000000e+01 1.259000000000000000e+03
4.477100000000063318e+01 4.959870624542236328e+01 6.800000000000000000e+01 1.689000000000000000e+03
4.604500000000066962e+01 4.959870624542236328e+01 6.900000000000000000e+01 1.021000000000000000e+03
4.706400000000071771e+01 4.959870624542236328e+01 7.000000000000000000e+01 7.720000000000000000e+02
4.858100000000076335e+01 4.959870624542236328e+01 7.100000000000000000e+01 1.353000000000000000e+03
4.957600000000081053e+01 4.959870624542236328e+01 7.200000000000000000e+01 8.370000000000000000e+02
4.959870624542236328e+01 4.959870624542236328e+01 0.000000000000000000e+00 0.000000000000000000e+00
4.959870624542236328e+01 4.959870624542236328e+01 0.000000000000000000e+00 0.000000000000000000e+00
3.650000000000000355e+00 4.977789139747619629e+01 0.000000000000000000e+00 0.000000000000000000e+00
5.455000000000000071e+00 4.977789139747619629e+01 1.000000000000000000e+00 0.000000000000000000e+00
7.011999999999999567e+00 4.977789139747619629e+01 2.000000000000000000e+00 6.000000000000000000e+00
7.584999999999999076e+00 4.977789139747619629e+01 3.000000000000000000e+00 1.000000000000000000e+01
8.699999999999997513e+00 4.977789139747619629e+01 4.000000000000000000e+00 1.400000000000000000e+01
9.253999999999997783e+00 4.977789139747619629e+01 5.000000000000000000e+00 2.700000000000000000e+01
9.962999999999999190e+00 4.977789139747619629e+01 6.000000000000000000e+00 2.700000000000000000e+01
1.030799999999999983e+01 4.977789139747619629e+01 7.000000000000000000e+00 2.400000000000000000e+01
1.048000000000000043e+01 4.977789139747619629e+01 8.000000000000000000e+00 2.600000000000000000e+01
1.129600000000000115e+01 4.977789139747619629e+01 9.000000000000000000e+00 1.800000000000000000e+01
1.177700000000000280e+01 4.977789139747619629e+01 1.000000000000000000e+01 2.300000000000000000e+01
1.193600000000000350e+01 4.977789139747619629e+01 1.100000000000000000e+01 3.900000000000000000e+01
1.224000000000000377e+01 4.977789139747619629e+01 1.200000000000000000e+01 2.800000000000000000e+01
1.245800000000000374e+01 4.977789139747619629e+01 1.300000000000000000e+01 3.400000000000000000e+01
1.325400000000000311e+01 4.977789139747619629e+01 1.400000000000000000e+01 5.000000000000000000e+01
1.323200000000000287e+01 4.977789139747619629e+01 1.500000000000000000e+01 5.800000000000000000e+01
1.351700000000000124e+01 4.977789139747619629e+01 1.600000000000000000e+01 4.700000000000000000e+01
1.395200000000000351e+01 4.977789139747619629e+01 1.700000000000000000e+01 5.100000000000000000e+01
1.458900000000000219e+01 4.977789139747619629e+01 1.800000000000000000e+01 6.400000000000000000e+01
1.508400000000000141e+01 4.977789139747619629e+01 1.900000000000000000e+01 6.600000000000000000e+01
1.592300000000000004e+01 4.977789139747619629e+01 2.000000000000000000e+01 7.400000000000000000e+01
1.603099999999999881e+01 4.977789139747619629e+01 2.100000000000000000e+01 9.500000000000000000e+01
1.683499999999999730e+01 4.977789139747619629e+01 2.200000000000000000e+01 1.230000000000000000e+02
1.716299999999999670e+01 4.977789139747619629e+01 2.300000000000000000e+01 7.900000000000000000e+01
1.758799999999999741e+01 4.977789139747619629e+01 2.400000000000000000e+01 1.030000000000000000e+02
1.773999999999999844e+01 4.977789139747619629e+01 2.500000000000000000e+01 1.190000000000000000e+02
1.858699999999999264e+01 4.977789139747619629e+01 2.600000000000000000e+01 9.700000000000000000e+01
1.907299999999999329e+01 4.977789139747619629e+01 2.700000000000000000e+01 1.510000000000000000e+02
1.925899999999999324e+01 4.977789139747619629e+01 2.800000000000000000e+01 2.090000000000000000e+02
1.959899999999999665e+01 4.977789139747619629e+01 2.900000000000000000e+01 1.390000000000000000e+02
2.004799999999999471e+01 4.977789139747619629e+01 3.000000000000000000e+01 9.900000000000000000e+01
2.021499999999999275e+01 4.977789139747619629e+01 3.100000000000000000e+01 1.800000000000000000e+02
2.077199999999999491e+01 4.977789139747619629e+01 3.200000000000000000e+01 2.220000000000000000e+02
2.130699999999999861e+01 4.977789139747619629e+01 3.300000000000000000e+01 1.320000000000000000e+02
2.129699999999999704e+01 4.977789139747619629e+01 3.400000000000000000e+01 1.940000000000000000e+02
2.159300000000000352e+01 4.977789139747619629e+01 3.500000000000000000e+01 2.160000000000000000e+02
2.222500000000000853e+01 4.977789139747619629e+01 3.600000000000000000e+01 2.500000000000000000e+02
2.261900000000000688e+01 4.977789139747619629e+01 3.700000000000000000e+01 2.380000000000000000e+02
2.331800000000000850e+01 4.977789139747619629e+01 3.800000000000000000e+01 2.350000000000000000e+02
2.391500000000000981e+01 4.977789139747619629e+01 3.900000000000000000e+01 2.280000000000000000e+02
2.443400000000000460e+01 4.977789139747619629e+01 4.000000000000000000e+01 2.290000000000000000e+02
2.475499999999999901e+01 4.977789139747619629e+01 4.100000000000000000e+01 3.340000000000000000e+02
2.521599999999999753e+01 4.977789139747619629e+01 4.200000000000000000e+01 2.970000000000000000e+02
2.583400000000000674e+01 4.977789139747619629e+01 4.300000000000000000e+01 3.880000000000000000e+02
2.676799999999999358e+01 4.977789139747619629e+01 4.400000000000000000e+01 3.230000000000000000e+02
2.739700000000000202e+01 4.977789139747619629e+01 4.500000000000000000e+01 3.460000000000000000e+02
2.739700000000000202e+01 4.977789139747619629e+01 4.600000000000000000e+01 4.380000000000000000e+02
2.815400000000000347e+01 4.977789139747619629e+01 4.700000000000000000e+01 5.380000000000000000e+02
2.880200000000001381e+01 4.977789139747619629e+01 4.800000000000000000e+01 5.630000000000000000e+02
2.900300000000001788e+01 4.977789139747619629e+01 4.900000000000000000e+01 4.470000000000000000e+02
2.943900000000001071e+01 4.977789139747619629e+01 5.000000000000000000e+01 5.760000000000000000e+02
3.031400000000003203e+01 4.977789139747619629e+01 5.100000000000000000e+01 5.330000000000000000e+02
3.128900000000001214e+01 4.977789139747619629e+01 5.200000000000000000e+01 7.070000000000000000e+02
3.159000000000000696e+01 4.977789139747619629e+01 5.300000000000000000e+01 4.620000000000000000e+02
3.233300000000002683e+01 4.977789139747619629e+01 5.400000000000000000e+01 8.580000000000000000e+02
3.299600000000003064e+01 4.977789139747619629e+01 5.500000000000000000e+01 6.800000000000000000e+02
3.373000000000008924e+01 4.977789139747619629e+01 5.600000000000000000e+01 6.650000000000000000e+02
3.429100000000005366e+01 4.977789139747619629e+01 5.700000000000000000e+01 5.710000000000000000e+02
3.499500000000012534e+01 4.977789139747619629e+01 5.800000000000000000e+01 9.010000000000000000e+02
3.566000000000011028e+01 4.977789139747619629e+01 5.900000000000000000e+01 7.520000000000000000e+02
3.691200000000024062e+01 4.977789139747619629e+01 6.000000000000000000e+01 7.600000000000000000e+02
3.717400000000021265e+01 4.977789139747619629e+01 6.100000000000000000e+01 1.287000000000000000e+03
3.782800000000027296e+01 4.977789139747619629e+01 6.200000000000000000e+01 9.380000000000000000e+02
3.866700000000032844e+01 4.977789139747619629e+01 6.300000000000000000e+01 1.518000000000000000e+03
3.951200000000035573e+01 4.977789139747619629e+01 6.400000000000000000e+01 1.628000000000000000e+03
4.008200000000037733e+01 4.977789139747619629e+01 6.500000000000000000e+01 1.090000000000000000e+03
4.066900000000040194e+01 4.977789139747619629e+01 6.600000000000000000e+01 9.170000000000000000e+02
4.155500000000043315e+01 4.977789139747619629e+01 6.700000000000000000e+01 5.900000000000000000e+02
4.439100000000053114e+01 4.977789139747619629e+01 6.800000000000000000e+01 1.142000000000000000e+03
4.493300000000056826e+01 4.977789139747619629e+01 6.900000000000000000e+01 1.053000000000000000e+03
4.651500000000061164e+01 4.977789139747619629e+01 7.000000000000000000e+01 8.580000000000000000e+02
4.748700000000064847e+01 4.977789139747619629e+01 7.100000000000000000e+01 1.004000000000000000e+03
4.971600000000073294e+01 4.977789139747619629e+01 7.200000000000000000e+01 2.071000000000000000e+03
4.977789139747619629e+01 4.977789139747619629e+01 0.000000000000000000e+00 0.000000000000000000e+00
4.977789139747619629e+01 4.977789139747619629e+01 0.000000000000000000e+00 0.000000000000000000e+00
3.687000000000000277e+00 4.790380239486694336e+01 0.000000000000000000e+00 4.000000000000000000e+00
4.568000000000000504e+00 4.790380239486694336e+01 1.000000000000000000e+00 9.000000000000000000e+00
5.431000000000000938e+00 4.790380239486694336e+01 2.000000000000000000e+00 6.000000000000000000e+00
6.903999999999999027e+00 4.790380239486694336e+01 3.000000000000000000e+00 1.600000000000000000e+01
7.324999999999998401e+00 4.790380239486694336e+01 4.000000000000000000e+00 1.300000000000000000e+01
7.926999999999999602e+00 4.790380239486694336e+01 5.000000000000000000e+00 1.400000000000000000e+01
8.108999999999999986e+00 4.790380239486694336e+01 6.000000000000000000e+00 3.900000000000000000e+01
8.513000000000001677e+00 4.790380239486694336e+01 7.000000000000000000e+00 1.900000000000000000e+01
9.260000000000001563e+00 4.790380239486694336e+01 8.000000000000000000e+00 3.600000000000000000e+01
9.813000000000002387e+00 4.790380239486694336e+01 9.000000000000000000e+00 2.700000000000000000e+01
1.034200000000000230e+01 4.790380239486694336e+01 1.000000000000000000e+01 3.200000000000000000e+01
1.085600000000000165e+01 4.790380239486694336e+01 1.100000000000000000e+01 3.600000000000000000e+01
1.168499999999999872e+01 4.790380239486694336e+01 1.200000000000000000e+01 2.900000000000000000e+01
1.184999999999999787e+01 4.790380239486694336e+01 1.300000000000000000e+01 4.300000000000000000e+01
1.210699999999999932e+01 4.790380239486694336e+01 1.400000000000000000e+01 4.100000000000000000e+01
1.293899999999999828e+01 4.790380239486694336e+01 1.500000000000000000e+01 4.600000000000000000e+01
1.338799999999999812e+01 4.790380239486694336e+01 1.600000000000000000e+01 3.500000000000000000e+01
1.367899999999999849e+01 4.790380239486694336e+01 1.700000000000000000e+01 6.300000000000000000e+01
1.424099999999999966e+01 4.790380239486694336e+01 1.800000000000000000e+01 7.900000000000000000e+01
1.424099999999999966e+01 4.790380239486694336e+01 1.900000000000000000e+01 5.900000000000000000e+01
1.483800000000000097e+01 4.790380239486694336e+01 2.000000000000000000e+01 7.800000000000000000e+01
1.554300000000000281e+01 4.790380239486694336e+01 2.100000000000000000e+01 6.600000000000000000e+01
1.566900000000000226e+01 4.790380239486694336e+01 2.200000000000000000e+01 7.900000000000000000e+01
1.591100000000000136e+01 4.790380239486694336e+01 2.300000000000000000e+01 1.010000000000000000e+02
1.648999999999999844e+01 4.790380239486694336e+01 2.400000000000000000e+01 6.400000000000000000e+01
1.671699999999999520e+01 4.790380239486694336e+01 2.500000000000000000e+01 1.050000000000000000e+02
1.725899999999999679e+01 4.790380239486694336e+01 2.600000000000000000e+01 6.600000000000000000e+01
1.746999999999999531e+01 4.790380239486694336e+01 2.700000000000000000e+01 1.470000000000000000e+02
1.797799999999999443e+01 4.790380239486694336e+01 2.800000000000000000e+01 1.300000000000000000e+02
1.788499999999999446e+01 4.790380239486694336e+01 2.900000000000000000e+01 1.090000000000000000e+02
1.831699999999999662e+01 4.790380239486694336e+01 3.000000000000000000e+01 1.360000000000000000e+02
1.909499999999999531e+01 4.790380239486694336e+01 3.100000000000000000e+01 9.300000000000000000e+01
1.936099999999999710e+01 4.790380239486694336e+01 3.200000000000000000e+01 1.340000000000000000e+02
1.966399999999999437e+01 4.790380239486694336e+01 3.300000000000000000e+01 1.260000000000000000e+02
2.024999999999998934e+01 4.790380239486694336e+01 3.400000000000000000e+01 1.080000000000000000e+02
2.058699999999998909e+01 4.790380239486694336e+01 3.500000000000000000e+01 1.270000000000000000e+02
2.103699999999999193e+01 4.790380239486694336e+01 3.600000000000000000e+01 1.750000000000000000e+02
2.136099999999999355e+01 4.790380239486694336e+01 3.700000000000000000e+01 1.270000000000000000e+02
2.181199999999999406e+01 4.790380239486694336e+01 3.800000000000000000e+01 2.090000000000000000e+02
2.212199999999999633e+01 4.790380239486694336e+01 3.900000000000000000e+01 2.510000000000000000e+02
2.245799999999999841e+01 4.790380239486694336e+01 4.000000000000000000e+01 2.220000000000000000e+02
2.365899999999998826e+01 4.790380239486694336e+01 4.100000000000000000e+01 3.440000000000000000e+02
2.371599999999998687e+01 4.790380239486694336e+01 4.200000000000000000e+01 1.950000000000000000e+02
2.454099999999997195e+01 4.790380239486694336e+01 4.300000000000000000e+01 2.400000000000000000e+02
2.437099999999997380e+01 4.790380239486694336e+01 4.400000000000000000e+01 2.100000000000000000e+02
2.491899999999996496e+01 4.790380239486694336e+01 4.500000000000000000e+01 3.310000000000000000e+02
2.568599999999996797e+01 4.790380239486694336e+01 4.600000000000000000e+01 2.550000000000000000e+02
2.593899999999997164e+01 4.790380239486694336e+01 4.700000000000000000e+01 3.120000000000000000e+02
2.647399999999998954e+01 4.790380239486694336e+01 4.800000000000000000e+01 4.360000000000000000e+02
2.723999999999999133e+01 4.790380239486694336e+01 4.900000000000000000e+01 3.350000000000000000e+02
2.733999999999999275e+01 4.790380239486694336e+01 5.000000000000000000e+01 3.420000000000000000e+02
2.822700000000001097e+01 4.790380239486694336e+01 5.100000000000000000e+01 4.440000000000000000e+02
2.886800000000000566e+01 4.790380239486694336e+01 5.200000000000000000e+01 3.270000000000000000e+02
2.930599999999999739e+01 4.790380239486694336e+01 5.300000000000000000e+01 4.290000000000000000e+02
3.028800000000000026e+01 4.790380239486694336e+01 5.400000000000000000e+01 4.780000000000000000e+02
3.089300000000000068e+01 4.790380239486694336e+01 5.500000000000000000e+01 5.630000000000000000e+02
3.155999999999997740e+01 4.790380239486694336e+01 5.600000000000000000e+01 6.420000000000000000e+02
3.221099999999999142e+01 4.790380239486694336e+01 5.700000000000000000e+01 5.130000000000000000e+02
3.258399999999996055e+01 4.790380239486694336e+01 5.800000000000000000e+01 6.280000000000000000e+02
3.305500000000006366e+01 4.790380239486694336e+01 5.900000000000000000e+01 5.220000000000000000e+02
3.425100000000004030e+01 4.790380239486694336e+01 6.000000000000000000e+01 8.080000000000000000e+02
3.438700000000009283e+01 4.790380239486694336e+01 6.100000000000000000e+01 5.720000000000000000e+02
3.539500000000006708e+01 4.790380239486694336e+01 6.200000000000000000e+01 5.990000000000000000e+02
3.600100000000018952e+01 4.790380239486694336e+01 6.300000000000000000e+01 1.158000000000000000e+03
3.731900000000023709e+01 4.790380239486694336e+01 6.400000000000000000e+01 9.760000000000000000e+02
3.838500000000029644e+01 4.790380239486694336e+01 6.500000000000000000e+01 1.384000000000000000e+03
3.917200000000032389e+01 4.790380239486694336e+01 6.600000000000000000e+01 7.480000000000000000e+02
4.012300000000035993e+01 4.790380239486694336e+01 6.700000000000000000e+01 1.236000000000000000e+03
4.341900000000048010e+01 4.790380239486694336e+01 6.800000000000000000e+01 1.077000000000000000e+03
4.435400000000051790e+01 4.790380239486694336e+01 6.900000000000000000e+01 1.050000000000000000e+03
4.591000000000057923e+01 4.790380239486694336e+01 7.000000000000000000e+01 7.820000000000000000e+02
4.685800000000061516e+01 4.790380239486694336e+01 7.100000000000000000e+01 9.030000000000000000e+02
4.744800000000064699e+01 4.790380239486694336e+01 7.200000000000000000e+01 1.885000000000000000e+03
4.790380239486694336e+01 4.790380239486694336e+01 0.000000000000000000e+00 0.000000000000000000e+00
4.790380239486694336e+01 4.790380239486694336e+01 0.000000000000000000e+00 0.000000000000000000e+00
3.790000000000000036e+00 4.883370399475097656e+01 0.000000000000000000e+00 0.000000000000000000e+00
4.792000000000000703e+00 4.883370399475097656e+01 1.000000000000000000e+00 5.000000000000000000e+00
5.582000000000001627e+00 4.883370399475097656e+01 2.000000000000000000e+00 1.300000000000000000e+01
6.920000000000001705e+00 4.883370399475097656e+01 3.000000000000000000e+00 9.000000000000000000e+00
7.110000000000002096e+00 4.883370399475097656e+01 4.000000000000000000e+00 1.200000000000000000e+01
7.658000000000002139e+00 4.883370399475097656e+01 5.000000000000000000e+00 1.800000000000000000e+01
8.365000000000001990e+00 4.883370399475097656e+01 6.000000000000000000e+00 1.900000000000000000e+01
8.346000000000001862e+00 4.883370399475097656e+01 7.000000000000000000e+00 1.800000000000000000e+01
9.217000000000000526e+00 4.883370399475097656e+01 8.000000000000000000e+00 3.700000000000000000e+01
9.710000000000000853e+00 4.883370399475097656e+01 9.000000000000000000e+00 2.600000000000000000e+01
1.035200000000000209e+01 4.883370399475097656e+01 1.000000000000000000e+01 3.400000000000000000e+01
1.079600000000000293e+01 4.883370399475097656e+01 1.100000000000000000e+01 3.600000000000000000e+01
1.142600000000000193e+01 4.883370399475097656e+01 1.200000000000000000e+01 2.400000000000000000e+01
1.201400000000000290e+01 4.883370399475097656e+01 1.300000000000000000e+01 6.400000000000000000e+01
1.258400000000000141e+01 4.883370399475097656e+01 1.400000000000000000e+01 4.700000000000000000e+01
1.300200000000000067e+01 4.883370399475097656e+01 1.500000000000000000e+01 5.000000000000000000e+01
1.340800000000000125e+01 4.883370399475097656e+01 1.600000000000000000e+01 4.000000000000000000e+01
1.362100000000000222e+01 4.883370399475097656e+01 1.700000000000000000e+01 5.600000000000000000e+01
1.393300000000000338e+01 4.883370399475097656e+01 1.800000000000000000e+01 6.900000000000000000e+01
1.415000000000000036e+01 4.883370399475097656e+01 1.900000000000000000e+01 7.500000000000000000e+01
1.490100000000000158e+01 4.883370399475097656e+01 2.000000000000000000e+01 7.400000000000000000e+01
1.490100000000000158e+01 4.883370399475097656e+01 2.100000000000000000e+01 5.600000000000000000e+01
1.569000000000000306e+01 4.883370399475097656e+01 2.200000000000000000e+01 8.600000000000000000e+01
1.612800000000000367e+01 4.883370399475097656e+01 2.300000000000000000e+01 8.100000000000000000e+01
1.676600000000000890e+01 4.883370399475097656e+01 2.400000000000000000e+01 1.360000000000000000e+02
1.707400000000000873e+01 4.883370399475097656e+01 2.500000000000000000e+01 1.240000000000000000e+02
1.746900000000000475e+01 4.883370399475097656e+01 2.600000000000000000e+01 1.360000000000000000e+02
1.813400000000000389e+01 4.883370399475097656e+01 2.700000000000000000e+01 1.430000000000000000e+02
1.840500000000000469e+01 4.883370399475097656e+01 2.800000000000000000e+01 1.420000000000000000e+02
1.867900000000000560e+01 4.883370399475097656e+01 2.900000000000000000e+01 1.590000000000000000e+02
1.928900000000000148e+01 4.883370399475097656e+01 3.000000000000000000e+01 1.150000000000000000e+02
1.929499999999999460e+01 4.883370399475097656e+01 3.100000000000000000e+01 1.360000000000000000e+02
2.001899999999999835e+01 4.883370399475097656e+01 3.200000000000000000e+01 1.910000000000000000e+02
2.055700000000000571e+01 4.883370399475097656e+01 3.300000000000000000e+01 1.860000000000000000e+02
2.094000000000000838e+01 4.883370399475097656e+01 3.400000000000000000e+01 1.770000000000000000e+02
2.129700000000001481e+01 4.883370399475097656e+01 3.500000000000000000e+01 1.980000000000000000e+02
2.170700000000002206e+01 4.883370399475097656e+01 3.600000000000000000e+01 2.530000000000000000e+02
2.220800000000003038e+01 4.883370399475097656e+01 3.700000000000000000e+01 1.970000000000000000e+02
2.273100000000003362e+01 4.883370399475097656e+01 3.800000000000000000e+01 1.980000000000000000e+02
2.303900000000003345e+01 4.883370399475097656e+01 3.900000000000000000e+01 2.250000000000000000e+02
2.320700000000002916e+01 4.883370399475097656e+01 4.000000000000000000e+01 2.850000000000000000e+02
2.410900000000002663e+01 4.883370399475097656e+01 4.100000000000000000e+01 3.350000000000000000e+02
2.409700000000002262e+01 4.883370399475097656e+01 4.200000000000000000e+01 2.190000000000000000e+02
2.466500000000002402e+01 4.883370399475097656e+01 4.300000000000000000e+01 2.950000000000000000e+02
2.519300000000001560e+01 4.883370399475097656e+01 4.400000000000000000e+01 3.010000000000000000e+02
2.558500000000002217e+01 4.883370399475097656e+01 4.500000000000000000e+01 3.100000000000000000e+02
2.603600000000002623e+01 4.883370399475097656e+01 4.600000000000000000e+01 3.880000000000000000e+02
2.729900000000002436e+01 4.883370399475097656e+01 4.700000000000000000e+01 3.250000000000000000e+02
2.768600000000003192e+01 4.883370399475097656e+01 4.800000000000000000e+01 3.980000000000000000e+02
2.839900000000002578e+01 4.883370399475097656e+01 4.900000000000000000e+01 5.000000000000000000e+02
2.868900000000001782e+01 4.883370399475097656e+01 5.000000000000000000e+01 3.640000000000000000e+02
2.946900000000003317e+01 4.883370399475097656e+01 5.100000000000000000e+01 5.050000000000000000e+02
2.976200000000002888e+01 4.883370399475097656e+01 5.200000000000000000e+01 4.630000000000000000e+02
3.043600000000002126e+01 4.883370399475097656e+01 5.300000000000000000e+01 5.620000000000000000e+02
3.132600000000004314e+01 4.883370399475097656e+01 5.400000000000000000e+01 6.090000000000000000e+02
3.194200000000002149e+01 4.883370399475097656e+01 5.500000000000000000e+01 5.500000000000000000e+02
3.246100000000005537e+01 4.883370399475097656e+01 5.600000000000000000e+01 5.400000000000000000e+02
3.316500000000002046e+01 4.883370399475097656e+01 5.700000000000000000e+01 7.640000000000000000e+02
3.401600000000009771e+01 4.883370399475097656e+01 5.800000000000000000e+01 7.660000000000000000e+02
3.436600000000007071e+01 4.883370399475097656e+01 5.900000000000000000e+01 7.860000000000000000e+02
3.549800000000018230e+01 4.883370399475097656e+01 6.000000000000000000e+01 6.290000000000000000e+02
3.634700000000017184e+01 4.883370399475097656e+01 6.100000000000000000e+01 8.090000000000000000e+02
3.700100000000022504e+01 4.883370399475097656e+01 6.200000000000000000e+01 1.336000000000000000e+03
3.803600000000026427e+01 4.883370399475097656e+01 6.300000000000000000e+01 1.355000000000000000e+03
3.878200000000030201e+01 4.883370399475097656e+01 6.400000000000000000e+01 1.566000000000000000e+03
3.938800000000032497e+01 4.883370399475097656e+01 6.500000000000000000e+01 1.157000000000000000e+03
4.058100000000037255e+01 4.883370399475097656e+01 6.600000000000000000e+01 1.106000000000000000e+03
4.179600000000041859e+01 4.883370399475097656e+01 6.700000000000000000e+01 1.041000000000000000e+03
4.307000000000047635e+01 4.883370399475097656e+01 6.800000000000000000e+01 1.252000000000000000e+03
4.432800000000052876e+01 4.883370399475097656e+01 6.900000000000000000e+01 1.009000000000000000e+03
4.518800000000055661e+01 4.883370399475097656e+01 7.000000000000000000e+01 8.460000000000000000e+02
4.780900000000065120e+01 4.883370399475097656e+01 7.100000000000000000e+01 8.100000000000000000e+02
4.880100000000069116e+01 4.883370399475097656e+01 7.200000000000000000e+01 1.005000000000000000e+03
4.883370399475097656e+01 4.883370399475097656e+01 0.000000000000000000e+00 0.000000000000000000e+00
4.883370399475097656e+01 4.883370399475097656e+01 0.000000000000000000e+00 0.000000000000000000e+00
4.371999999999999886e+00 5.020099401473999023e+01 0.000000000000000000e+00 2.000000000000000000e+00
5.375000000000000888e+00 5.020099401473999023e+01 1.000000000000000000e+00 9.000000000000000000e+00
5.767000000000000348e+00 5.020099401473999023e+01 2.000000000000000000e+00 1.400000000000000000e+01
6.530000000000001137e+00 5.020099401473999023e+01 3.000000000000000000e+00 1.000000000000000000e+01
7.089000000000001300e+00 5.020099401473999023e+01 4.000000000000000000e+00 1.100000000000000000e+01
7.811000000000001720e+00 5.020099401473999023e+01 5.000000000000000000e+00 1.400000000000000000e+01
8.711000000000002075e+00 5.020099401473999023e+01 6.000000000000000000e+00 1.700000000000000000e+01
9.753000000000000114e+00 5.020099401473999023e+01 7.000000000000000000e+00 4.000000000000000000e+01
1.042200000000000060e+01 5.020099401473999023e+01 8.000000000000000000e+00 2.600000000000000000e+01
1.106300000000000239e+01 5.020099401473999023e+01 9.000000000000000000e+00 5.000000000000000000e+01
1.156200000000000294e+01 5.020099401473999023e+01 1.000000000000000000e+01 4.700000000000000000e+01
1.218400000000000283e+01 5.020099401473999023e+01 1.100000000000000000e+01 5.400000000000000000e+01
1.293900000000000183e+01 5.020099401473999023e+01 1.200000000000000000e+01 5.700000000000000000e+01
1.293900000000000183e+01 5.020099401473999023e+01 1.300000000000000000e+01 3.600000000000000000e+01
1.380100000000000193e+01 5.020099401473999023e+01 1.400000000000000000e+01 5.100000000000000000e+01
1.407900000000000240e+01 5.020099401473999023e+01 1.500000000000000000e+01 7.000000000000000000e+01
1.435200000000000209e+01 5.020099401473999023e+01 1.600000000000000000e+01 4.600000000000000000e+01
1.448600000000000243e+01 5.020099401473999023e+01 1.700000000000000000e+01 3.600000000000000000e+01
1.549800000000000111e+01 5.020099401473999023e+01 1.800000000000000000e+01 1.120000000000000000e+02
1.574600000000000044e+01 5.020099401473999023e+01 1.900000000000000000e+01 8.900000000000000000e+01
1.658500000000000085e+01 5.020099401473999023e+01 2.000000000000000000e+01 9.500000000000000000e+01
1.680599999999999739e+01 5.020099401473999023e+01 2.100000000000000000e+01 8.000000000000000000e+01
1.706899999999999551e+01 5.020099401473999023e+01 2.200000000000000000e+01 1.440000000000000000e+02
1.792900000000000205e+01 5.020099401473999023e+01 2.300000000000000000e+01 1.660000000000000000e+02
1.889500000000000668e+01 5.020099401473999023e+01 2.400000000000000000e+01 1.040000000000000000e+02
1.940500000000000469e+01 5.020099401473999023e+01 2.500000000000000000e+01 1.260000000000000000e+02
1.978200000000000003e+01 5.020099401473999023e+01 2.600000000000000000e+01 1.200000000000000000e+02
2.038200000000000145e+01 5.020099401473999023e+01 2.700000000000000000e+01 2.330000000000000000e+02
2.093499999999999872e+01 5.020099401473999023e+01 2.800000000000000000e+01 1.390000000000000000e+02
2.135899999999999821e+01 5.020099401473999023e+01 2.900000000000000000e+01 1.290000000000000000e+02
2.181299999999999883e+01 5.020099401473999023e+01 3.000000000000000000e+01 1.920000000000000000e+02
2.231099999999999639e+01 5.020099401473999023e+01 3.100000000000000000e+01 1.700000000000000000e+02
2.270999999999999375e+01 5.020099401473999023e+01 3.200000000000000000e+01 2.380000000000000000e+02
2.286999999999999744e+01 5.020099401473999023e+01 3.300000000000000000e+01 1.610000000000000000e+02
2.342800000000000082e+01 5.020099401473999023e+01 3.400000000000000000e+01 2.490000000000000000e+02
2.432300000000000750e+01 5.020099401473999023e+01 3.500000000000000000e+01 2.610000000000000000e+02
2.443400000000001171e+01 5.020099401473999023e+01 3.600000000000000000e+01 2.410000000000000000e+02
2.505400000000001981e+01 5.020099401473999023e+01 3.700000000000000000e+01 2.530000000000000000e+02
2.555700000000001992e+01 5.020099401473999023e+01 3.800000000000000000e+01 2.260000000000000000e+02
2.566400000000001569e+01 5.020099401473999023e+01 3.900000000000000000e+01 2.130000000000000000e+02
2.625900000000000745e+01 5.020099401473999023e+01 4.000000000000000000e+01 2.740000000000000000e+02
2.653600000000000492e+01 5.020099401473999023e+01 4.100000000000000000e+01 3.160000000000000000e+02
2.727100000000000435e+01 5.020099401473999023e+01 4.200000000000000000e+01 2.970000000000000000e+02
2.727000000000000668e+01 5.020099401473999023e+01 4.300000000000000000e+01 2.700000000000000000e+02
2.781800000000000139e+01 5.020099401473999023e+01 4.400000000000000000e+01 3.730000000000000000e+02
2.826900000000000546e+01 5.020099401473999023e+01 4.500000000000000000e+01 2.500000000000000000e+02
2.881900000000000617e+01 5.020099401473999023e+01 4.600000000000000000e+01 3.390000000000000000e+02
2.911900000000000688e+01 5.020099401473999023e+01 4.700000000000000000e+01 5.410000000000000000e+02
3.003900000000003345e+01 5.020099401473999023e+01 4.800000000000000000e+01 4.750000000000000000e+02
3.063700000000003598e+01 5.020099401473999023e+01 4.900000000000000000e+01 4.240000000000000000e+02
3.108400000000003516e+01 5.020099401473999023e+01 5.000000000000000000e+01 5.140000000000000000e+02
3.157500000000004192e+01 5.020099401473999023e+01 5.100000000000000000e+01 6.390000000000000000e+02
3.241100000000003689e+01 5.020099401473999023e+01 5.200000000000000000e+01 4.640000000000000000e+02
3.276000000000006196e+01 5.020099401473999023e+01 5.300000000000000000e+01 6.530000000000000000e+02
3.348900000000008248e+01 5.020099401473999023e+01 5.400000000000000000e+01 5.580000000000000000e+02
3.448300000000009646e+01 5.020099401473999023e+01 5.500000000000000000e+01 6.740000000000000000e+02
3.512400000000013733e+01 5.020099401473999023e+01 5.600000000000000000e+01 7.150000000000000000e+02
3.638500000000008328e+01 5.020099401473999023e+01 5.700000000000000000e+01 6.310000000000000000e+02
3.668600000000011363e+01 5.020099401473999023e+01 5.800000000000000000e+01 6.210000000000000000e+02
3.721400000000007680e+01 5.020099401473999023e+01 5.900000000000000000e+01 1.059000000000000000e+03
3.829900000000017002e+01 5.020099401473999023e+01 6.000000000000000000e+01 8.820000000000000000e+02
3.888400000000014245e+01 5.020099401473999023e+01 6.100000000000000000e+01 6.760000000000000000e+02
3.968400000000020356e+01 5.020099401473999023e+01 6.200000000000000000e+01 9.840000000000000000e+02
4.068200000000025796e+01 5.020099401473999023e+01 6.300000000000000000e+01 8.800000000000000000e+02
4.114400000000028257e+01 5.020099401473999023e+01 6.400000000000000000e+01 1.739000000000000000e+03
4.195200000000030371e+01 5.020099401473999023e+01 6.500000000000000000e+01 1.025000000000000000e+03
4.340500000000037062e+01 5.020099401473999023e+01 6.600000000000000000e+01 9.700000000000000000e+02
4.441300000000040171e+01 5.020099401473999023e+01 6.700000000000000000e+01 1.103000000000000000e+03
4.525000000000044054e+01 5.020099401473999023e+01 6.800000000000000000e+01 2.047000000000000000e+03
4.648000000000048004e+01 5.020099401473999023e+01 6.900000000000000000e+01 9.490000000000000000e+02
4.770200000000052398e+01 5.020099401473999023e+01 7.000000000000000000e+01 8.070000000000000000e+02
4.880800000000056826e+01 5.020099401473999023e+01 7.100000000000000000e+01 1.478000000000000000e+03
5.012300000000062283e+01 5.020099401473999023e+01 7.200000000000000000e+01 1.165000000000000000e+03
5.020099401473999023e+01 5.020099401473999023e+01 0.000000000000000000e+00 0.000000000000000000e+00
5.020099401473999023e+01 5.020099401473999023e+01 0.000000000000000000e+00 0.000000000000000000e+00
5.038000000000000256e+00 4.905231618881225586e+01 0.000000000000000000e+00 1.000000000000000000e+01
6.039000000000001478e+00 4.905231618881225586e+01 1.000000000000000000e+00 8.000000000000000000e+00
6.628000000000001890e+00 4.905231618881225586e+01 2.000000000000000000e+00 1.100000000000000000e+01
7.964000000000002188e+00 4.905231618881225586e+01 3.000000000000000000e+00 1.800000000000000000e+01
7.964000000000002188e+00 4.905231618881225586e+01 4.000000000000000000e+00 4.200000000000000000e+01
8.334000000000001407e+00 4.905231618881225586e+01 5.000000000000000000e+00 2.100000000000000000e+01
9.047000000000000597e+00 4.905231618881225586e+01 6.000000000000000000e+00 2.500000000000000000e+01
1.008200000000000074e+01 4.905231618881225586e+01 7.000000000000000000e+00 3.400000000000000000e+01
1.025400000000000134e+01 4.905231618881225586e+01 8.000000000000000000e+00 3.300000000000000000e+01
1.074600000000000222e+01 4.905231618881225586e+01 9.000000000000000000e+00 5.400000000000000000e+01
1.090500000000000291e+01 4.905231618881225586e+01 1.000000000000000000e+01 4.500000000000000000e+01
1.153600000000000136e+01 4.905231618881225586e+01 1.100000000000000000e+01 4.100000000000000000e+01
1.179700000000000237e+01 4.905231618881225586e+01 1.200000000000000000e+01 3.800000000000000000e+01
1.214200000000000124e+01 4.905231618881225586e+01 1.300000000000000000e+01 5.600000000000000000e+01
1.265400000000000169e+01 4.905231618881225586e+01 1.400000000000000000e+01 5.700000000000000000e+01
1.327500000000000036e+01 4.905231618881225586e+01 1.500000000000000000e+01 5.000000000000000000e+01
1.368200000000000038e+01 4.905231618881225586e+01 1.600000000000000000e+01 7.600000000000000000e+01
1.394700000000000095e+01 4.905231618881225586e+01 1.700000000000000000e+01 4.900000000000000000e+01
1.445599999999999952e+01 4.905231618881225586e+01 1.800000000000000000e+01 8.900000000000000000e+01
1.451699999999999946e+01 4.905231618881225586e+01 1.900000000000000000e+01 9.000000000000000000e+01
1.479199999999999982e+01 4.905231618881225586e+01 2.000000000000000000e+01 6.000000000000000000e+01
1.541299999999999848e+01 4.905231618881225586e+01 2.100000000000000000e+01 8.900000000000000000e+01
1.541299999999999848e+01 4.905231618881225586e+01 2.200000000000000000e+01 1.030000000000000000e+02
1.585399999999999920e+01 4.905231618881225586e+01 2.300000000000000000e+01 1.060000000000000000e+02
1.627700000000000102e+01 4.905231618881225586e+01 2.400000000000000000e+01 1.190000000000000000e+02
1.668400000000000105e+01 4.905231618881225586e+01 2.500000000000000000e+01 1.280000000000000000e+02
1.745199999999999818e+01 4.905231618881225586e+01 2.600000000000000000e+01 1.300000000000000000e+02
1.796099999999999497e+01 4.905231618881225586e+01 2.700000000000000000e+01 1.540000000000000000e+02
1.827699999999999037e+01 4.905231618881225586e+01 2.800000000000000000e+01 1.610000000000000000e+02
1.869599999999999085e+01 4.905231618881225586e+01 2.900000000000000000e+01 1.290000000000000000e+02
1.904099999999998971e+01 4.905231618881225586e+01 3.000000000000000000e+01 1.190000000000000000e+02
1.953899999999998727e+01 4.905231618881225586e+01 3.100000000000000000e+01 1.830000000000000000e+02
1.985999999999998522e+01 4.905231618881225586e+01 3.200000000000000000e+01 1.680000000000000000e+02
2.016899999999998983e+01 4.905231618881225586e+01 3.300000000000000000e+01 1.800000000000000000e+02
2.067499999999999716e+01 4.905231618881225586e+01 3.400000000000000000e+01 2.110000000000000000e+02
2.126000000000000512e+01 4.905231618881225586e+01 3.500000000000000000e+01 2.100000000000000000e+02
2.146700000000000941e+01 4.905231618881225586e+01 3.600000000000000000e+01 1.860000000000000000e+02
2.182200000000000983e+01 4.905231618881225586e+01 3.700000000000000000e+01 2.200000000000000000e+02
2.214000000000000767e+01 4.905231618881225586e+01 3.800000000000000000e+01 2.070000000000000000e+02
2.273799999999999599e+01 4.905231618881225586e+01 3.900000000000000000e+01 2.840000000000000000e+02
2.289799999999999258e+01 4.905231618881225586e+01 4.000000000000000000e+01 2.500000000000000000e+02
2.371899999999998698e+01 4.905231618881225586e+01 4.100000000000000000e+01 2.780000000000000000e+02
2.431299999999998818e+01 4.905231618881225586e+01 4.200000000000000000e+01 3.570000000000000000e+02
2.438299999999998846e+01 4.905231618881225586e+01 4.300000000000000000e+01 2.340000000000000000e+02
2.513199999999997658e+01 4.905231618881225586e+01 4.400000000000000000e+01 2.770000000000000000e+02
2.552799999999998448e+01 4.905231618881225586e+01 4.500000000000000000e+01 3.280000000000000000e+02
2.581499999999998352e+01 4.905231618881225586e+01 4.600000000000000000e+01 3.910000000000000000e+02
2.671199999999998909e+01 4.905231618881225586e+01 4.700000000000000000e+01 3.950000000000000000e+02
2.710200000000000031e+01 4.905231618881225586e+01 4.800000000000000000e+01 3.890000000000000000e+02
2.783899999999999508e+01 4.905231618881225586e+01 4.900000000000000000e+01 4.530000000000000000e+02
2.847499999999999432e+01 4.905231618881225586e+01 5.000000000000000000e+01 4.760000000000000000e+02
2.909700000000000841e+01 4.905231618881225586e+01 5.100000000000000000e+01 4.830000000000000000e+02
2.960300000000000153e+01 4.905231618881225586e+01 5.200000000000000000e+01 5.410000000000000000e+02
3.016799999999999571e+01 4.905231618881225586e+01 5.300000000000000000e+01 6.540000000000000000e+02
3.063400000000000745e+01 4.905231618881225586e+01 5.400000000000000000e+01 6.170000000000000000e+02
3.130999999999998806e+01 4.905231618881225586e+01 5.500000000000000000e+01 6.930000000000000000e+02
3.234500000000003439e+01 4.905231618881225586e+01 5.600000000000000000e+01 5.840000000000000000e+02
3.429199999999998738e+01 4.905231618881225586e+01 5.700000000000000000e+01 6.760000000000000000e+02
3.489300000000005042e+01 4.905231618881225586e+01 5.800000000000000000e+01 6.990000000000000000e+02
3.542500000000001137e+01 4.905231618881225586e+01 5.900000000000000000e+01 7.030000000000000000e+02
3.708700000000015962e+01 4.905231618881225586e+01 6.000000000000000000e+01 6.880000000000000000e+02
3.788600000000021595e+01 4.905231618881225586e+01 6.100000000000000000e+01 1.158000000000000000e+03
3.844500000000028450e+01 4.905231618881225586e+01 6.200000000000000000e+01 1.099000000000000000e+03
3.941500000000034021e+01 4.905231618881225586e+01 6.300000000000000000e+01 1.171000000000000000e+03
4.019200000000037676e+01 4.905231618881225586e+01 6.400000000000000000e+01 1.867000000000000000e+03
4.093300000000040484e+01 4.905231618881225586e+01 6.500000000000000000e+01 1.126000000000000000e+03
4.219300000000045259e+01 4.905231618881225586e+01 6.600000000000000000e+01 2.025000000000000000e+03
4.291600000000047288e+01 4.905231618881225586e+01 6.700000000000000000e+01 7.130000000000000000e+02
4.396400000000051023e+01 4.905231618881225586e+01 6.800000000000000000e+01 1.510000000000000000e+03
4.504900000000056082e+01 4.905231618881225586e+01 6.900000000000000000e+01 7.170000000000000000e+02
4.615400000000060032e+01 4.905231618881225586e+01 7.000000000000000000e+01 8.700000000000000000e+02
4.723700000000064136e+01 4.905231618881225586e+01 7.100000000000000000e+01 9.430000000000000000e+02
4.897000000000070941e+01 4.905231618881225586e+01 7.200000000000000000e+01 1.839000000000000000e+03
4.905231618881225586e+01 4.905231618881225586e+01 0.000000000000000000e+00 0.000000000000000000e+00
4.905231618881225586e+01 4.905231618881225586e+01 0.000000000000000000e+00 0.000000000000000000e+00
3.557000000000000384e+00 4.847955155372619629e+01 0.000000000000000000e+00 0.000000000000000000e+00
4.956000000000000405e+00 4.847955155372619629e+01 1.000000000000000000e+00 2.000000000000000000e+00
5.739000000000000767e+00 4.847955155372619629e+01 2.000000000000000000e+00 1.200000000000000000e+01
6.878000000000000114e+00 4.847955155372619629e+01 3.000000000000000000e+00 8.000000000000000000e+00
8.358999999999999986e+00 4.847955155372619629e+01 4.000000000000000000e+00 1.800000000000000000e+01
8.901999999999999247e+00 4.847955155372619629e+01 5.000000000000000000e+00 2.200000000000000000e+01
1.047600000000000087e+01 4.847955155372619629e+01 6.000000000000000000e+00 1.900000000000000000e+01
1.099200000000000088e+01 4.847955155372619629e+01 7.000000000000000000e+00 1.400000000000000000e+01
1.132900000000000063e+01 4.847955155372619629e+01 8.000000000000000000e+00 3.900000000000000000e+01
1.149500000000000099e+01 4.847955155372619629e+01 9.000000000000000000e+00 3.000000000000000000e+01
1.197199999999999953e+01 4.847955155372619629e+01 1.000000000000000000e+01 3.500000000000000000e+01
1.243599999999999994e+01 4.847955155372619629e+01 1.100000000000000000e+01 3.200000000000000000e+01
1.258900000000000041e+01 4.847955155372619629e+01 1.200000000000000000e+01 3.600000000000000000e+01
1.288500000000000156e+01 4.847955155372619629e+01 1.300000000000000000e+01 4.500000000000000000e+01
1.317200000000000060e+01 4.847955155372619629e+01 1.400000000000000000e+01 6.200000000000000000e+01
1.358900000000000041e+01 4.847955155372619629e+01 1.500000000000000000e+01 3.700000000000000000e+01
1.399399999999999977e+01 4.847955155372619629e+01 1.600000000000000000e+01 4.900000000000000000e+01
1.438799999999999990e+01 4.847955155372619629e+01 1.700000000000000000e+01 7.100000000000000000e+01
1.499100000000000144e+01 4.847955155372619629e+01 1.800000000000000000e+01 8.200000000000000000e+01
1.551999999999999780e+01 4.847955155372619629e+01 1.900000000000000000e+01 1.080000000000000000e+02
1.599799999999999756e+01 4.847955155372619629e+01 2.000000000000000000e+01 6.600000000000000000e+01
1.580999999999999872e+01 4.847955155372619629e+01 2.100000000000000000e+01 9.100000000000000000e+01
1.656299999999999528e+01 4.847955155372619629e+01 2.200000000000000000e+01 9.400000000000000000e+01
1.688999999999999702e+01 4.847955155372619629e+01 2.300000000000000000e+01 9.600000000000000000e+01
1.751799999999999713e+01 4.847955155372619629e+01 2.400000000000000000e+01 1.190000000000000000e+02
1.778799999999999670e+01 4.847955155372619629e+01 2.500000000000000000e+01 1.190000000000000000e+02
1.872999999999999687e+01 4.847955155372619629e+01 2.600000000000000000e+01 1.270000000000000000e+02
1.907999999999999829e+01 4.847955155372619629e+01 2.700000000000000000e+01 1.440000000000000000e+02
1.994399999999999551e+01 4.847955155372619629e+01 2.800000000000000000e+01 1.330000000000000000e+02
2.003599999999999426e+01 4.847955155372619629e+01 2.900000000000000000e+01 1.460000000000000000e+02
2.037899999999999423e+01 4.847955155372619629e+01 3.000000000000000000e+01 1.510000000000000000e+02
2.060799999999999343e+01 4.847955155372619629e+01 3.100000000000000000e+01 1.660000000000000000e+02
2.126999999999998892e+01 4.847955155372619629e+01 3.200000000000000000e+01 2.100000000000000000e+02
2.195799999999999486e+01 4.847955155372619629e+01 3.300000000000000000e+01 1.630000000000000000e+02
2.223299999999999699e+01 4.847955155372619629e+01 3.400000000000000000e+01 1.570000000000000000e+02
2.303100000000000236e+01 4.847955155372619629e+01 3.500000000000000000e+01 1.660000000000000000e+02
2.330400000000000560e+01 4.847955155372619629e+01 3.600000000000000000e+01 2.220000000000000000e+02
2.369600000000001216e+01 4.847955155372619629e+01 3.700000000000000000e+01 1.920000000000000000e+02
2.358700000000002106e+01 4.847955155372619629e+01 3.800000000000000000e+01 2.680000000000000000e+02
2.449300000000001631e+01 4.847955155372619629e+01 3.900000000000000000e+01 2.640000000000000000e+02
2.478000000000001180e+01 4.847955155372619629e+01 4.000000000000000000e+01 2.290000000000000000e+02
2.501100000000000634e+01 4.847955155372619629e+01 4.100000000000000000e+01 2.670000000000000000e+02
2.561299999999999955e+01 4.847955155372619629e+01 4.200000000000000000e+01 3.040000000000000000e+02
2.630199999999999960e+01 4.847955155372619629e+01 4.300000000000000000e+01 3.350000000000000000e+02
2.620500000000000185e+01 4.847955155372619629e+01 4.400000000000000000e+01 3.260000000000000000e+02
2.676200000000001467e+01 4.847955155372619629e+01 4.500000000000000000e+01 3.660000000000000000e+02
2.741200000000000969e+01 4.847955155372619629e+01 4.600000000000000000e+01 4.990000000000000000e+02
2.794300000000000850e+01 4.847955155372619629e+01 4.700000000000000000e+01 3.510000000000000000e+02
2.852400000000002223e+01 4.847955155372619629e+01 4.800000000000000000e+01 4.110000000000000000e+02
2.857000000000002515e+01 4.847955155372619629e+01 4.900000000000000000e+01 5.020000000000000000e+02
2.902800000000002001e+01 4.847955155372619629e+01 5.000000000000000000e+01 5.000000000000000000e+02
2.984100000000002595e+01 4.847955155372619629e+01 5.100000000000000000e+01 5.500000000000000000e+02
3.042400000000002080e+01 4.847955155372619629e+01 5.200000000000000000e+01 4.870000000000000000e+02
3.103500000000001791e+01 4.847955155372619629e+01 5.300000000000000000e+01 5.660000000000000000e+02
3.195300000000003848e+01 4.847955155372619629e+01 5.400000000000000000e+01 4.070000000000000000e+02
3.201900000000002677e+01 4.847955155372619629e+01 5.500000000000000000e+01 6.220000000000000000e+02
3.275900000000008561e+01 4.847955155372619629e+01 5.600000000000000000e+01 7.930000000000000000e+02
3.366600000000007498e+01 4.847955155372619629e+01 5.700000000000000000e+01 8.710000000000000000e+02
3.470500000000019014e+01 4.847955155372619629e+01 5.800000000000000000e+01 9.860000000000000000e+02
3.554300000000015558e+01 4.847955155372619629e+01 5.900000000000000000e+01 9.820000000000000000e+02
3.594600000000019691e+01 4.847955155372619629e+01 6.000000000000000000e+01 8.200000000000000000e+02
3.700600000000022050e+01 4.847955155372619629e+01 6.100000000000000000e+01 8.860000000000000000e+02
3.760800000000027410e+01 4.847955155372619629e+01 6.200000000000000000e+01 1.432000000000000000e+03
3.825600000000031997e+01 4.847955155372619629e+01 6.300000000000000000e+01 7.790000000000000000e+02
3.879400000000035220e+01 4.847955155372619629e+01 6.400000000000000000e+01 1.008000000000000000e+03
3.984300000000038722e+01 4.847955155372619629e+01 6.500000000000000000e+01 1.938000000000000000e+03
4.061000000000041865e+01 4.847955155372619629e+01 6.600000000000000000e+01 1.141000000000000000e+03
4.177400000000046276e+01 4.847955155372619629e+01 6.700000000000000000e+01 7.880000000000000000e+02
4.258200000000049812e+01 4.847955155372619629e+01 6.800000000000000000e+01 9.710000000000000000e+02
4.327300000000052194e+01 4.847955155372619629e+01 6.900000000000000000e+01 1.090000000000000000e+03
4.605300000000062255e+01 4.847955155372619629e+01 7.000000000000000000e+01 7.150000000000000000e+02
4.720300000000067087e+01 4.847955155372619629e+01 7.100000000000000000e+01 7.770000000000000000e+02
4.828300000000070469e+01 4.847955155372619629e+01 7.200000000000000000e+01 9.850000000000000000e+02
4.847955155372619629e+01 4.847955155372619629e+01 0.000000000000000000e+00 0.000000000000000000e+00
4.847955155372619629e+01 4.847955155372619629e+01 0.000000000000000000e+00 0.000000000000000000e+00
3.916000000000000814e+00 5.267082333564758301e+01 0.000000000000000000e+00 4.000000000000000000e+00
4.516000000000000902e+00 5.267082333564758301e+01 1.000000000000000000e+00 6.000000000000000000e+00
5.879999999999999893e+00 5.267082333564758301e+01 2.000000000000000000e+00 3.000000000000000000e+00
7.581999999999999851e+00 5.267082333564758301e+01 3.000000000000000000e+00 5.000000000000000000e+00
8.137000000000000455e+00 5.267082333564758301e+01 4.000000000000000000e+00 1.500000000000000000e+01
8.860999999999998877e+00 5.267082333564758301e+01 5.000000000000000000e+00 1.400000000000000000e+01
9.567000000000000171e+00 5.267082333564758301e+01 6.000000000000000000e+00 1.800000000000000000e+01
1.042200000000000060e+01 5.267082333564758301e+01 7.000000000000000000e+00 4.200000000000000000e+01
1.108900000000000041e+01 5.267082333564758301e+01 8.000000000000000000e+00 2.000000000000000000e+01
1.141699999999999982e+01 5.267082333564758301e+01 9.000000000000000000e+00 3.100000000000000000e+01
1.173700000000000010e+01 5.267082333564758301e+01 1.000000000000000000e+01 3.800000000000000000e+01
1.235699999999999932e+01 5.267082333564758301e+01 1.100000000000000000e+01 5.500000000000000000e+01
1.250999999999999979e+01 5.267082333564758301e+01 1.200000000000000000e+01 3.800000000000000000e+01
1.295199999999999996e+01 5.267082333564758301e+01 1.300000000000000000e+01 7.000000000000000000e+01
1.390699999999999825e+01 5.267082333564758301e+01 1.400000000000000000e+01 6.500000000000000000e+01
1.417599999999999838e+01 5.267082333564758301e+01 1.500000000000000000e+01 8.000000000000000000e+01
1.477499999999999858e+01 5.267082333564758301e+01 1.600000000000000000e+01 9.100000000000000000e+01
1.542599999999999838e+01 5.267082333564758301e+01 1.700000000000000000e+01 5.300000000000000000e+01
1.580699999999999861e+01 5.267082333564758301e+01 1.800000000000000000e+01 6.700000000000000000e+01
1.589099999999999824e+01 5.267082333564758301e+01 1.900000000000000000e+01 8.500000000000000000e+01
1.653199999999999292e+01 5.267082333564758301e+01 2.000000000000000000e+01 1.290000000000000000e+02
1.722299999999999187e+01 5.267082333564758301e+01 2.100000000000000000e+01 1.060000000000000000e+02
1.744799999999999329e+01 5.267082333564758301e+01 2.200000000000000000e+01 7.700000000000000000e+01
1.785999999999999943e+01 5.267082333564758301e+01 2.300000000000000000e+01 9.900000000000000000e+01
1.830599999999999739e+01 5.267082333564758301e+01 2.400000000000000000e+01 1.520000000000000000e+02
1.881299999999999528e+01 5.267082333564758301e+01 2.500000000000000000e+01 1.660000000000000000e+02
1.910999999999999233e+01 5.267082333564758301e+01 2.600000000000000000e+01 1.330000000000000000e+02
1.957099999999999795e+01 5.267082333564758301e+01 2.700000000000000000e+01 1.180000000000000000e+02
2.044699999999999562e+01 5.267082333564758301e+01 2.800000000000000000e+01 8.500000000000000000e+01
2.076900000000000190e+01 5.267082333564758301e+01 2.900000000000000000e+01 1.570000000000000000e+02
2.137699999999999889e+01 5.267082333564758301e+01 3.000000000000000000e+01 2.060000000000000000e+02
2.154299999999999926e+01 5.267082333564758301e+01 3.100000000000000000e+01 2.300000000000000000e+02
2.178399999999999892e+01 5.267082333564758301e+01 3.200000000000000000e+01 1.500000000000000000e+02
2.247499999999999787e+01 5.267082333564758301e+01 3.300000000000000000e+01 1.750000000000000000e+02
2.291600000000000037e+01 5.267082333564758301e+01 3.400000000000000000e+01 2.160000000000000000e+02
2.319700000000000273e+01 5.267082333564758301e+01 3.500000000000000000e+01 2.400000000000000000e+02
2.369500000000000739e+01 5.267082333564758301e+01 3.600000000000000000e+01 2.130000000000000000e+02
2.406600000000000961e+01 5.267082333564758301e+01 3.700000000000000000e+01 2.080000000000000000e+02
2.449900000000001654e+01 5.267082333564758301e+01 3.800000000000000000e+01 2.730000000000000000e+02
2.499900000000001654e+01 5.267082333564758301e+01 3.900000000000000000e+01 3.060000000000000000e+02
2.528700000000001324e+01 5.267082333564758301e+01 4.000000000000000000e+01 1.670000000000000000e+02
2.556300000000000949e+01 5.267082333564758301e+01 4.100000000000000000e+01 2.330000000000000000e+02
2.608700000000000685e+01 5.267082333564758301e+01 4.200000000000000000e+01 3.580000000000000000e+02
2.653800000000001091e+01 5.267082333564758301e+01 4.300000000000000000e+01 2.780000000000000000e+02
2.706100000000000350e+01 5.267082333564758301e+01 4.400000000000000000e+01 2.980000000000000000e+02
2.721800000000001418e+01 5.267082333564758301e+01 4.500000000000000000e+01 3.580000000000000000e+02
2.775400000000001199e+01 5.267082333564758301e+01 4.600000000000000000e+01 3.650000000000000000e+02
2.803800000000000736e+01 5.267082333564758301e+01 4.700000000000000000e+01 3.440000000000000000e+02
2.849500000000001876e+01 5.267082333564758301e+01 4.800000000000000000e+01 3.530000000000000000e+02
2.935100000000002751e+01 5.267082333564758301e+01 4.900000000000000000e+01 5.560000000000000000e+02
3.006300000000002015e+01 5.267082333564758301e+01 5.000000000000000000e+01 4.240000000000000000e+02
3.074500000000003652e+01 5.267082333564758301e+01 5.100000000000000000e+01 5.730000000000000000e+02
3.118000000000003169e+01 5.267082333564758301e+01 5.200000000000000000e+01 4.920000000000000000e+02
3.202700000000002234e+01 5.267082333564758301e+01 5.300000000000000000e+01 4.960000000000000000e+02
3.243400000000003303e+01 5.267082333564758301e+01 5.400000000000000000e+01 5.340000000000000000e+02
3.296300000000002939e+01 5.267082333564758301e+01 5.500000000000000000e+01 9.090000000000000000e+02
3.395300000000011664e+01 5.267082333564758301e+01 5.600000000000000000e+01 8.880000000000000000e+02
3.437500000000009948e+01 5.267082333564758301e+01 5.700000000000000000e+01 6.490000000000000000e+02
3.533000000000020435e+01 5.267082333564758301e+01 5.800000000000000000e+01 9.450000000000000000e+02
3.587500000000017053e+01 5.267082333564758301e+01 5.900000000000000000e+01 7.760000000000000000e+02
3.656700000000026307e+01 5.267082333564758301e+01 6.000000000000000000e+01 7.850000000000000000e+02
3.718500000000026517e+01 5.267082333564758301e+01 6.100000000000000000e+01 7.020000000000000000e+02
3.757900000000027774e+01 5.267082333564758301e+01 6.200000000000000000e+01 1.259000000000000000e+03
3.843500000000032202e+01 5.267082333564758301e+01 6.300000000000000000e+01 1.139000000000000000e+03
3.937000000000037403e+01 5.267082333564758301e+01 6.400000000000000000e+01 1.652000000000000000e+03
4.013600000000040069e+01 5.267082333564758301e+01 6.500000000000000000e+01 9.120000000000000000e+02
4.144100000000045014e+01 5.267082333564758301e+01 6.600000000000000000e+01 9.400000000000000000e+02
4.252600000000048652e+01 5.267082333564758301e+01 6.700000000000000000e+01 1.051000000000000000e+03
4.381300000000054240e+01 5.267082333564758301e+01 6.800000000000000000e+01 8.260000000000000000e+02
4.499200000000058708e+01 5.267082333564758301e+01 6.900000000000000000e+01 9.730000000000000000e+02
4.911000000000075261e+01 5.267082333564758301e+01 7.000000000000000000e+01 8.030000000000000000e+02
4.999000000000078359e+01 5.267082333564758301e+01 7.100000000000000000e+01 1.081000000000000000e+03
5.249700000000088096e+01 5.267082333564758301e+01 7.200000000000000000e+01 9.130000000000000000e+02
5.267082333564758301e+01 5.267082333564758301e+01 0.000000000000000000e+00 0.000000000000000000e+00
5.267082333564758301e+01 5.267082333564758301e+01 0.000000000000000000e+00 0.000000000000000000e+00
3.553000000000000380e+00 5.164402294158935547e+01 0.000000000000000000e+00 0.000000000000000000e+00
6.162999999999999368e+00 5.164402294158935547e+01 1.000000000000000000e+00 1.100000000000000000e+01
6.752999999999999226e+00 5.164402294158935547e+01 2.000000000000000000e+00 2.000000000000000000e+01
7.514999999999999680e+00 5.164402294158935547e+01 3.000000000000000000e+00 3.700000000000000000e+01
7.705000000000000071e+00 5.164402294158935547e+01 4.000000000000000000e+00 2.400000000000000000e+01
8.250999999999999446e+00 5.164402294158935547e+01 5.000000000000000000e+00 2.500000000000000000e+01
8.784999999999998366e+00 5.164402294158935547e+01 6.000000000000000000e+00 3.600000000000000000e+01
8.959999999999999076e+00 5.164402294158935547e+01 7.000000000000000000e+00 2.700000000000000000e+01
9.792999999999995708e+00 5.164402294158935547e+01 8.000000000000000000e+00 3.100000000000000000e+01
1.062899999999999778e+01 5.164402294158935547e+01 9.000000000000000000e+00 5.700000000000000000e+01
1.110899999999999821e+01 5.164402294158935547e+01 1.000000000000000000e+01 6.100000000000000000e+01
1.141999999999999815e+01 5.164402294158935547e+01 1.100000000000000000e+01 5.500000000000000000e+01
1.173099999999999810e+01 5.164402294158935547e+01 1.200000000000000000e+01 6.500000000000000000e+01
1.226399999999999935e+01 5.164402294158935547e+01 1.300000000000000000e+01 8.500000000000000000e+01
1.332800000000000118e+01 5.164402294158935547e+01 1.400000000000000000e+01 7.000000000000000000e+01
1.374600000000000044e+01 5.164402294158935547e+01 1.500000000000000000e+01 9.200000000000000000e+01
1.415399999999999991e+01 5.164402294158935547e+01 1.600000000000000000e+01 1.210000000000000000e+02
1.481000000000000227e+01 5.164402294158935547e+01 1.700000000000000000e+01 7.900000000000000000e+01
1.494000000000000306e+01 5.164402294158935547e+01 1.800000000000000000e+01 5.900000000000000000e+01
1.519100000000000428e+01 5.164402294158935547e+01 1.900000000000000000e+01 9.200000000000000000e+01
1.567600000000000193e+01 5.164402294158935547e+01 2.000000000000000000e+01 1.280000000000000000e+02
1.612800000000000367e+01 5.164402294158935547e+01 2.100000000000000000e+01 1.080000000000000000e+02
1.648699999999999832e+01 5.164402294158935547e+01 2.200000000000000000e+01 7.900000000000000000e+01
1.692700000000000315e+01 5.164402294158935547e+01 2.300000000000000000e+01 1.580000000000000000e+02
1.714000000000000412e+01 5.164402294158935547e+01 2.400000000000000000e+01 1.340000000000000000e+02
1.755100000000000549e+01 5.164402294158935547e+01 2.500000000000000000e+01 9.700000000000000000e+01
1.785000000000000497e+01 5.164402294158935547e+01 2.600000000000000000e+01 1.210000000000000000e+02
1.842300000000000537e+01 5.164402294158935547e+01 2.700000000000000000e+01 1.090000000000000000e+02
1.873900000000000787e+01 5.164402294158935547e+01 2.800000000000000000e+01 1.950000000000000000e+02
1.933500000000000441e+01 5.164402294158935547e+01 2.900000000000000000e+01 1.570000000000000000e+02
1.985200000000000387e+01 5.164402294158935547e+01 3.000000000000000000e+01 1.210000000000000000e+02
2.002000000000000313e+01 5.164402294158935547e+01 3.100000000000000000e+01 2.010000000000000000e+02
2.046699999999999875e+01 5.164402294158935547e+01 3.200000000000000000e+01 1.630000000000000000e+02
2.053299999999999770e+01 5.164402294158935547e+01 3.300000000000000000e+01 1.660000000000000000e+02
2.135500000000001108e+01 5.164402294158935547e+01 3.400000000000000000e+01 1.890000000000000000e+02
2.179200000000001580e+01 5.164402294158935547e+01 3.500000000000000000e+01 1.590000000000000000e+02
2.220500000000001961e+01 5.164402294158935547e+01 3.600000000000000000e+01 2.040000000000000000e+02
2.253500000000002501e+01 5.164402294158935547e+01 3.700000000000000000e+01 2.600000000000000000e+02
2.316700000000002291e+01 5.164402294158935547e+01 3.800000000000000000e+01 2.560000000000000000e+02
2.306300000000002370e+01 5.164402294158935547e+01 3.900000000000000000e+01 2.280000000000000000e+02
2.355400000000001981e+01 5.164402294158935547e+01 4.000000000000000000e+01 2.840000000000000000e+02
2.378000000000001535e+01 5.164402294158935547e+01 4.100000000000000000e+01 2.240000000000000000e+02
2.430200000000001737e+01 5.164402294158935547e+01 4.200000000000000000e+01 2.280000000000000000e+02
2.470600000000001373e+01 5.164402294158935547e+01 4.300000000000000000e+01 2.920000000000000000e+02
2.528100000000000591e+01 5.164402294158935547e+01 4.400000000000000000e+01 3.340000000000000000e+02
2.601700000000002078e+01 5.164402294158935547e+01 4.500000000000000000e+01 3.510000000000000000e+02
2.662700000000001310e+01 5.164402294158935547e+01 4.600000000000000000e+01 5.180000000000000000e+02
2.715800000000001546e+01 5.164402294158935547e+01 4.700000000000000000e+01 3.530000000000000000e+02
2.767200000000002902e+01 5.164402294158935547e+01 4.800000000000000000e+01 3.410000000000000000e+02
2.802900000000002834e+01 5.164402294158935547e+01 4.900000000000000000e+01 5.380000000000000000e+02
2.904900000000002080e+01 5.164402294158935547e+01 5.000000000000000000e+01 5.930000000000000000e+02
2.965400000000002834e+01 5.164402294158935547e+01 5.100000000000000000e+01 5.070000000000000000e+02
3.030300000000002569e+01 5.164402294158935547e+01 5.200000000000000000e+01 6.550000000000000000e+02
3.067100000000001714e+01 5.164402294158935547e+01 5.300000000000000000e+01 6.100000000000000000e+02
3.132100000000002993e+01 5.164402294158935547e+01 5.400000000000000000e+01 4.310000000000000000e+02
3.193300000000001404e+01 5.164402294158935547e+01 5.500000000000000000e+01 8.450000000000000000e+02
3.240500000000004377e+01 5.164402294158935547e+01 5.600000000000000000e+01 8.840000000000000000e+02
3.298600000000003263e+01 5.164402294158935547e+01 5.700000000000000000e+01 8.420000000000000000e+02
3.354600000000009885e+01 5.164402294158935547e+01 5.800000000000000000e+01 7.170000000000000000e+02
3.489800000000004587e+01 5.164402294158935547e+01 5.900000000000000000e+01 8.050000000000000000e+02
3.479600000000004911e+01 5.164402294158935547e+01 6.000000000000000000e+01 1.161000000000000000e+03
3.533700000000003172e+01 5.164402294158935547e+01 6.100000000000000000e+01 9.700000000000000000e+02
3.614900000000010749e+01 5.164402294158935547e+01 6.200000000000000000e+01 1.108000000000000000e+03
3.699600000000015143e+01 5.164402294158935547e+01 6.300000000000000000e+01 9.570000000000000000e+02
3.773500000000016996e+01 5.164402294158935547e+01 6.400000000000000000e+01 9.120000000000000000e+02
3.862300000000021072e+01 5.164402294158935547e+01 6.500000000000000000e+01 5.820000000000000000e+02
3.930900000000023198e+01 5.164402294158935547e+01 6.600000000000000000e+01 1.952000000000000000e+03
4.032300000000027751e+01 5.164402294158935547e+01 6.700000000000000000e+01 8.640000000000000000e+02
4.509700000000045605e+01 5.164402294158935547e+01 6.800000000000000000e+01 1.186000000000000000e+03
4.576300000000049550e+01 5.164402294158935547e+01 6.900000000000000000e+01 1.243000000000000000e+03
4.914000000000063295e+01 5.164402294158935547e+01 7.000000000000000000e+01 1.263000000000000000e+03
4.980200000000065330e+01 5.164402294158935547e+01 7.100000000000000000e+01 1.427000000000000000e+03
5.169300000000072259e+01 5.164402294158935547e+01 7.200000000000000000e+01 8.560000000000000000e+02
5.164402294158935547e+01 5.164402294158935547e+01 0.000000000000000000e+00 0.000000000000000000e+00
5.164402294158935547e+01 5.164402294158935547e+01 0.000000000000000000e+00 0.000000000000000000e+00
