4.218999999999999417e+00 5.288575434684753418e+01 0.000000000000000000e+00 0.000000000000000000e+00
6.056999999999999496e+00 5.288575434684753418e+01 1.000000000000000000e+00 1.000000000000000000e+00
7.128999999999999559e+00 5.288575434684753418e+01 2.000000000000000000e+00 9.000000000000000000e+00
8.003999999999999559e+00 5.288575434684753418e+01 3.000000000000000000e+00 1.600000000000000000e+01
8.682999999999999829e+00 5.288575434684753418e+01 4.000000000000000000e+00 1.100000000000000000e+01
9.181999999999998607e+00 5.288575434684753418e+01 5.000000000000000000e+00 3.500000000000000000e+01
9.990000000000000213e+00 5.288575434684753418e+01 6.000000000000000000e+00 2.900000000000000000e+01
1.014800000000000146e+01 5.288575434684753418e+01 7.000000000000000000e+00 3.700000000000000000e+01
1.107300000000000040e+01 5.288575434684753418e+01 8.000000000000000000e+00 4.900000000000000000e+01
1.166999999999999815e+01 5.288575434684753418e+01 9.000000000000000000e+00 4.700000000000000000e+01
1.196299999999999741e+01 5.288575434684753418e+01 1.000000000000000000e+01 5.800000000000000000e+01
1.281499999999999950e+01 5.288575434684753418e+01 1.100000000000000000e+01 6.500000000000000000e+01
1.350499999999999901e+01 5.288575434684753418e+01 1.200000000000000000e+01 6.400000000000000000e+01
1.350499999999999901e+01 5.288575434684753418e+01 1.300000000000000000e+01 4.200000000000000000e+01
1.400600000000000200e+01 5.288575434684753418e+01 1.400000000000000000e+01 6.100000000000000000e+01
1.449900000000000055e+01 5.288575434684753418e+01 1.500000000000000000e+01 7.800000000000000000e+01
1.503200000000000003e+01 5.288575434684753418e+01 1.600000000000000000e+01 6.900000000000000000e+01
1.574600000000000044e+01 5.288575434684753418e+01 1.700000000000000000e+01 8.600000000000000000e+01
1.620800000000000196e+01 5.288575434684753418e+01 1.800000000000000000e+01 1.150000000000000000e+02
1.659099999999999753e+01 5.288575434684753418e+01 1.900000000000000000e+01 1.160000000000000000e+02
1.709600000000000009e+01 5.288575434684753418e+01 2.000000000000000000e+01 9.200000000000000000e+01
1.728399999999999892e+01 5.288575434684753418e+01 2.100000000000000000e+01 9.100000000000000000e+01
1.802199999999999847e+01 5.288575434684753418e+01 2.200000000000000000e+01 1.530000000000000000e+02
1.890799999999999415e+01 5.288575434684753418e+01 2.300000000000000000e+01 1.550000000000000000e+02
1.919699999999999562e+01 5.288575434684753418e+01 2.400000000000000000e+01 2.200000000000000000e+02
1.984299999999999287e+01 5.288575434684753418e+01 2.500000000000000000e+01 1.970000000000000000e+02
2.044299999999999073e+01 5.288575434684753418e+01 2.600000000000000000e+01 2.050000000000000000e+02
2.098799999999998889e+01 5.288575434684753418e+01 2.700000000000000000e+01 2.180000000000000000e+02
2.115599999999998815e+01 5.288575434684753418e+01 2.800000000000000000e+01 1.990000000000000000e+02
2.130799999999998562e+01 5.288575434684753418e+01 2.900000000000000000e+01 2.790000000000000000e+02
2.183299999999999130e+01 5.288575434684753418e+01 3.000000000000000000e+01 2.340000000000000000e+02
2.231999999999999673e+01 5.288575434684753418e+01 3.100000000000000000e+01 2.050000000000000000e+02
2.253500000000000014e+01 5.288575434684753418e+01 3.200000000000000000e+01 3.890000000000000000e+02
2.329000000000000625e+01 5.288575434684753418e+01 3.300000000000000000e+01 2.840000000000000000e+02
2.367200000000000415e+01 5.288575434684753418e+01 3.400000000000000000e+01 3.740000000000000000e+02
2.424900000000000233e+01 5.288575434684753418e+01 3.500000000000000000e+01 2.460000000000000000e+02
2.447800000000000153e+01 5.288575434684753418e+01 3.600000000000000000e+01 3.120000000000000000e+02
2.492099999999999937e+01 5.288575434684753418e+01 3.700000000000000000e+01 4.250000000000000000e+02
2.564400000000000190e+01 5.288575434684753418e+01 3.800000000000000000e+01 3.890000000000000000e+02
2.580100000000000549e+01 5.288575434684753418e+01 3.900000000000000000e+01 3.210000000000000000e+02
2.620099999999999696e+01 5.288575434684753418e+01 4.000000000000000000e+01 3.340000000000000000e+02
2.758499999999997243e+01 5.288575434684753418e+01 4.100000000000000000e+01 4.240000000000000000e+02
2.773999999999997002e+01 5.288575434684753418e+01 4.200000000000000000e+01 5.380000000000000000e+02
2.844499999999998252e+01 5.288575434684753418e+01 4.300000000000000000e+01 5.090000000000000000e+02
2.893099999999998673e+01 5.288575434684753418e+01 4.400000000000000000e+01 4.530000000000000000e+02
2.972899999999998144e+01 5.288575434684753418e+01 4.500000000000000000e+01 5.230000000000000000e+02
3.030199999999998184e+01 5.288575434684753418e+01 4.600000000000000000e+01 6.180000000000000000e+02
3.091199999999999548e+01 5.288575434684753418e+01 4.700000000000000000e+01 6.700000000000000000e+02
3.137099999999999511e+01 5.288575434684753418e+01 4.800000000000000000e+01 5.010000000000000000e+02
3.182899999999999352e+01 5.288575434684753418e+01 4.900000000000000000e+01 6.930000000000000000e+02
3.255600000000000449e+01 5.288575434684753418e+01 5.000000000000000000e+01 6.640000000000000000e+02
3.319700000000001694e+01 5.288575434684753418e+01 5.100000000000000000e+01 8.890000000000000000e+02
3.409700000000006526e+01 5.288575434684753418e+01 5.200000000000000000e+01 5.840000000000000000e+02
3.410900000000005861e+01 5.288575434684753418e+01 5.300000000000000000e+01 7.280000000000000000e+02
3.508400000000012398e+01 5.288575434684753418e+01 5.400000000000000000e+01 9.230000000000000000e+02
3.591400000000010806e+01 5.288575434684753418e+01 5.500000000000000000e+01 9.160000000000000000e+02
3.631100000000013495e+01 5.288575434684753418e+01 5.600000000000000000e+01 1.010000000000000000e+03
3.675100000000013267e+01 5.288575434684753418e+01 5.700000000000000000e+01 9.650000000000000000e+02
3.786500000000021515e+01 5.288575434684753418e+01 5.800000000000000000e+01 7.770000000000000000e+02
3.855300000000026017e+01 5.288575434684753418e+01 5.900000000000000000e+01 6.310000000000000000e+02
3.952700000000027813e+01 5.288575434684753418e+01 6.000000000000000000e+01 1.273000000000000000e+03
4.003900000000031412e+01 5.288575434684753418e+01 6.100000000000000000e+01 9.980000000000000000e+02
4.131900000000036499e+01 5.288575434684753418e+01 6.200000000000000000e+01 1.474000000000000000e+03
4.242400000000040450e+01 5.288575434684753418e+01 6.300000000000000000e+01 1.252000000000000000e+03
4.324700000000044042e+01 5.288575434684753418e+01 6.400000000000000000e+01 1.133000000000000000e+03
4.388500000000046697e+01 5.288575434684753418e+01 6.500000000000000000e+01 2.319000000000000000e+03
4.498100000000049903e+01 5.288575434684753418e+01 6.600000000000000000e+01 1.214000000000000000e+03
4.571400000000053865e+01 5.288575434684753418e+01 6.700000000000000000e+01 9.910000000000000000e+02
4.703400000000058867e+01 5.288575434684753418e+01 6.800000000000000000e+01 1.113000000000000000e+03
4.984700000000069053e+01 5.288575434684753418e+01 6.900000000000000000e+01 1.010000000000000000e+03
5.064200000000072066e+01 5.288575434684753418e+01 7.000000000000000000e+01 1.497000000000000000e+03
5.182800000000076324e+01 5.288575434684753418e+01 7.100000000000000000e+01 1.873000000000000000e+03
5.278500000000079950e+01 5.288575434684753418e+01 7.200000000000000000e+01 1.761000000000000000e+03
5.288575434684753418e+01 5.288575434684753418e+01 7.300000000000000000e+01 8.020000000000000000e+02
5.288575434684753418e+01 5.288575434684753418e+01 7.400000000000000000e+01 9.180000000000000000e+02
4.408999999999999808e+00 5.408762192726135254e+01 0.000000000000000000e+00 1.000000000000000000e+00
5.881000000000000227e+00 5.408762192726135254e+01 1.000000000000000000e+00 0.000000000000000000e+00
7.850000000000000533e+00 5.408762192726135254e+01 2.000000000000000000e+00 2.000000000000000000e+00
9.072999999999998622e+00 5.408762192726135254e+01 3.000000000000000000e+00 9.000000000000000000e+00
1.009299999999999997e+01 5.408762192726135254e+01 4.000000000000000000e+00 1.000000000000000000e+01
1.026200000000000045e+01 5.408762192726135254e+01 5.000000000000000000e+00 2.800000000000000000e+01
1.107099999999999973e+01 5.408762192726135254e+01 6.000000000000000000e+00 3.900000000000000000e+01
1.138899999999999935e+01 5.408762192726135254e+01 7.000000000000000000e+00 3.200000000000000000e+01
1.242799999999999905e+01 5.408762192726135254e+01 8.000000000000000000e+00 5.700000000000000000e+01
1.306099999999999639e+01 5.408762192726135254e+01 9.000000000000000000e+00 6.200000000000000000e+01
1.364199999999999591e+01 5.408762192726135254e+01 1.000000000000000000e+01 6.400000000000000000e+01
1.417099999999999760e+01 5.408762192726135254e+01 1.100000000000000000e+01 6.800000000000000000e+01
1.489799999999999613e+01 5.408762192726135254e+01 1.200000000000000000e+01 9.400000000000000000e+01
1.516799999999999571e+01 5.408762192726135254e+01 1.300000000000000000e+01 5.400000000000000000e+01
1.530099999999999483e+01 5.408762192726135254e+01 1.400000000000000000e+01 1.060000000000000000e+02
1.605699999999999505e+01 5.408762192726135254e+01 1.500000000000000000e+01 1.200000000000000000e+02
1.666999999999999460e+01 5.408762192726135254e+01 1.600000000000000000e+01 8.700000000000000000e+01
1.679299999999999571e+01 5.408762192726135254e+01 1.700000000000000000e+01 1.040000000000000000e+02
1.748399999999999466e+01 5.408762192726135254e+01 1.800000000000000000e+01 1.260000000000000000e+02
1.793399999999999039e+01 5.408762192726135254e+01 1.900000000000000000e+01 1.430000000000000000e+02
1.826199999999998980e+01 5.408762192726135254e+01 2.000000000000000000e+01 8.100000000000000000e+01
1.857599999999998985e+01 5.408762192726135254e+01 2.100000000000000000e+01 1.410000000000000000e+02
1.919499999999998963e+01 5.408762192726135254e+01 2.200000000000000000e+01 1.300000000000000000e+02
1.939399999999998769e+01 5.408762192726135254e+01 2.300000000000000000e+01 1.200000000000000000e+02
2.044399999999998130e+01 5.408762192726135254e+01 2.400000000000000000e+01 1.710000000000000000e+02
2.099999999999997513e+01 5.408762192726135254e+01 2.500000000000000000e+01 1.800000000000000000e+02
2.083099999999997110e+01 5.408762192726135254e+01 2.600000000000000000e+01 1.740000000000000000e+02
2.165299999999997738e+01 5.408762192726135254e+01 2.700000000000000000e+01 2.240000000000000000e+02
2.235499999999997556e+01 5.408762192726135254e+01 2.800000000000000000e+01 1.600000000000000000e+02
2.275399999999997647e+01 5.408762192726135254e+01 2.900000000000000000e+01 1.670000000000000000e+02
2.367799999999998661e+01 5.408762192726135254e+01 3.000000000000000000e+01 2.990000000000000000e+02
2.419799999999999685e+01 5.408762192726135254e+01 3.100000000000000000e+01 2.390000000000000000e+02
2.448499999999999588e+01 5.408762192726135254e+01 3.200000000000000000e+01 2.790000000000000000e+02
2.455699999999999505e+01 5.408762192726135254e+01 3.300000000000000000e+01 3.140000000000000000e+02
2.514499999999999247e+01 5.408762192726135254e+01 3.400000000000000000e+01 3.280000000000000000e+02
2.567699999999998539e+01 5.408762192726135254e+01 3.500000000000000000e+01 3.200000000000000000e+02
2.622699999999998255e+01 5.408762192726135254e+01 3.600000000000000000e+01 3.310000000000000000e+02
2.640299999999998093e+01 5.408762192726135254e+01 3.700000000000000000e+01 2.760000000000000000e+02
2.718499999999998806e+01 5.408762192726135254e+01 3.800000000000000000e+01 4.710000000000000000e+02
2.772199999999998354e+01 5.408762192726135254e+01 3.900000000000000000e+01 4.890000000000000000e+02
2.820999999999996533e+01 5.408762192726135254e+01 4.000000000000000000e+01 3.230000000000000000e+02
2.868399999999995131e+01 5.408762192726135254e+01 4.100000000000000000e+01 5.000000000000000000e+02
2.894399999999995288e+01 5.408762192726135254e+01 4.200000000000000000e+01 4.730000000000000000e+02
2.941799999999995663e+01 5.408762192726135254e+01 4.300000000000000000e+01 4.420000000000000000e+02
3.051799999999998292e+01 5.408762192726135254e+01 4.400000000000000000e+01 4.520000000000000000e+02
3.062699999999998113e+01 5.408762192726135254e+01 4.500000000000000000e+01 6.770000000000000000e+02
3.143899999999998229e+01 5.408762192726135254e+01 4.600000000000000000e+01 6.080000000000000000e+02
3.175899999999998968e+01 5.408762192726135254e+01 4.700000000000000000e+01 6.900000000000000000e+02
3.259899999999996822e+01 5.408762192726135254e+01 4.800000000000000000e+01 7.930000000000000000e+02
3.333699999999991803e+01 5.408762192726135254e+01 4.900000000000000000e+01 5.790000000000000000e+02
3.397299999999992082e+01 5.408762192726135254e+01 5.000000000000000000e+01 7.180000000000000000e+02
3.472499999999994458e+01 5.408762192726135254e+01 5.100000000000000000e+01 7.980000000000000000e+02
3.539399999999999125e+01 5.408762192726135254e+01 5.200000000000000000e+01 8.570000000000000000e+02
3.582799999999997453e+01 5.408762192726135254e+01 5.300000000000000000e+01 7.370000000000000000e+02
3.659000000000003894e+01 5.408762192726135254e+01 5.400000000000000000e+01 1.024000000000000000e+03
3.717900000000001626e+01 5.408762192726135254e+01 5.500000000000000000e+01 8.270000000000000000e+02
3.809600000000010311e+01 5.408762192726135254e+01 5.600000000000000000e+01 6.590000000000000000e+02
3.875900000000007140e+01 5.408762192726135254e+01 5.700000000000000000e+01 1.062000000000000000e+03
3.963200000000014711e+01 5.408762192726135254e+01 5.800000000000000000e+01 1.100000000000000000e+03
4.036100000000015342e+01 5.408762192726135254e+01 5.900000000000000000e+01 1.242000000000000000e+03
4.078900000000017201e+01 5.408762192726135254e+01 6.000000000000000000e+01 1.561000000000000000e+03
4.180700000000023664e+01 5.408762192726135254e+01 6.100000000000000000e+01 1.599000000000000000e+03
4.296400000000027575e+01 5.408762192726135254e+01 6.200000000000000000e+01 1.125000000000000000e+03
4.360900000000030730e+01 5.408762192726135254e+01 6.300000000000000000e+01 1.041000000000000000e+03
4.444500000000033424e+01 5.408762192726135254e+01 6.400000000000000000e+01 1.195000000000000000e+03
4.555500000000037630e+01 5.408762192726135254e+01 6.500000000000000000e+01 2.101000000000000000e+03
4.767800000000045912e+01 5.408762192726135254e+01 6.600000000000000000e+01 1.145000000000000000e+03
4.841300000000047987e+01 5.408762192726135254e+01 6.700000000000000000e+01 1.256000000000000000e+03
4.959900000000052955e+01 5.408762192726135254e+01 6.800000000000000000e+01 1.215000000000000000e+03
5.068600000000056838e+01 5.408762192726135254e+01 6.900000000000000000e+01 1.245000000000000000e+03
5.163400000000059720e+01 5.408762192726135254e+01 7.000000000000000000e+01 1.180000000000000000e+03
5.244600000000063744e+01 5.408762192726135254e+01 7.100000000000000000e+01 2.280000000000000000e+03
5.398500000000068866e+01 5.408762192726135254e+01 7.200000000000000000e+01 1.577000000000000000e+03
5.408762192726135254e+01 5.408762192726135254e+01 7.300000000000000000e+01 7.980000000000000000e+02
5.408762192726135254e+01 5.408762192726135254e+01 7.400000000000000000e+01 8.560000000000000000e+02
4.789000000000000590e+00 5.481523728370666504e+01 0.000000000000000000e+00 0.000000000000000000e+00
6.263000000000001677e+00 5.481523728370666504e+01 1.000000000000000000e+00 1.300000000000000000e+01
6.980000000000002203e+00 5.481523728370666504e+01 2.000000000000000000e+00 1.600000000000000000e+01
8.030000000000002913e+00 5.481523728370666504e+01 3.000000000000000000e+00 1.500000000000000000e+01
8.713000000000002743e+00 5.481523728370666504e+01 4.000000000000000000e+00 1.700000000000000000e+01
9.383000000000002672e+00 5.481523728370666504e+01 5.000000000000000000e+00 2.100000000000000000e+01
1.051500000000000234e+01 5.481523728370666504e+01 6.000000000000000000e+00 3.400000000000000000e+01
1.098900000000000254e+01 5.481523728370666504e+01 7.000000000000000000e+00 4.600000000000000000e+01
1.129800000000000182e+01 5.481523728370666504e+01 8.000000000000000000e+00 4.000000000000000000e+01
1.204499999999999993e+01 5.481523728370666504e+01 9.000000000000000000e+00 4.900000000000000000e+01
1.248299999999999876e+01 5.481523728370666504e+01 1.000000000000000000e+01 6.600000000000000000e+01
1.272999999999999865e+01 5.481523728370666504e+01 1.100000000000000000e+01 7.200000000000000000e+01
1.345999999999999908e+01 5.481523728370666504e+01 1.200000000000000000e+01 4.900000000000000000e+01
1.399800000000000111e+01 5.481523728370666504e+01 1.300000000000000000e+01 1.050000000000000000e+02
1.465000000000000213e+01 5.481523728370666504e+01 1.400000000000000000e+01 1.160000000000000000e+02
1.515900000000000247e+01 5.481523728370666504e+01 1.500000000000000000e+01 8.900000000000000000e+01
1.536800000000000033e+01 5.481523728370666504e+01 1.600000000000000000e+01 6.400000000000000000e+01
1.565100000000000158e+01 5.481523728370666504e+01 1.700000000000000000e+01 1.230000000000000000e+02
1.611499999999999844e+01 5.481523728370666504e+01 1.800000000000000000e+01 1.020000000000000000e+02
1.667899999999999139e+01 5.481523728370666504e+01 1.900000000000000000e+01 1.380000000000000000e+02
1.700599999999998957e+01 5.481523728370666504e+01 2.000000000000000000e+01 7.700000000000000000e+01
1.742899999999999139e+01 5.481523728370666504e+01 2.100000000000000000e+01 1.240000000000000000e+02
1.775799999999999201e+01 5.481523728370666504e+01 2.200000000000000000e+01 8.900000000000000000e+01
1.843499999999998806e+01 5.481523728370666504e+01 2.300000000000000000e+01 1.330000000000000000e+02
1.881999999999998607e+01 5.481523728370666504e+01 2.400000000000000000e+01 1.700000000000000000e+02
1.919099999999998474e+01 5.481523728370666504e+01 2.500000000000000000e+01 1.640000000000000000e+02
1.957499999999998153e+01 5.481523728370666504e+01 2.600000000000000000e+01 1.870000000000000000e+02
2.018899999999998229e+01 5.481523728370666504e+01 2.700000000000000000e+01 1.630000000000000000e+02
2.069099999999998118e+01 5.481523728370666504e+01 2.800000000000000000e+01 1.540000000000000000e+02
2.134299999999997510e+01 5.481523728370666504e+01 2.900000000000000000e+01 2.170000000000000000e+02
2.157499999999997797e+01 5.481523728370666504e+01 3.000000000000000000e+01 2.350000000000000000e+02
2.194699999999998496e+01 5.481523728370666504e+01 3.100000000000000000e+01 2.710000000000000000e+02
2.236499999999998423e+01 5.481523728370666504e+01 3.200000000000000000e+01 2.780000000000000000e+02
2.288299999999998846e+01 5.481523728370666504e+01 3.300000000000000000e+01 2.410000000000000000e+02
2.342199999999998283e+01 5.481523728370666504e+01 3.400000000000000000e+01 2.230000000000000000e+02
2.367399999999997817e+01 5.481523728370666504e+01 3.500000000000000000e+01 3.400000000000000000e+02
2.410299999999998022e+01 5.481523728370666504e+01 3.600000000000000000e+01 2.970000000000000000e+02
2.469599999999998019e+01 5.481523728370666504e+01 3.700000000000000000e+01 3.020000000000000000e+02
2.512899999999998002e+01 5.481523728370666504e+01 3.800000000000000000e+01 2.910000000000000000e+02
2.605999999999998096e+01 5.481523728370666504e+01 3.900000000000000000e+01 3.870000000000000000e+02
2.662299999999996558e+01 5.481523728370666504e+01 4.000000000000000000e+01 3.700000000000000000e+02
2.729599999999995674e+01 5.481523728370666504e+01 4.100000000000000000e+01 4.150000000000000000e+02
2.806199999999995498e+01 5.481523728370666504e+01 4.200000000000000000e+01 3.780000000000000000e+02
2.819699999999995654e+01 5.481523728370666504e+01 4.300000000000000000e+01 4.580000000000000000e+02
2.878899999999997306e+01 5.481523728370666504e+01 4.400000000000000000e+01 4.840000000000000000e+02
2.963299999999996359e+01 5.481523728370666504e+01 4.500000000000000000e+01 5.270000000000000000e+02
3.020599999999996754e+01 5.481523728370666504e+01 4.600000000000000000e+01 6.380000000000000000e+02
3.089399999999999480e+01 5.481523728370666504e+01 4.700000000000000000e+01 5.530000000000000000e+02
3.109499999999999531e+01 5.481523728370666504e+01 4.800000000000000000e+01 4.730000000000000000e+02
3.209499999999999176e+01 5.481523728370666504e+01 4.900000000000000000e+01 6.480000000000000000e+02
3.245400000000000773e+01 5.481523728370666504e+01 5.000000000000000000e+01 6.700000000000000000e+02
3.318100000000002581e+01 5.481523728370666504e+01 5.100000000000000000e+01 6.070000000000000000e+02
3.406700000000009254e+01 5.481523728370666504e+01 5.200000000000000000e+01 7.060000000000000000e+02
3.490300000000005554e+01 5.481523728370666504e+01 5.300000000000000000e+01 8.720000000000000000e+02
3.535800000000008936e+01 5.481523728370666504e+01 5.400000000000000000e+01 9.880000000000000000e+02
3.597500000000007958e+01 5.481523728370666504e+01 5.500000000000000000e+01 1.406000000000000000e+03
3.670900000000015950e+01 5.481523728370666504e+01 5.600000000000000000e+01 7.130000000000000000e+02
3.674600000000015143e+01 5.481523728370666504e+01 5.700000000000000000e+01 7.680000000000000000e+02
3.814900000000024249e+01 5.481523728370666504e+01 5.800000000000000000e+01 1.193000000000000000e+03
3.905900000000028172e+01 5.481523728370666504e+01 5.900000000000000000e+01 1.232000000000000000e+03
3.993300000000030536e+01 5.481523728370666504e+01 6.000000000000000000e+01 1.021000000000000000e+03
4.055600000000035266e+01 5.481523728370666504e+01 6.100000000000000000e+01 1.451000000000000000e+03
4.127700000000037761e+01 5.481523728370666504e+01 6.200000000000000000e+01 1.490000000000000000e+03
4.227100000000040581e+01 5.481523728370666504e+01 6.300000000000000000e+01 1.061000000000000000e+03
4.291900000000043036e+01 5.481523728370666504e+01 6.400000000000000000e+01 2.118000000000000000e+03
4.377100000000046265e+01 5.481523728370666504e+01 6.500000000000000000e+01 9.330000000000000000e+02
4.426900000000050994e+01 5.481523728370666504e+01 6.600000000000000000e+01 8.310000000000000000e+02
4.707300000000059725e+01 5.481523728370666504e+01 6.700000000000000000e+01 2.575000000000000000e+03
4.804400000000062931e+01 5.481523728370666504e+01 6.800000000000000000e+01 1.143000000000000000e+03
4.948400000000071941e+01 5.481523728370666504e+01 6.900000000000000000e+01 1.124000000000000000e+03
5.146100000000076591e+01 5.481523728370666504e+01 7.000000000000000000e+01 1.281000000000000000e+03
5.343500000000083361e+01 5.481523728370666504e+01 7.100000000000000000e+01 1.323000000000000000e+03
5.457500000000089102e+01 5.481523728370666504e+01 7.200000000000000000e+01 1.545000000000000000e+03
5.481523728370666504e+01 5.481523728370666504e+01 7.300000000000000000e+01 8.330000000000000000e+02
5.481523728370666504e+01 5.481523728370666504e+01 7.400000000000000000e+01 7.210000000000000000e+02
4.781999999999999140e+00 5.342874431610107422e+01 0.000000000000000000e+00 1.800000000000000000e+01
5.698999999999999844e+00 5.342874431610107422e+01 1.000000000000000000e+00 1.900000000000000000e+01
6.592999999999999972e+00 5.342874431610107422e+01 2.000000000000000000e+00 2.300000000000000000e+01
7.122000000000000774e+00 5.342874431610107422e+01 3.000000000000000000e+00 3.300000000000000000e+01
7.975000000000000533e+00 5.342874431610107422e+01 4.000000000000000000e+00 2.900000000000000000e+01
8.809999999999998721e+00 5.342874431610107422e+01 5.000000000000000000e+00 4.300000000000000000e+01
9.781999999999998252e+00 5.342874431610107422e+01 6.000000000000000000e+00 5.700000000000000000e+01
1.010099999999999731e+01 5.342874431610107422e+01 7.000000000000000000e+00 5.600000000000000000e+01
1.102499999999999858e+01 5.342874431610107422e+01 8.000000000000000000e+00 5.500000000000000000e+01
1.177499999999999680e+01 5.342874431610107422e+01 9.000000000000000000e+00 6.100000000000000000e+01
1.204499999999999815e+01 5.342874431610107422e+01 1.000000000000000000e+01 7.400000000000000000e+01
1.249899999999999700e+01 5.342874431610107422e+01 1.100000000000000000e+01 7.800000000000000000e+01
1.314799999999999791e+01 5.342874431610107422e+01 1.200000000000000000e+01 8.900000000000000000e+01
1.386099999999999710e+01 5.342874431610107422e+01 1.300000000000000000e+01 8.200000000000000000e+01
1.386099999999999710e+01 5.342874431610107422e+01 1.400000000000000000e+01 1.000000000000000000e+02
1.456599999999999540e+01 5.342874431610107422e+01 1.500000000000000000e+01 1.050000000000000000e+02
1.524399999999999444e+01 5.342874431610107422e+01 1.600000000000000000e+01 1.430000000000000000e+02
1.572199999999999598e+01 5.342874431610107422e+01 1.700000000000000000e+01 1.050000000000000000e+02
1.592300000000000004e+01 5.342874431610107422e+01 1.800000000000000000e+01 1.010000000000000000e+02
1.629899999999999594e+01 5.342874431610107422e+01 1.900000000000000000e+01 1.280000000000000000e+02
1.705799999999999628e+01 5.342874431610107422e+01 2.000000000000000000e+01 1.040000000000000000e+02
1.737599999999999767e+01 5.342874431610107422e+01 2.100000000000000000e+01 1.540000000000000000e+02
1.798699999999999477e+01 5.342874431610107422e+01 2.200000000000000000e+01 1.310000000000000000e+02
1.877399999999998670e+01 5.342874431610107422e+01 2.300000000000000000e+01 1.900000000000000000e+02
1.915699999999998582e+01 5.342874431610107422e+01 2.400000000000000000e+01 1.670000000000000000e+02
1.971199999999998198e+01 5.342874431610107422e+01 2.500000000000000000e+01 1.520000000000000000e+02
1.980399999999998073e+01 5.342874431610107422e+01 2.600000000000000000e+01 1.470000000000000000e+02
2.023499999999997812e+01 5.342874431610107422e+01 2.700000000000000000e+01 1.860000000000000000e+02
2.040299999999997738e+01 5.342874431610107422e+01 2.800000000000000000e+01 1.910000000000000000e+02
2.080399999999997362e+01 5.342874431610107422e+01 2.900000000000000000e+01 2.230000000000000000e+02
2.130899999999999039e+01 5.342874431610107422e+01 3.000000000000000000e+01 1.880000000000000000e+02
2.216899999999999693e+01 5.342874431610107422e+01 3.100000000000000000e+01 1.810000000000000000e+02
2.223199999999999932e+01 5.342874431610107422e+01 3.200000000000000000e+01 2.180000000000000000e+02
2.275000000000000000e+01 5.342874431610107422e+01 3.300000000000000000e+01 3.020000000000000000e+02
2.359599999999999298e+01 5.342874431610107422e+01 3.400000000000000000e+01 2.990000000000000000e+02
2.366299999999999315e+01 5.342874431610107422e+01 3.500000000000000000e+01 2.840000000000000000e+02
2.445699999999998298e+01 5.342874431610107422e+01 3.600000000000000000e+01 3.250000000000000000e+02
2.495299999999998164e+01 5.342874431610107422e+01 3.700000000000000000e+01 2.930000000000000000e+02
2.554799999999998406e+01 5.342874431610107422e+01 3.800000000000000000e+01 3.430000000000000000e+02
2.661899999999998556e+01 5.342874431610107422e+01 3.900000000000000000e+01 4.380000000000000000e+02
2.700099999999997635e+01 5.342874431610107422e+01 4.000000000000000000e+01 4.280000000000000000e+02
2.761799999999996302e+01 5.342874431610107422e+01 4.100000000000000000e+01 3.740000000000000000e+02
2.799499999999996191e+01 5.342874431610107422e+01 4.200000000000000000e+01 3.530000000000000000e+02
2.825999999999997314e+01 5.342874431610107422e+01 4.300000000000000000e+01 5.380000000000000000e+02
2.889599999999998658e+01 5.342874431610107422e+01 4.400000000000000000e+01 4.780000000000000000e+02
2.966599999999997905e+01 5.342874431610107422e+01 4.500000000000000000e+01 4.040000000000000000e+02
3.041599999999998616e+01 5.342874431610107422e+01 4.600000000000000000e+01 6.100000000000000000e+02
3.083300000000000196e+01 5.342874431610107422e+01 4.700000000000000000e+01 5.540000000000000000e+02
3.137399999999999523e+01 5.342874431610107422e+01 4.800000000000000000e+01 7.230000000000000000e+02
3.214899999999997959e+01 5.342874431610107422e+01 4.900000000000000000e+01 6.040000000000000000e+02
3.287699999999999534e+01 5.342874431610107422e+01 5.000000000000000000e+01 6.400000000000000000e+02
3.366600000000002524e+01 5.342874431610107422e+01 5.100000000000000000e+01 9.110000000000000000e+02
3.438500000000007617e+01 5.342874431610107422e+01 5.200000000000000000e+01 8.280000000000000000e+02
3.519000000000005457e+01 5.342874431610107422e+01 5.300000000000000000e+01 8.640000000000000000e+02
3.558300000000009788e+01 5.342874431610107422e+01 5.400000000000000000e+01 6.170000000000000000e+02
3.620000000000005969e+01 5.342874431610107422e+01 5.500000000000000000e+01 1.218000000000000000e+03
3.794000000000019668e+01 5.342874431610107422e+01 5.600000000000000000e+01 8.910000000000000000e+02
3.852300000000016666e+01 5.342874431610107422e+01 5.700000000000000000e+01 1.024000000000000000e+03
3.948400000000022203e+01 5.342874431610107422e+01 5.800000000000000000e+01 1.516000000000000000e+03
4.001900000000020441e+01 5.342874431610107422e+01 5.900000000000000000e+01 8.960000000000000000e+02
4.086400000000023169e+01 5.342874431610107422e+01 6.000000000000000000e+01 7.790000000000000000e+02
4.143000000000029104e+01 5.342874431610107422e+01 6.100000000000000000e+01 1.723000000000000000e+03
4.251700000000032276e+01 5.342874431610107422e+01 6.200000000000000000e+01 9.370000000000000000e+02
4.358600000000036800e+01 5.342874431610107422e+01 6.300000000000000000e+01 1.555000000000000000e+03
4.422000000000040387e+01 5.342874431610107422e+01 6.400000000000000000e+01 1.903000000000000000e+03
4.490000000000046043e+01 5.342874431610107422e+01 6.500000000000000000e+01 2.187000000000000000e+03
4.633600000000049590e+01 5.342874431610107422e+01 6.600000000000000000e+01 9.090000000000000000e+02
4.705500000000053262e+01 5.342874431610107422e+01 6.700000000000000000e+01 9.130000000000000000e+02
4.805100000000053484e+01 5.342874431610107422e+01 6.800000000000000000e+01 1.042000000000000000e+03
4.908100000000062124e+01 5.342874431610107422e+01 6.900000000000000000e+01 9.780000000000000000e+02
5.040700000000062175e+01 5.342874431610107422e+01 7.000000000000000000e+01 1.109000000000000000e+03
5.147000000000069520e+01 5.342874431610107422e+01 7.100000000000000000e+01 2.869000000000000000e+03
5.345200000000073715e+01 5.342874431610107422e+01 7.200000000000000000e+01 1.202000000000000000e+03
5.342874431610107422e+01 5.342874431610107422e+01 7.300000000000000000e+01 8.640000000000000000e+02
5.342874431610107422e+01 5.342874431610107422e+01 7.400000000000000000e+01 9.270000000000000000e+02
5.238000000000000433e+00 5.376290535926818848e+01 0.000000000000000000e+00 9.000000000000000000e+00
6.338000000000000078e+00 5.376290535926818848e+01 1.000000000000000000e+00 1.300000000000000000e+01
7.056000000000000938e+00 5.376290535926818848e+01 2.000000000000000000e+00 1.700000000000000000e+01
7.755000000000001670e+00 5.376290535926818848e+01 3.000000000000000000e+00 1.100000000000000000e+01
9.119000000000001549e+00 5.376290535926818848e+01 4.000000000000000000e+00 4.700000000000000000e+01
9.792000000000001592e+00 5.376290535926818848e+01 5.000000000000000000e+00 3.300000000000000000e+01
1.012000000000000277e+01 5.376290535926818848e+01 6.000000000000000000e+00 5.400000000000000000e+01
1.043900000000000361e+01 5.376290535926818848e+01 7.000000000000000000e+00 5.700000000000000000e+01
1.105300000000000260e+01 5.376290535926818848e+01 8.000000000000000000e+00 3.400000000000000000e+01
1.134100000000000108e+01 5.376290535926818848e+01 9.000000000000000000e+00 6.000000000000000000e+01
1.223000000000000220e+01 5.376290535926818848e+01 1.000000000000000000e+01 3.000000000000000000e+01
1.265700000000000180e+01 5.376290535926818848e+01 1.100000000000000000e+01 6.700000000000000000e+01
1.373000000000000398e+01 5.376290535926818848e+01 1.200000000000000000e+01 5.800000000000000000e+01
1.443100000000000449e+01 5.376290535926818848e+01 1.300000000000000000e+01 9.500000000000000000e+01
1.508600000000000563e+01 5.376290535926818848e+01 1.400000000000000000e+01 1.120000000000000000e+02
1.559900000000000730e+01 5.376290535926818848e+01 1.500000000000000000e+01 1.000000000000000000e+02
1.592000000000000526e+01 5.376290535926818848e+01 1.600000000000000000e+01 1.140000000000000000e+02
1.645300000000000651e+01 5.376290535926818848e+01 1.700000000000000000e+01 1.390000000000000000e+02
1.725999999999999801e+01 5.376290535926818848e+01 1.800000000000000000e+01 9.200000000000000000e+01
1.782099999999999440e+01 5.376290535926818848e+01 1.900000000000000000e+01 1.120000000000000000e+02
1.836499999999999844e+01 5.376290535926818848e+01 2.000000000000000000e+01 1.000000000000000000e+02
1.822799999999999798e+01 5.376290535926818848e+01 2.100000000000000000e+01 9.800000000000000000e+01
1.887699999999999889e+01 5.376290535926818848e+01 2.200000000000000000e+01 1.700000000000000000e+02
1.937099999999999511e+01 5.376290535926818848e+01 2.300000000000000000e+01 1.840000000000000000e+02
1.984799999999999187e+01 5.376290535926818848e+01 2.400000000000000000e+01 1.900000000000000000e+02
2.013299999999998491e+01 5.376290535926818848e+01 2.500000000000000000e+01 1.360000000000000000e+02
2.076899999999998769e+01 5.376290535926818848e+01 2.600000000000000000e+01 2.170000000000000000e+02
2.119999999999998508e+01 5.376290535926818848e+01 2.700000000000000000e+01 1.980000000000000000e+02
2.144899999999998386e+01 5.376290535926818848e+01 2.800000000000000000e+01 2.420000000000000000e+02
2.257199999999997786e+01 5.376290535926818848e+01 2.900000000000000000e+01 3.290000000000000000e+02
2.317899999999997718e+01 5.376290535926818848e+01 3.000000000000000000e+01 2.230000000000000000e+02
2.356699999999997885e+01 5.376290535926818848e+01 3.100000000000000000e+01 3.370000000000000000e+02
2.392599999999998062e+01 5.376290535926818848e+01 3.200000000000000000e+01 2.850000000000000000e+02
2.454399999999998627e+01 5.376290535926818848e+01 3.300000000000000000e+01 2.940000000000000000e+02
2.507099999999998374e+01 5.376290535926818848e+01 3.400000000000000000e+01 2.640000000000000000e+02
2.532499999999998153e+01 5.376290535926818848e+01 3.500000000000000000e+01 2.910000000000000000e+02
2.599299999999997723e+01 5.376290535926818848e+01 3.600000000000000000e+01 4.560000000000000000e+02
2.640199999999997615e+01 5.376290535926818848e+01 3.700000000000000000e+01 4.040000000000000000e+02
2.697299999999997766e+01 5.376290535926818848e+01 3.800000000000000000e+01 3.630000000000000000e+02
2.770699999999998298e+01 5.376290535926818848e+01 3.900000000000000000e+01 3.540000000000000000e+02
2.783299999999998064e+01 5.376290535926818848e+01 4.000000000000000000e+01 4.580000000000000000e+02
2.854999999999996874e+01 5.376290535926818848e+01 4.100000000000000000e+01 4.640000000000000000e+02
2.902399999999996894e+01 5.376290535926818848e+01 4.200000000000000000e+01 4.680000000000000000e+02
2.943999999999997641e+01 5.376290535926818848e+01 4.300000000000000000e+01 4.520000000000000000e+02
3.003499999999999304e+01 5.376290535926818848e+01 4.400000000000000000e+01 5.070000000000000000e+02
3.035599999999999099e+01 5.376290535926818848e+01 4.500000000000000000e+01 6.440000000000000000e+02
3.093699999999999051e+01 5.376290535926818848e+01 4.600000000000000000e+01 6.180000000000000000e+02
3.180900000000000816e+01 5.376290535926818848e+01 4.700000000000000000e+01 5.840000000000000000e+02
3.227499999999999858e+01 5.376290535926818848e+01 4.800000000000000000e+01 4.690000000000000000e+02
3.261899999999995714e+01 5.376290535926818848e+01 4.900000000000000000e+01 6.980000000000000000e+02
3.332099999999996243e+01 5.376290535926818848e+01 5.000000000000000000e+01 6.100000000000000000e+02
3.379399999999997561e+01 5.376290535926818848e+01 5.100000000000000000e+01 8.220000000000000000e+02
3.477000000000001023e+01 5.376290535926818848e+01 5.200000000000000000e+01 7.420000000000000000e+02
3.552499999999999147e+01 5.376290535926818848e+01 5.300000000000000000e+01 8.890000000000000000e+02
3.653600000000009373e+01 5.376290535926818848e+01 5.400000000000000000e+01 9.400000000000000000e+02
3.701700000000008117e+01 5.376290535926818848e+01 5.500000000000000000e+01 9.710000000000000000e+02
3.783300000000013341e+01 5.376290535926818848e+01 5.600000000000000000e+01 1.246000000000000000e+03
3.849500000000010402e+01 5.376290535926818848e+01 5.700000000000000000e+01 6.970000000000000000e+02
3.894900000000014728e+01 5.376290535926818848e+01 5.800000000000000000e+01 8.800000000000000000e+02
3.947800000000012943e+01 5.376290535926818848e+01 5.900000000000000000e+01 1.084000000000000000e+03
4.025500000000017309e+01 5.376290535926818848e+01 6.000000000000000000e+01 1.157000000000000000e+03
4.153200000000023095e+01 5.376290535926818848e+01 6.100000000000000000e+01 1.828000000000000000e+03
4.242100000000028359e+01 5.376290535926818848e+01 6.200000000000000000e+01 1.298000000000000000e+03
4.299900000000030076e+01 5.376290535926818848e+01 6.300000000000000000e+01 1.096000000000000000e+03
4.392400000000032634e+01 5.376290535926818848e+01 6.400000000000000000e+01 9.940000000000000000e+02
4.498500000000037602e+01 5.376290535926818848e+01 6.500000000000000000e+01 8.750000000000000000e+02
4.549600000000040723e+01 5.376290535926818848e+01 6.600000000000000000e+01 2.196000000000000000e+03
4.657200000000042905e+01 5.376290535926818848e+01 6.700000000000000000e+01 1.398000000000000000e+03
4.729400000000047299e+01 5.376290535926818848e+01 6.800000000000000000e+01 1.078000000000000000e+03
4.871700000000051745e+01 5.376290535926818848e+01 6.900000000000000000e+01 1.710000000000000000e+03
5.184200000000063824e+01 5.376290535926818848e+01 7.000000000000000000e+01 1.889000000000000000e+03
5.276300000000067314e+01 5.376290535926818848e+01 7.100000000000000000e+01 1.335000000000000000e+03
5.377100000000069713e+01 5.376290535926818848e+01 7.200000000000000000e+01 1.392000000000000000e+03
5.376290535926818848e+01 5.376290535926818848e+01 7.300000000000000000e+01 6.290000000000000000e+02
5.376290535926818848e+01 5.376290535926818848e+01 7.400000000000000000e+01 7.240000000000000000e+02
4.233999999999999986e+00 5.516891765594482422e+01 0.000000000000000000e+00 0.000000000000000000e+00
5.694000000000002615e+00 5.516891765594482422e+01 1.000000000000000000e+00 1.000000000000000000e+01
6.587000000000002409e+00 5.516891765594482422e+01 2.000000000000000000e+00 1.100000000000000000e+01
7.808000000000003382e+00 5.516891765594482422e+01 3.000000000000000000e+00 2.900000000000000000e+01
8.152000000000004576e+00 5.516891765594482422e+01 4.000000000000000000e+00 3.100000000000000000e+01
8.653000000000005798e+00 5.516891765594482422e+01 5.000000000000000000e+00 3.800000000000000000e+01
8.978000000000005087e+00 5.516891765594482422e+01 6.000000000000000000e+00 2.500000000000000000e+01
9.612000000000007205e+00 5.516891765594482422e+01 7.000000000000000000e+00 2.300000000000000000e+01
1.052800000000000580e+01 5.516891765594482422e+01 8.000000000000000000e+00 3.700000000000000000e+01
1.127400000000000446e+01 5.516891765594482422e+01 9.000000000000000000e+00 5.500000000000000000e+01
1.210200000000000209e+01 5.516891765594482422e+01 1.000000000000000000e+01 4.300000000000000000e+01
1.285400000000000453e+01 5.516891765594482422e+01 1.100000000000000000e+01 5.100000000000000000e+01
1.299400000000000510e+01 5.516891765594482422e+01 1.200000000000000000e+01 6.600000000000000000e+01
1.339900000000000446e+01 5.516891765594482422e+01 1.300000000000000000e+01 7.200000000000000000e+01
1.392000000000000348e+01 5.516891765594482422e+01 1.400000000000000000e+01 9.200000000000000000e+01
1.455200000000000138e+01 5.516891765594482422e+01 1.500000000000000000e+01 6.300000000000000000e+01
1.467700000000000138e+01 5.516891765594482422e+01 1.600000000000000000e+01 6.100000000000000000e+01
1.562700000000000244e+01 5.516891765594482422e+01 1.700000000000000000e+01 8.800000000000000000e+01
1.631800000000000139e+01 5.516891765594482422e+01 1.800000000000000000e+01 1.360000000000000000e+02
1.654299999999999926e+01 5.516891765594482422e+01 1.900000000000000000e+01 1.130000000000000000e+02
1.708599999999999852e+01 5.516891765594482422e+01 2.000000000000000000e+01 1.470000000000000000e+02
1.742600000000000549e+01 5.516891765594482422e+01 2.100000000000000000e+01 1.140000000000000000e+02
1.802800000000000225e+01 5.516891765594482422e+01 2.200000000000000000e+01 8.900000000000000000e+01
1.891199999999999903e+01 5.516891765594482422e+01 2.300000000000000000e+01 1.730000000000000000e+02
1.949499999999999744e+01 5.516891765594482422e+01 2.400000000000000000e+01 1.490000000000000000e+02
1.956499999999999773e+01 5.516891765594482422e+01 2.500000000000000000e+01 2.290000000000000000e+02
2.036099999999999000e+01 5.516891765594482422e+01 2.600000000000000000e+01 1.900000000000000000e+02
2.082499999999998508e+01 5.516891765594482422e+01 2.700000000000000000e+01 1.870000000000000000e+02
2.139099999999998047e+01 5.516891765594482422e+01 2.800000000000000000e+01 2.110000000000000000e+02
2.207199999999997431e+01 5.516891765594482422e+01 2.900000000000000000e+01 1.740000000000000000e+02
2.257199999999997075e+01 5.516891765594482422e+01 3.000000000000000000e+01 1.670000000000000000e+02
2.300699999999997303e+01 5.516891765594482422e+01 3.100000000000000000e+01 2.300000000000000000e+02
2.384899999999996822e+01 5.516891765594482422e+01 3.200000000000000000e+01 2.770000000000000000e+02
2.379899999999996751e+01 5.516891765594482422e+01 3.300000000000000000e+01 3.230000000000000000e+02
2.492599999999996285e+01 5.516891765594482422e+01 3.400000000000000000e+01 3.020000000000000000e+02
2.569099999999995276e+01 5.516891765594482422e+01 3.500000000000000000e+01 2.260000000000000000e+02
2.613399999999995060e+01 5.516891765594482422e+01 3.600000000000000000e+01 2.830000000000000000e+02
2.663399999999994705e+01 5.516891765594482422e+01 3.700000000000000000e+01 2.640000000000000000e+02
2.721299999999994768e+01 5.516891765594482422e+01 3.800000000000000000e+01 4.520000000000000000e+02
2.763599999999995305e+01 5.516891765594482422e+01 3.900000000000000000e+01 3.700000000000000000e+02
2.825399999999994094e+01 5.516891765594482422e+01 4.000000000000000000e+01 3.860000000000000000e+02
2.893499999999992767e+01 5.516891765594482422e+01 4.100000000000000000e+01 3.980000000000000000e+02
2.914299999999992963e+01 5.516891765594482422e+01 4.200000000000000000e+01 3.400000000000000000e+02
2.957999999999993435e+01 5.516891765594482422e+01 4.300000000000000000e+01 4.700000000000000000e+02
3.042899999999995231e+01 5.516891765594482422e+01 4.400000000000000000e+01 3.250000000000000000e+02
3.074899999999995259e+01 5.516891765594482422e+01 4.500000000000000000e+01 4.010000000000000000e+02
3.153399999999994918e+01 5.516891765594482422e+01 4.600000000000000000e+01 6.280000000000000000e+02
3.215599999999994907e+01 5.516891765594482422e+01 4.700000000000000000e+01 6.930000000000000000e+02
3.243799999999995265e+01 5.516891765594482422e+01 4.800000000000000000e+01 5.870000000000000000e+02
3.342799999999986937e+01 5.516891765594482422e+01 4.900000000000000000e+01 7.210000000000000000e+02
3.407799999999988927e+01 5.516891765594482422e+01 5.000000000000000000e+01 4.910000000000000000e+02
3.506199999999990524e+01 5.516891765594482422e+01 5.100000000000000000e+01 1.018000000000000000e+03
3.543399999999996197e+01 5.516891765594482422e+01 5.200000000000000000e+01 5.640000000000000000e+02
3.625999999999993406e+01 5.516891765594482422e+01 5.300000000000000000e+01 8.750000000000000000e+02
3.721900000000000119e+01 5.516891765594482422e+01 5.400000000000000000e+01 6.280000000000000000e+02
3.808099999999996754e+01 5.516891765594482422e+01 5.500000000000000000e+01 8.140000000000000000e+02
3.838699999999998624e+01 5.516891765594482422e+01 5.600000000000000000e+01 1.200000000000000000e+03
3.897500000000001563e+01 5.516891765594482422e+01 5.700000000000000000e+01 9.550000000000000000e+02
3.993900000000007111e+01 5.516891765594482422e+01 5.800000000000000000e+01 6.250000000000000000e+02
4.043700000000006156e+01 5.516891765594482422e+01 5.900000000000000000e+01 8.660000000000000000e+02
4.115600000000009118e+01 5.516891765594482422e+01 6.000000000000000000e+01 1.324000000000000000e+03
4.203400000000015524e+01 5.516891765594482422e+01 6.100000000000000000e+01 1.158000000000000000e+03
4.274000000000017963e+01 5.516891765594482422e+01 6.200000000000000000e+01 1.495000000000000000e+03
4.354600000000021254e+01 5.516891765594482422e+01 6.300000000000000000e+01 1.016000000000000000e+03
4.509500000000029019e+01 5.516891765594482422e+01 6.400000000000000000e+01 1.839000000000000000e+03
4.615800000000030678e+01 5.516891765594482422e+01 6.500000000000000000e+01 2.104000000000000000e+03
4.719500000000034845e+01 5.516891765594482422e+01 6.600000000000000000e+01 1.044000000000000000e+03
4.877100000000041291e+01 5.516891765594482422e+01 6.700000000000000000e+01 1.477000000000000000e+03
5.072700000000050125e+01 5.516891765594482422e+01 6.800000000000000000e+01 1.243000000000000000e+03
5.165300000000051739e+01 5.516891765594482422e+01 6.900000000000000000e+01 1.526000000000000000e+03
5.245800000000056684e+01 5.516891765594482422e+01 7.000000000000000000e+01 1.155000000000000000e+03
5.364600000000058344e+01 5.516891765594482422e+01 7.100000000000000000e+01 1.370000000000000000e+03
5.499000000000065569e+01 5.516891765594482422e+01 7.200000000000000000e+01 1.285000000000000000e+03
5.516891765594482422e+01 5.516891765594482422e+01 7.300000000000000000e+01 8.180000000000000000e+02
5.516891765594482422e+01 5.516891765594482422e+01 7.400000000000000000e+01 9.310000000000000000e+02
3.117999999999999883e+00 5.226164603233337402e+01 0.000000000000000000e+00 0.000000000000000000e+00
4.964999999999998970e+00 5.226164603233337402e+01 1.000000000000000000e+00 3.000000000000000000e+00
5.502999999999998337e+00 5.226164603233337402e+01 2.000000000000000000e+00 1.100000000000000000e+01
6.376999999999998892e+00 5.226164603233337402e+01 3.000000000000000000e+00 2.700000000000000000e+01
7.400999999999998913e+00 5.226164603233337402e+01 4.000000000000000000e+00 2.300000000000000000e+01
8.230999999999998096e+00 5.226164603233337402e+01 5.000000000000000000e+00 3.100000000000000000e+01
8.876999999999997115e+00 5.226164603233337402e+01 6.000000000000000000e+00 3.200000000000000000e+01
9.505999999999998451e+00 5.226164603233337402e+01 7.000000000000000000e+00 5.200000000000000000e+01
9.796999999999998820e+00 5.226164603233337402e+01 8.000000000000000000e+00 4.600000000000000000e+01
1.100999999999999623e+01 5.226164603233337402e+01 9.000000000000000000e+00 7.700000000000000000e+01
1.131599999999999540e+01 5.226164603233337402e+01 1.000000000000000000e+01 5.000000000000000000e+01
1.244499999999999673e+01 5.226164603233337402e+01 1.100000000000000000e+01 1.020000000000000000e+02
1.299799999999999756e+01 5.226164603233337402e+01 1.200000000000000000e+01 1.020000000000000000e+02
1.353599999999999781e+01 5.226164603233337402e+01 1.300000000000000000e+01 1.080000000000000000e+02
1.363900000000000112e+01 5.226164603233337402e+01 1.400000000000000000e+01 7.400000000000000000e+01
1.412999999999999901e+01 5.226164603233337402e+01 1.500000000000000000e+01 1.280000000000000000e+02
1.437999999999999901e+01 5.226164603233337402e+01 1.600000000000000000e+01 8.700000000000000000e+01
1.562199999999999989e+01 5.226164603233337402e+01 1.700000000000000000e+01 1.170000000000000000e+02
1.619999999999999929e+01 5.226164603233337402e+01 1.800000000000000000e+01 1.630000000000000000e+02
1.653899999999999793e+01 5.226164603233337402e+01 1.900000000000000000e+01 1.440000000000000000e+02
1.697400000000000020e+01 5.226164603233337402e+01 2.000000000000000000e+01 1.620000000000000000e+02
1.729200000000000159e+01 5.226164603233337402e+01 2.100000000000000000e+01 2.140000000000000000e+02
1.820700000000000074e+01 5.226164603233337402e+01 2.200000000000000000e+01 1.380000000000000000e+02
1.846499999999999986e+01 5.226164603233337402e+01 2.300000000000000000e+01 2.210000000000000000e+02
1.907799999999999940e+01 5.226164603233337402e+01 2.400000000000000000e+01 2.180000000000000000e+02
1.962999999999999901e+01 5.226164603233337402e+01 2.500000000000000000e+01 1.400000000000000000e+02
1.989799999999999969e+01 5.226164603233337402e+01 2.600000000000000000e+01 1.740000000000000000e+02
2.101399999999999224e+01 5.226164603233337402e+01 2.700000000000000000e+01 2.910000000000000000e+02
2.129899999999998883e+01 5.226164603233337402e+01 2.800000000000000000e+01 2.230000000000000000e+02
2.198899999999998300e+01 5.226164603233337402e+01 2.900000000000000000e+01 3.120000000000000000e+02
2.237499999999998934e+01 5.226164603233337402e+01 3.000000000000000000e+01 2.810000000000000000e+02
2.251199999999999335e+01 5.226164603233337402e+01 3.100000000000000000e+01 3.350000000000000000e+02
2.296100000000000207e+01 5.226164603233337402e+01 3.200000000000000000e+01 2.800000000000000000e+02
2.362700000000000600e+01 5.226164603233337402e+01 3.300000000000000000e+01 2.310000000000000000e+02
2.398800000000000310e+01 5.226164603233337402e+01 3.400000000000000000e+01 3.490000000000000000e+02
2.455699999999999861e+01 5.226164603233337402e+01 3.500000000000000000e+01 4.250000000000000000e+02
2.511100000000000065e+01 5.226164603233337402e+01 3.600000000000000000e+01 3.360000000000000000e+02
2.520999999999999730e+01 5.226164603233337402e+01 3.700000000000000000e+01 3.660000000000000000e+02
2.558000000000000185e+01 5.226164603233337402e+01 3.800000000000000000e+01 3.600000000000000000e+02
2.621100000000000563e+01 5.226164603233337402e+01 3.900000000000000000e+01 3.580000000000000000e+02
2.644300000000000495e+01 5.226164603233337402e+01 4.000000000000000000e+01 3.700000000000000000e+02
2.696399999999999508e+01 5.226164603233337402e+01 4.100000000000000000e+01 4.990000000000000000e+02
2.781899999999999551e+01 5.226164603233337402e+01 4.200000000000000000e+01 4.260000000000000000e+02
2.853100000000000591e+01 5.226164603233337402e+01 4.300000000000000000e+01 4.150000000000000000e+02
2.866400000000000858e+01 5.226164603233337402e+01 4.400000000000000000e+01 3.900000000000000000e+02
2.967499999999999716e+01 5.226164603233337402e+01 4.500000000000000000e+01 5.950000000000000000e+02
3.047400000000000020e+01 5.226164603233337402e+01 4.600000000000000000e+01 7.180000000000000000e+02
3.066400000000000858e+01 5.226164603233337402e+01 4.700000000000000000e+01 4.910000000000000000e+02
3.106499999999999773e+01 5.226164603233337402e+01 4.800000000000000000e+01 7.460000000000000000e+02
3.235099999999997777e+01 5.226164603233337402e+01 4.900000000000000000e+01 5.850000000000000000e+02
3.247599999999997067e+01 5.226164603233337402e+01 5.000000000000000000e+01 5.220000000000000000e+02
3.301000000000001933e+01 5.226164603233337402e+01 5.100000000000000000e+01 9.080000000000000000e+02
3.346800000000003905e+01 5.226164603233337402e+01 5.200000000000000000e+01 7.840000000000000000e+02
3.478700000000003456e+01 5.226164603233337402e+01 5.300000000000000000e+01 9.610000000000000000e+02
3.552100000000008606e+01 5.226164603233337402e+01 5.400000000000000000e+01 9.030000000000000000e+02
3.623500000000005627e+01 5.226164603233337402e+01 5.500000000000000000e+01 1.072000000000000000e+03
3.720100000000014262e+01 5.226164603233337402e+01 5.600000000000000000e+01 1.128000000000000000e+03
3.787600000000012557e+01 5.226164603233337402e+01 5.700000000000000000e+01 1.200000000000000000e+03
3.873000000000018161e+01 5.226164603233337402e+01 5.800000000000000000e+01 8.640000000000000000e+02
4.030400000000020100e+01 5.226164603233337402e+01 5.900000000000000000e+01 9.000000000000000000e+02
4.095800000000020447e+01 5.226164603233337402e+01 6.000000000000000000e+01 1.620000000000000000e+03
4.175500000000025125e+01 5.226164603233337402e+01 6.100000000000000000e+01 1.710000000000000000e+03
4.235300000000029996e+01 5.226164603233337402e+01 6.200000000000000000e+01 1.925000000000000000e+03
4.340500000000032799e+01 5.226164603233337402e+01 6.300000000000000000e+01 1.534000000000000000e+03
4.407600000000035578e+01 5.226164603233337402e+01 6.400000000000000000e+01 1.961000000000000000e+03
4.465800000000039915e+01 5.226164603233337402e+01 6.500000000000000000e+01 1.259000000000000000e+03
4.601600000000046009e+01 5.226164603233337402e+01 6.600000000000000000e+01 1.702000000000000000e+03
4.703100000000047487e+01 5.226164603233337402e+01 6.700000000000000000e+01 1.041000000000000000e+03
4.770900000000048635e+01 5.226164603233337402e+01 6.800000000000000000e+01 1.110000000000000000e+03
4.843300000000052563e+01 5.226164603233337402e+01 6.900000000000000000e+01 1.740000000000000000e+03
4.952000000000055735e+01 5.226164603233337402e+01 7.000000000000000000e+01 1.227000000000000000e+03
5.121000000000063324e+01 5.226164603233337402e+01 7.100000000000000000e+01 1.242000000000000000e+03
5.230000000000066507e+01 5.226164603233337402e+01 7.200000000000000000e+01 1.269000000000000000e+03
5.226164603233337402e+01 5.226164603233337402e+01 7.300000000000000000e+01 8.940000000000000000e+02
5.226164603233337402e+01 5.226164603233337402e+01 7.400000000000000000e+01 8.040000000000000000e+02
3.669999999999999929e+00 5.348979854583740234e+01 0.000000000000000000e+00 0.000000000000000000e+00
5.505000000000001670e+00 5.348979854583740234e+01 1.000000000000000000e+00 3.000000000000000000e+00
6.042000000000000703e+00 5.348979854583740234e+01 2.000000000000000000e+00 1.200000000000000000e+01
6.918000000000001037e+00 5.348979854583740234e+01 3.000000000000000000e+00 9.000000000000000000e+00
8.108999999999999986e+00 5.348979854583740234e+01 4.000000000000000000e+00 1.700000000000000000e+01
8.773999999999999133e+00 5.348979854583740234e+01 5.000000000000000000e+00 2.200000000000000000e+01
9.421999999999997044e+00 5.348979854583740234e+01 6.000000000000000000e+00 3.100000000000000000e+01
1.036499999999999844e+01 5.348979854583740234e+01 7.000000000000000000e+00 2.900000000000000000e+01
1.067399999999999949e+01 5.348979854583740234e+01 8.000000000000000000e+00 2.200000000000000000e+01
1.171699999999999697e+01 5.348979854583740234e+01 9.000000000000000000e+00 3.200000000000000000e+01
1.215499999999999581e+01 5.348979854583740234e+01 1.000000000000000000e+01 3.900000000000000000e+01
1.257999999999999652e+01 5.348979854583740234e+01 1.100000000000000000e+01 3.800000000000000000e+01
1.353799999999999493e+01 5.348979854583740234e+01 1.200000000000000000e+01 6.400000000000000000e+01
1.433699999999999442e+01 5.348979854583740234e+01 1.300000000000000000e+01 6.400000000000000000e+01
1.472799999999999443e+01 5.348979854583740234e+01 1.400000000000000000e+01 7.300000000000000000e+01
1.523299999999999343e+01 5.348979854583740234e+01 1.500000000000000000e+01 8.200000000000000000e+01
1.596499999999999453e+01 5.348979854583740234e+01 1.600000000000000000e+01 6.500000000000000000e+01
1.643899999999999650e+01 5.348979854583740234e+01 1.700000000000000000e+01 7.900000000000000000e+01
1.675099999999999767e+01 5.348979854583740234e+01 1.800000000000000000e+01 5.500000000000000000e+01
1.733500000000000085e+01 5.348979854583740234e+01 1.900000000000000000e+01 1.030000000000000000e+02
1.789200000000000301e+01 5.348979854583740234e+01 2.000000000000000000e+01 1.700000000000000000e+02
1.842399999999999949e+01 5.348979854583740234e+01 2.100000000000000000e+01 1.460000000000000000e+02
1.842399999999999949e+01 5.348979854583740234e+01 2.200000000000000000e+01 1.690000000000000000e+02
1.930999999999999872e+01 5.348979854583740234e+01 2.300000000000000000e+01 1.840000000000000000e+02
1.975499999999999901e+01 5.348979854583740234e+01 2.400000000000000000e+01 1.630000000000000000e+02
1.997499999999999787e+01 5.348979854583740234e+01 2.500000000000000000e+01 1.540000000000000000e+02
2.068400000000000105e+01 5.348979854583740234e+01 2.600000000000000000e+01 2.130000000000000000e+02
2.109300000000000352e+01 5.348979854583740234e+01 2.700000000000000000e+01 2.970000000000000000e+02
2.160600000000000165e+01 5.348979854583740234e+01 2.800000000000000000e+01 1.570000000000000000e+02
2.225100000000000477e+01 5.348979854583740234e+01 2.900000000000000000e+01 1.860000000000000000e+02
2.255900000000000460e+01 5.348979854583740234e+01 3.000000000000000000e+01 2.380000000000000000e+02
2.300300000000001077e+01 5.348979854583740234e+01 3.100000000000000000e+01 2.380000000000000000e+02
2.333600000000001629e+01 5.348979854583740234e+01 3.200000000000000000e+01 3.060000000000000000e+02
2.404800000000002314e+01 5.348979854583740234e+01 3.300000000000000000e+01 2.750000000000000000e+02
2.431200000000002603e+01 5.348979854583740234e+01 3.400000000000000000e+01 2.820000000000000000e+02
2.499600000000001643e+01 5.348979854583740234e+01 3.500000000000000000e+01 4.090000000000000000e+02
2.547900000000000631e+01 5.348979854583740234e+01 3.600000000000000000e+01 3.140000000000000000e+02
2.586600000000000321e+01 5.348979854583740234e+01 3.700000000000000000e+01 2.910000000000000000e+02
2.615100000000000335e+01 5.348979854583740234e+01 3.800000000000000000e+01 3.900000000000000000e+02
2.697299999999999898e+01 5.348979854583740234e+01 3.900000000000000000e+01 3.260000000000000000e+02
2.742099999999999582e+01 5.348979854583740234e+01 4.000000000000000000e+01 4.160000000000000000e+02
2.829099999999997550e+01 5.348979854583740234e+01 4.100000000000000000e+01 5.150000000000000000e+02
2.880299999999996530e+01 5.348979854583740234e+01 4.200000000000000000e+01 4.360000000000000000e+02
2.942799999999996885e+01 5.348979854583740234e+01 4.300000000000000000e+01 4.950000000000000000e+02
3.021899999999998698e+01 5.348979854583740234e+01 4.400000000000000000e+01 4.720000000000000000e+02
3.080299999999998661e+01 5.348979854583740234e+01 4.500000000000000000e+01 4.670000000000000000e+02
3.135099999999998843e+01 5.348979854583740234e+01 4.600000000000000000e+01 7.530000000000000000e+02
3.176699999999999235e+01 5.348979854583740234e+01 4.700000000000000000e+01 5.680000000000000000e+02
3.237199999999999278e+01 5.348979854583740234e+01 4.800000000000000000e+01 5.160000000000000000e+02
3.293199999999995242e+01 5.348979854583740234e+01 4.900000000000000000e+01 5.970000000000000000e+02
3.357799999999996743e+01 5.348979854583740234e+01 5.000000000000000000e+01 6.610000000000000000e+02
3.442699999999998539e+01 5.348979854583740234e+01 5.100000000000000000e+01 8.700000000000000000e+02
3.533500000000004349e+01 5.348979854583740234e+01 5.200000000000000000e+01 1.090000000000000000e+03
3.587500000000003553e+01 5.348979854583740234e+01 5.300000000000000000e+01 8.450000000000000000e+02
3.696100000000015484e+01 5.348979854583740234e+01 5.400000000000000000e+01 1.318000000000000000e+03
3.875600000000010681e+01 5.348979854583740234e+01 5.500000000000000000e+01 1.507000000000000000e+03
3.944900000000018281e+01 5.348979854583740234e+01 5.600000000000000000e+01 1.019000000000000000e+03
3.969700000000014484e+01 5.348979854583740234e+01 5.700000000000000000e+01 1.067000000000000000e+03
4.059000000000021657e+01 5.348979854583740234e+01 5.800000000000000000e+01 1.231000000000000000e+03
4.145600000000025886e+01 5.348979854583740234e+01 5.900000000000000000e+01 1.072000000000000000e+03
4.194100000000029382e+01 5.348979854583740234e+01 6.000000000000000000e+01 1.737000000000000000e+03
4.244300000000031758e+01 5.348979854583740234e+01 6.100000000000000000e+01 1.437000000000000000e+03
4.348000000000035925e+01 5.348979854583740234e+01 6.200000000000000000e+01 1.753000000000000000e+03
4.445800000000038210e+01 5.348979854583740234e+01 6.300000000000000000e+01 9.410000000000000000e+02
4.495500000000041041e+01 5.348979854583740234e+01 6.400000000000000000e+01 1.796000000000000000e+03
4.604100000000044446e+01 5.348979854583740234e+01 6.500000000000000000e+01 1.386000000000000000e+03
4.671200000000047936e+01 5.348979854583740234e+01 6.600000000000000000e+01 2.292000000000000000e+03
4.780200000000051119e+01 5.348979854583740234e+01 6.700000000000000000e+01 7.530000000000000000e+02
4.946800000000057906e+01 5.348979854583740234e+01 6.800000000000000000e+01 9.980000000000000000e+02
5.013000000000061362e+01 5.348979854583740234e+01 6.900000000000000000e+01 1.371000000000000000e+03
5.101300000000065182e+01 5.348979854583740234e+01 7.000000000000000000e+01 8.770000000000000000e+02
5.197400000000068587e+01 5.348979854583740234e+01 7.100000000000000000e+01 1.532000000000000000e+03
5.337600000000073663e+01 5.348979854583740234e+01 7.200000000000000000e+01 1.186000000000000000e+03
5.348979854583740234e+01 5.348979854583740234e+01 7.300000000000000000e+01 8.390000000000000000e+02
5.348979854583740234e+01 5.348979854583740234e+01 7.400000000000000000e+01 6.800000000000000000e+02
4.513000000000000789e+00 5.327612733840942383e+01 0.000000000000000000e+00 1.000000000000000000e+00
6.179999999999999716e+00 5.327612733840942383e+01 1.000000000000000000e+00 1.600000000000000000e+01
7.079999999999999183e+00 5.327612733840942383e+01 2.000000000000000000e+00 1.900000000000000000e+01
9.011000000000002785e+00 5.327612733840942383e+01 3.000000000000000000e+00 2.300000000000000000e+01
9.356000000000001648e+00 5.327612733840942383e+01 4.000000000000000000e+00 2.100000000000000000e+01
9.858000000000000540e+00 5.327612733840942383e+01 5.000000000000000000e+00 2.000000000000000000e+01
1.018299999999999983e+01 5.327612733840942383e+01 6.000000000000000000e+00 4.400000000000000000e+01
1.097499999999999964e+01 5.327612733840942383e+01 7.000000000000000000e+00 3.100000000000000000e+01
1.095799999999999841e+01 5.327612733840942383e+01 8.000000000000000000e+00 4.600000000000000000e+01
1.154799999999999649e+01 5.327612733840942383e+01 9.000000000000000000e+00 2.700000000000000000e+01
1.231799999999999606e+01 5.327612733840942383e+01 1.000000000000000000e+01 5.300000000000000000e+01
1.288999999999999702e+01 5.327612733840942383e+01 1.100000000000000000e+01 6.500000000000000000e+01
1.330899999999999572e+01 5.327612733840942383e+01 1.200000000000000000e+01 7.900000000000000000e+01
1.384799999999999542e+01 5.327612733840942383e+01 1.300000000000000000e+01 6.700000000000000000e+01
1.395199999999999818e+01 5.327612733840942383e+01 1.400000000000000000e+01 1.050000000000000000e+02
1.475499999999999545e+01 5.327612733840942383e+01 1.500000000000000000e+01 8.400000000000000000e+01
1.525099999999999412e+01 5.327612733840942383e+01 1.600000000000000000e+01 8.200000000000000000e+01
1.573199999999999221e+01 5.327612733840942383e+01 1.700000000000000000e+01 1.020000000000000000e+02
1.591099999999999248e+01 5.327612733840942383e+01 1.800000000000000000e+01 1.390000000000000000e+02
1.686999999999999034e+01 5.327612733840942383e+01 1.900000000000000000e+01 1.460000000000000000e+02
1.730799999999999272e+01 5.327612733840942383e+01 2.000000000000000000e+01 1.250000000000000000e+02
1.805299999999999727e+01 5.327612733840942383e+01 2.100000000000000000e+01 1.490000000000000000e+02
1.897099999999999653e+01 5.327612733840942383e+01 2.200000000000000000e+01 1.590000000000000000e+02
1.925699999999999079e+01 5.327612733840942383e+01 2.300000000000000000e+01 1.730000000000000000e+02
1.965299999999999159e+01 5.327612733840942383e+01 2.400000000000000000e+01 1.710000000000000000e+02
2.002599999999999270e+01 5.327612733840942383e+01 2.500000000000000000e+01 1.200000000000000000e+02
2.064999999999998792e+01 5.327612733840942383e+01 2.600000000000000000e+01 1.920000000000000000e+02
2.126099999999998147e+01 5.327612733840942383e+01 2.700000000000000000e+01 1.460000000000000000e+02
2.192699999999997118e+01 5.327612733840942383e+01 2.800000000000000000e+01 2.060000000000000000e+02
2.246999999999996334e+01 5.327612733840942383e+01 2.900000000000000000e+01 2.750000000000000000e+02
2.300299999999996814e+01 5.327612733840942383e+01 3.000000000000000000e+01 1.770000000000000000e+02
2.333999999999997144e+01 5.327612733840942383e+01 3.100000000000000000e+01 1.820000000000000000e+02
2.391499999999997428e+01 5.327612733840942383e+01 3.200000000000000000e+01 2.990000000000000000e+02
2.448399999999997334e+01 5.327612733840942383e+01 3.300000000000000000e+01 1.690000000000000000e+02
2.434399999999997632e+01 5.327612733840942383e+01 3.400000000000000000e+01 2.280000000000000000e+02
2.530099999999996996e+01 5.327612733840942383e+01 3.500000000000000000e+01 3.630000000000000000e+02
2.635599999999996612e+01 5.327612733840942383e+01 3.600000000000000000e+01 4.050000000000000000e+02
2.664999999999996660e+01 5.327612733840942383e+01 3.700000000000000000e+01 3.530000000000000000e+02
2.722799999999996956e+01 5.327612733840942383e+01 3.800000000000000000e+01 4.510000000000000000e+02
2.738599999999996726e+01 5.327612733840942383e+01 3.900000000000000000e+01 3.270000000000000000e+02
2.784499999999996689e+01 5.327612733840942383e+01 4.000000000000000000e+01 4.670000000000000000e+02
2.853299999999995151e+01 5.327612733840942383e+01 4.100000000000000000e+01 4.730000000000000000e+02
2.862699999999994915e+01 5.327612733840942383e+01 4.200000000000000000e+01 3.160000000000000000e+02
2.951599999999996271e+01 5.327612733840942383e+01 4.300000000000000000e+01 3.970000000000000000e+02
3.031999999999998252e+01 5.327612733840942383e+01 4.400000000000000000e+01 5.650000000000000000e+02
3.093499999999997385e+01 5.327612733840942383e+01 4.500000000000000000e+01 4.270000000000000000e+02
3.137999999999997414e+01 5.327612733840942383e+01 4.600000000000000000e+01 6.210000000000000000e+02
3.206299999999999528e+01 5.327612733840942383e+01 4.700000000000000000e+01 7.090000000000000000e+02
3.245799999999998420e+01 5.327612733840942383e+01 4.800000000000000000e+01 5.340000000000000000e+02
3.313699999999992940e+01 5.327612733840942383e+01 4.900000000000000000e+01 4.400000000000000000e+02
3.374099999999992860e+01 5.327612733840942383e+01 5.000000000000000000e+01 8.270000000000000000e+02
3.470499999999999119e+01 5.327612733840942383e+01 5.100000000000000000e+01 7.900000000000000000e+02
3.518900000000002848e+01 5.327612733840942383e+01 5.200000000000000000e+01 8.810000000000000000e+02
3.611900000000002109e+01 5.327612733840942383e+01 5.300000000000000000e+01 7.920000000000000000e+02
3.665500000000006509e+01 5.327612733840942383e+01 5.400000000000000000e+01 1.221000000000000000e+03
3.718000000000005656e+01 5.327612733840942383e+01 5.500000000000000000e+01 9.100000000000000000e+02
3.772300000000011977e+01 5.327612733840942383e+01 5.600000000000000000e+01 1.018000000000000000e+03
3.890000000000005542e+01 5.327612733840942383e+01 5.700000000000000000e+01 1.396000000000000000e+03
3.978700000000011272e+01 5.327612733840942383e+01 5.800000000000000000e+01 1.016000000000000000e+03
4.161300000000017008e+01 5.327612733840942383e+01 5.900000000000000000e+01 8.920000000000000000e+02
4.217200000000018179e+01 5.327612733840942383e+01 6.000000000000000000e+01 1.492000000000000000e+03
4.259300000000022379e+01 5.327612733840942383e+01 6.100000000000000000e+01 1.074000000000000000e+03
4.314000000000024215e+01 5.327612733840942383e+01 6.200000000000000000e+01 1.841000000000000000e+03
4.421600000000028530e+01 5.327612733840942383e+01 6.300000000000000000e+01 8.460000000000000000e+02
4.489500000000030866e+01 5.327612733840942383e+01 6.400000000000000000e+01 1.124000000000000000e+03
4.596900000000034936e+01 5.327612733840942383e+01 6.500000000000000000e+01 7.860000000000000000e+02
4.693100000000038818e+01 5.327612733840942383e+01 6.600000000000000000e+01 1.750000000000000000e+03
4.752500000000041069e+01 5.327612733840942383e+01 6.700000000000000000e+01 1.011000000000000000e+03
4.839700000000043900e+01 5.327612733840942383e+01 6.800000000000000000e+01 1.004000000000000000e+03
4.934900000000047982e+01 5.327612733840942383e+01 6.900000000000000000e+01 2.708000000000000000e+03
4.992400000000051818e+01 5.327612733840942383e+01 7.000000000000000000e+01 1.345000000000000000e+03
5.154600000000056070e+01 5.327612733840942383e+01 7.100000000000000000e+01 1.940000000000000000e+03
5.333900000000063102e+01 5.327612733840942383e+01 7.200000000000000000e+01 1.067000000000000000e+03
5.327612733840942383e+01 5.327612733840942383e+01 7.300000000000000000e+01 7.660000000000000000e+02
5.327612733840942383e+01 5.327612733840942383e+01 7.400000000000000000e+01 1.111000000000000000e+03
3.448000000000000398e+00 5.029914379119873047e+01 0.000000000000000000e+00 4.000000000000000000e+00
4.480999999999999872e+00 5.029914379119873047e+01 1.000000000000000000e+00 9.000000000000000000e+00
6.081999999999999851e+00 5.029914379119873047e+01 2.000000000000000000e+00 9.000000000000000000e+00
6.666999999999999815e+00 5.029914379119873047e+01 3.000000000000000000e+00 1.900000000000000000e+01
7.027999999999999581e+00 5.029914379119873047e+01 4.000000000000000000e+00 2.000000000000000000e+01
7.791999999999998927e+00 5.029914379119873047e+01 5.000000000000000000e+00 1.800000000000000000e+01
8.154999999999999361e+00 5.029914379119873047e+01 6.000000000000000000e+00 3.300000000000000000e+01
8.684000000000001052e+00 5.029914379119873047e+01 7.000000000000000000e+00 2.900000000000000000e+01
9.030000000000001137e+00 5.029914379119873047e+01 8.000000000000000000e+00 4.000000000000000000e+01
9.531000000000000583e+00 5.029914379119873047e+01 9.000000000000000000e+00 3.900000000000000000e+01
9.857000000000001094e+00 5.029914379119873047e+01 1.000000000000000000e+01 4.000000000000000000e+01
1.033100000000000129e+01 5.029914379119873047e+01 1.100000000000000000e+01 4.600000000000000000e+01
1.063900000000000112e+01 5.029914379119873047e+01 1.200000000000000000e+01 6.300000000000000000e+01
1.108600000000000030e+01 5.029914379119873047e+01 1.300000000000000000e+01 5.900000000000000000e+01
1.151400000000000112e+01 5.029914379119873047e+01 1.400000000000000000e+01 5.300000000000000000e+01
1.178400000000000247e+01 5.029914379119873047e+01 1.500000000000000000e+01 7.800000000000000000e+01
1.321199999999999974e+01 5.029914379119873047e+01 1.600000000000000000e+01 9.400000000000000000e+01
1.413400000000000034e+01 5.029914379119873047e+01 1.700000000000000000e+01 1.230000000000000000e+02
1.463900000000000112e+01 5.029914379119873047e+01 1.800000000000000000e+01 7.600000000000000000e+01
1.515500000000000114e+01 5.029914379119873047e+01 1.900000000000000000e+01 1.100000000000000000e+02
1.551699999999999946e+01 5.029914379119873047e+01 2.000000000000000000e+01 1.400000000000000000e+02
1.575199999999999889e+01 5.029914379119873047e+01 2.100000000000000000e+01 1.350000000000000000e+02
1.619599999999999795e+01 5.029914379119873047e+01 2.200000000000000000e+01 1.050000000000000000e+02
1.664399999999999480e+01 5.029914379119873047e+01 2.300000000000000000e+01 1.590000000000000000e+02
1.706799999999999784e+01 5.029914379119873047e+01 2.400000000000000000e+01 1.480000000000000000e+02
1.758299999999999841e+01 5.029914379119873047e+01 2.500000000000000000e+01 1.380000000000000000e+02
1.816199999999999903e+01 5.029914379119873047e+01 2.600000000000000000e+01 2.440000000000000000e+02
1.866299999999999670e+01 5.029914379119873047e+01 2.700000000000000000e+01 1.710000000000000000e+02
1.921699999999999875e+01 5.029914379119873047e+01 2.800000000000000000e+01 1.740000000000000000e+02
1.983899999999999864e+01 5.029914379119873047e+01 2.900000000000000000e+01 2.010000000000000000e+02
2.060800000000000054e+01 5.029914379119873047e+01 3.000000000000000000e+01 2.300000000000000000e+02
2.092000000000000171e+01 5.029914379119873047e+01 3.100000000000000000e+01 1.820000000000000000e+02
2.158300000000000551e+01 5.029914379119873047e+01 3.200000000000000000e+01 2.710000000000000000e+02
2.234900000000001086e+01 5.029914379119873047e+01 3.300000000000000000e+01 2.790000000000000000e+02
2.284800000000000963e+01 5.029914379119873047e+01 3.400000000000000000e+01 2.650000000000000000e+02
2.266100000000001202e+01 5.029914379119873047e+01 3.500000000000000000e+01 3.000000000000000000e+02
2.381400000000001427e+01 5.029914379119873047e+01 3.600000000000000000e+01 3.370000000000000000e+02
2.461100000000002197e+01 5.029914379119873047e+01 3.700000000000000000e+01 2.900000000000000000e+02
2.546400000000003061e+01 5.029914379119873047e+01 3.800000000000000000e+01 2.660000000000000000e+02
2.551400000000003132e+01 5.029914379119873047e+01 3.900000000000000000e+01 3.230000000000000000e+02
2.615400000000003899e+01 5.029914379119873047e+01 4.000000000000000000e+01 3.510000000000000000e+02
2.680400000000004113e+01 5.029914379119873047e+01 4.100000000000000000e+01 2.570000000000000000e+02
2.711600000000003519e+01 5.029914379119873047e+01 4.200000000000000000e+01 4.240000000000000000e+02
2.770500000000002672e+01 5.029914379119873047e+01 4.300000000000000000e+01 4.970000000000000000e+02
2.829100000000001813e+01 5.029914379119873047e+01 4.400000000000000000e+01 5.310000000000000000e+02
2.918100000000002581e+01 5.029914379119873047e+01 4.500000000000000000e+01 3.800000000000000000e+02
2.999200000000004351e+01 5.029914379119873047e+01 4.600000000000000000e+01 4.950000000000000000e+02
3.023100000000004783e+01 5.029914379119873047e+01 4.700000000000000000e+01 6.170000000000000000e+02
3.063900000000003843e+01 5.029914379119873047e+01 4.800000000000000000e+01 6.540000000000000000e+02
3.202000000000004576e+01 5.029914379119873047e+01 4.900000000000000000e+01 8.870000000000000000e+02
3.243200000000005900e+01 5.029914379119873047e+01 5.000000000000000000e+01 7.500000000000000000e+02
3.334300000000003195e+01 5.029914379119873047e+01 5.100000000000000000e+01 5.320000000000000000e+02
3.352200000000005531e+01 5.029914379119873047e+01 5.200000000000000000e+01 8.290000000000000000e+02
3.465500000000005798e+01 5.029914379119873047e+01 5.300000000000000000e+01 5.440000000000000000e+02
3.521300000000007202e+01 5.029914379119873047e+01 5.400000000000000000e+01 9.480000000000000000e+02
3.571000000000011454e+01 5.029914379119873047e+01 5.500000000000000000e+01 7.160000000000000000e+02
3.650500000000010203e+01 5.029914379119873047e+01 5.600000000000000000e+01 8.430000000000000000e+02
3.722700000000016729e+01 5.029914379119873047e+01 5.700000000000000000e+01 9.790000000000000000e+02
3.772500000000012932e+01 5.029914379119873047e+01 5.800000000000000000e+01 1.015000000000000000e+03
3.826200000000019941e+01 5.029914379119873047e+01 5.900000000000000000e+01 1.013000000000000000e+03
3.899800000000020361e+01 5.029914379119873047e+01 6.000000000000000000e+01 1.000000000000000000e+03
3.995700000000026364e+01 5.029914379119873047e+01 6.100000000000000000e+01 1.029000000000000000e+03
4.063900000000029422e+01 5.029914379119873047e+01 6.200000000000000000e+01 1.576000000000000000e+03
4.142500000000033822e+01 5.029914379119873047e+01 6.300000000000000000e+01 9.210000000000000000e+02
4.211900000000036215e+01 5.029914379119873047e+01 6.400000000000000000e+01 8.050000000000000000e+02
4.326200000000040546e+01 5.029914379119873047e+01 6.500000000000000000e+01 9.240000000000000000e+02
4.420900000000044372e+01 5.029914379119873047e+01 6.600000000000000000e+01 1.102000000000000000e+03
4.473200000000047538e+01 5.029914379119873047e+01 6.700000000000000000e+01 9.640000000000000000e+02
4.584400000000051278e+01 5.029914379119873047e+01 6.800000000000000000e+01 2.224000000000000000e+03
4.700400000000055201e+01 5.029914379119873047e+01 6.900000000000000000e+01 1.387000000000000000e+03
4.784800000000058873e+01 5.029914379119873047e+01 7.000000000000000000e+01 9.770000000000000000e+02
4.888300000000062084e+01 5.029914379119873047e+01 7.100000000000000000e+01 1.560000000000000000e+03
5.020300000000067797e+01 5.029914379119873047e+01 7.200000000000000000e+01 1.041000000000000000e+03
5.029914379119873047e+01 5.029914379119873047e+01 7.300000000000000000e+01 6.360000000000000000e+02
5.029914379119873047e+01 5.029914379119873047e+01 7.400000000000000000e+01 8.950000000000000000e+02
