3.580999999999999517e+00 5.979154562950134277e+01 0.000000000000000000e+00 9.000000000000000000e+00
4.844000000000000306e+00 5.979154562950134277e+01 1.000000000000000000e+00 1.100000000000000000e+01
6.251000000000000334e+00 5.979154562950134277e+01 2.000000000000000000e+00 9.000000000000000000e+00
7.447999999999999510e+00 5.979154562950134277e+01 3.000000000000000000e+00 1.100000000000000000e+01
9.144999999999999574e+00 5.979154562950134277e+01 4.000000000000000000e+00 2.700000000000000000e+01
9.958000000000000185e+00 5.979154562950134277e+01 5.000000000000000000e+00 4.400000000000000000e+01
1.012000000000000099e+01 5.979154562950134277e+01 6.000000000000000000e+00 5.200000000000000000e+01
1.058500000000000085e+01 5.979154562950134277e+01 7.000000000000000000e+00 7.400000000000000000e+01
1.133900000000000041e+01 5.979154562950134277e+01 8.000000000000000000e+00 4.400000000000000000e+01
1.148799999999999955e+01 5.979154562950134277e+01 9.000000000000000000e+00 6.900000000000000000e+01
1.187500000000000000e+01 5.979154562950134277e+01 1.000000000000000000e+01 7.700000000000000000e+01
1.260200000000000031e+01 5.979154562950134277e+01 1.100000000000000000e+01 7.300000000000000000e+01
1.315599999999999881e+01 5.979154562950134277e+01 1.200000000000000000e+01 7.700000000000000000e+01
1.352700000000000102e+01 5.979154562950134277e+01 1.300000000000000000e+01 9.300000000000000000e+01
1.393700000000000117e+01 5.979154562950134277e+01 1.400000000000000000e+01 8.400000000000000000e+01
1.442399999999999949e+01 5.979154562950134277e+01 1.500000000000000000e+01 7.000000000000000000e+01
1.503100000000000058e+01 5.979154562950134277e+01 1.600000000000000000e+01 1.210000000000000000e+02
1.523700000000000188e+01 5.979154562950134277e+01 1.700000000000000000e+01 1.500000000000000000e+02
1.560700000000000109e+01 5.979154562950134277e+01 1.800000000000000000e+01 1.740000000000000000e+02
1.604400000000000048e+01 5.979154562950134277e+01 1.900000000000000000e+01 1.250000000000000000e+02
1.651100000000000279e+01 5.979154562950134277e+01 2.000000000000000000e+01 1.430000000000000000e+02
1.692200000000000415e+01 5.979154562950134277e+01 2.100000000000000000e+01 1.800000000000000000e+02
1.699000000000000554e+01 5.979154562950134277e+01 2.200000000000000000e+01 1.930000000000000000e+02
1.745000000000000284e+01 5.979154562950134277e+01 2.300000000000000000e+01 1.150000000000000000e+02
1.784399999999999764e+01 5.979154562950134277e+01 2.400000000000000000e+01 1.480000000000000000e+02
1.818799999999999528e+01 5.979154562950134277e+01 2.500000000000000000e+01 1.940000000000000000e+02
1.965999999999997883e+01 5.979154562950134277e+01 2.600000000000000000e+01 1.910000000000000000e+02
1.979799999999997695e+01 5.979154562950134277e+01 2.700000000000000000e+01 1.730000000000000000e+02
2.047999999999996845e+01 5.979154562950134277e+01 2.800000000000000000e+01 2.140000000000000000e+02
2.083999999999997144e+01 5.979154562950134277e+01 2.900000000000000000e+01 2.640000000000000000e+02
2.119999999999997442e+01 5.979154562950134277e+01 3.000000000000000000e+01 2.400000000000000000e+02
2.183299999999996999e+01 5.979154562950134277e+01 3.100000000000000000e+01 2.930000000000000000e+02
2.238699999999996848e+01 5.979154562950134277e+01 3.200000000000000000e+01 2.940000000000000000e+02
2.266799999999996373e+01 5.979154562950134277e+01 3.300000000000000000e+01 3.650000000000000000e+02
2.349199999999995825e+01 5.979154562950134277e+01 3.400000000000000000e+01 3.830000000000000000e+02
2.373899999999995813e+01 5.979154562950134277e+01 3.500000000000000000e+01 3.650000000000000000e+02
2.416399999999995885e+01 5.979154562950134277e+01 3.600000000000000000e+01 4.000000000000000000e+02
2.485799999999996857e+01 5.979154562950134277e+01 3.700000000000000000e+01 4.480000000000000000e+02
2.498799999999997112e+01 5.979154562950134277e+01 3.800000000000000000e+01 4.490000000000000000e+02
2.533099999999996399e+01 5.979154562950134277e+01 3.900000000000000000e+01 4.020000000000000000e+02
2.625899999999995060e+01 5.979154562950134277e+01 4.000000000000000000e+01 6.450000000000000000e+02
2.622099999999995035e+01 5.979154562950134277e+01 4.100000000000000000e+01 6.090000000000000000e+02
2.706699999999996464e+01 5.979154562950134277e+01 4.200000000000000000e+01 5.040000000000000000e+02
2.782899999999998641e+01 5.979154562950134277e+01 4.300000000000000000e+01 4.350000000000000000e+02
2.831199999999998340e+01 5.979154562950134277e+01 4.400000000000000000e+01 7.720000000000000000e+02
2.873299999999998988e+01 5.979154562950134277e+01 4.500000000000000000e+01 7.140000000000000000e+02
2.950600000000000023e+01 5.979154562950134277e+01 4.600000000000000000e+01 7.170000000000000000e+02
2.978299999999999770e+01 5.979154562950134277e+01 4.700000000000000000e+01 7.770000000000000000e+02
3.062700000000000955e+01 5.979154562950134277e+01 4.800000000000000000e+01 6.640000000000000000e+02
3.114700000000001623e+01 5.979154562950134277e+01 4.900000000000000000e+01 9.470000000000000000e+02
3.227600000000002467e+01 5.979154562950134277e+01 5.000000000000000000e+01 9.910000000000000000e+02
3.284600000000004627e+01 5.979154562950134277e+01 5.100000000000000000e+01 9.590000000000000000e+02
3.327800000000004133e+01 5.979154562950134277e+01 5.200000000000000000e+01 1.142000000000000000e+03
3.377200000000006952e+01 5.979154562950134277e+01 5.300000000000000000e+01 1.140000000000000000e+03
3.441300000000006065e+01 5.979154562950134277e+01 5.400000000000000000e+01 1.449000000000000000e+03
3.496400000000009811e+01 5.979154562950134277e+01 5.500000000000000000e+01 1.026000000000000000e+03
3.577400000000010039e+01 5.979154562950134277e+01 5.600000000000000000e+01 1.085000000000000000e+03
3.648200000000013432e+01 5.979154562950134277e+01 5.700000000000000000e+01 1.665000000000000000e+03
3.736200000000018662e+01 5.979154562950134277e+01 5.800000000000000000e+01 1.754000000000000000e+03
3.787600000000018241e+01 5.979154562950134277e+01 5.900000000000000000e+01 1.274000000000000000e+03
3.905200000000031935e+01 5.979154562950134277e+01 6.000000000000000000e+01 1.629000000000000000e+03
3.963400000000034140e+01 5.979154562950134277e+01 6.100000000000000000e+01 1.718000000000000000e+03
4.069200000000039807e+01 5.979154562950134277e+01 6.200000000000000000e+01 2.244000000000000000e+03
4.182900000000044827e+01 5.979154562950134277e+01 6.300000000000000000e+01 1.789000000000000000e+03
4.246400000000046049e+01 5.979154562950134277e+01 6.400000000000000000e+01 2.306000000000000000e+03
4.362300000000050204e+01 5.979154562950134277e+01 6.500000000000000000e+01 1.555000000000000000e+03
4.440200000000055525e+01 5.979154562950134277e+01 6.600000000000000000e+01 1.441000000000000000e+03
4.673900000000066512e+01 5.979154562950134277e+01 6.700000000000000000e+01 1.126000000000000000e+03
4.794300000000070838e+01 5.979154562950134277e+01 6.800000000000000000e+01 2.116000000000000000e+03
4.934200000000074482e+01 5.979154562950134277e+01 6.900000000000000000e+01 2.225000000000000000e+03
5.215400000000087744e+01 5.979154562950134277e+01 7.000000000000000000e+01 1.425000000000000000e+03
5.364800000000093405e+01 5.979154562950134277e+01 7.100000000000000000e+01 1.324000000000000000e+03
5.985000000000117382e+01 5.979154562950134277e+01 7.200000000000000000e+01 1.448000000000000000e+03
5.979154562950134277e+01 5.979154562950134277e+01 0.000000000000000000e+00 0.000000000000000000e+00
5.979154562950134277e+01 5.979154562950134277e+01 0.000000000000000000e+00 0.000000000000000000e+00
4.377999999999999226e+00 5.548318862915039062e+01 0.000000000000000000e+00 1.000000000000000000e+00
5.990999999999998771e+00 5.548318862915039062e+01 1.000000000000000000e+00 1.000000000000000000e+01
7.387999999999998124e+00 5.548318862915039062e+01 2.000000000000000000e+00 1.100000000000000000e+01
8.073999999999998067e+00 5.548318862915039062e+01 3.000000000000000000e+00 1.800000000000000000e+01
9.409999999999998366e+00 5.548318862915039062e+01 4.000000000000000000e+00 1.900000000000000000e+01
1.037999999999999901e+01 5.548318862915039062e+01 5.000000000000000000e+00 3.500000000000000000e+01
1.069899999999999807e+01 5.548318862915039062e+01 6.000000000000000000e+00 3.500000000000000000e+01
1.116699999999999804e+01 5.548318862915039062e+01 7.000000000000000000e+00 2.200000000000000000e+01
1.206699999999999662e+01 5.548318862915039062e+01 8.000000000000000000e+00 4.400000000000000000e+01
1.265299999999999869e+01 5.548318862915039062e+01 9.000000000000000000e+00 8.200000000000000000e+01
1.293999999999999950e+01 5.548318862915039062e+01 1.000000000000000000e+01 4.500000000000000000e+01
1.331799999999999962e+01 5.548318862915039062e+01 1.100000000000000000e+01 6.900000000000000000e+01
1.403699999999999903e+01 5.548318862915039062e+01 1.200000000000000000e+01 1.060000000000000000e+02
1.387700000000000067e+01 5.548318862915039062e+01 1.300000000000000000e+01 7.300000000000000000e+01
1.486299999999999955e+01 5.548318862915039062e+01 1.400000000000000000e+01 1.120000000000000000e+02
1.523399999999999821e+01 5.548318862915039062e+01 1.500000000000000000e+01 9.400000000000000000e+01
1.583599999999999675e+01 5.548318862915039062e+01 1.600000000000000000e+01 1.280000000000000000e+02
1.645399999999999707e+01 5.548318862915039062e+01 1.700000000000000000e+01 7.200000000000000000e+01
1.656799999999999784e+01 5.548318862915039062e+01 1.800000000000000000e+01 1.140000000000000000e+02
1.711200000000000188e+01 5.548318862915039062e+01 1.900000000000000000e+01 1.900000000000000000e+02
1.753500000000000369e+01 5.548318862915039062e+01 2.000000000000000000e+01 1.500000000000000000e+02
1.763900000000000290e+01 5.548318862915039062e+01 2.100000000000000000e+01 1.650000000000000000e+02
1.816900000000000048e+01 5.548318862915039062e+01 2.200000000000000000e+01 1.370000000000000000e+02
1.836200000000000188e+01 5.548318862915039062e+01 2.300000000000000000e+01 1.610000000000000000e+02
1.892800000000000438e+01 5.548318862915039062e+01 2.400000000000000000e+01 1.730000000000000000e+02
1.940200000000000458e+01 5.548318862915039062e+01 2.500000000000000000e+01 1.540000000000000000e+02
1.973400000000000176e+01 5.548318862915039062e+01 2.600000000000000000e+01 2.390000000000000000e+02
2.020199999999999818e+01 5.548318862915039062e+01 2.700000000000000000e+01 1.940000000000000000e+02
2.043099999999999739e+01 5.548318862915039062e+01 2.800000000000000000e+01 1.790000000000000000e+02
2.122200000000000131e+01 5.548318862915039062e+01 2.900000000000000000e+01 2.210000000000000000e+02
2.111299999999999955e+01 5.548318862915039062e+01 3.000000000000000000e+01 2.290000000000000000e+02
2.172500000000000497e+01 5.548318862915039062e+01 3.100000000000000000e+01 1.950000000000000000e+02
2.198100000000000875e+01 5.548318862915039062e+01 3.200000000000000000e+01 3.030000000000000000e+02
2.233400000000000674e+01 5.548318862915039062e+01 3.300000000000000000e+01 2.460000000000000000e+02
2.274299999999999855e+01 5.548318862915039062e+01 3.400000000000000000e+01 2.270000000000000000e+02
2.297699999999999676e+01 5.548318862915039062e+01 3.500000000000000000e+01 2.520000000000000000e+02
2.350900000000000034e+01 5.548318862915039062e+01 3.600000000000000000e+01 3.150000000000000000e+02
2.418800000000000239e+01 5.548318862915039062e+01 3.700000000000000000e+01 2.880000000000000000e+02
2.456699999999999662e+01 5.548318862915039062e+01 3.800000000000000000e+01 3.120000000000000000e+02
2.497699999999998965e+01 5.548318862915039062e+01 3.900000000000000000e+01 2.920000000000000000e+02
2.541999999999998039e+01 5.548318862915039062e+01 4.000000000000000000e+01 4.630000000000000000e+02
2.574899999999998101e+01 5.548318862915039062e+01 4.100000000000000000e+01 4.460000000000000000e+02
2.619399999999998840e+01 5.548318862915039062e+01 4.200000000000000000e+01 4.410000000000000000e+02
2.656400000000000361e+01 5.548318862915039062e+01 4.300000000000000000e+01 4.000000000000000000e+02
2.718500000000000227e+01 5.548318862915039062e+01 4.400000000000000000e+01 5.320000000000000000e+02
2.737800000000000367e+01 5.548318862915039062e+01 4.500000000000000000e+01 4.840000000000000000e+02
2.780000000000001137e+01 5.548318862915039062e+01 4.600000000000000000e+01 4.870000000000000000e+02
2.857299999999999685e+01 5.548318862915039062e+01 4.700000000000000000e+01 7.040000000000000000e+02
2.924400000000000688e+01 5.548318862915039062e+01 4.800000000000000000e+01 5.500000000000000000e+02
2.990500000000000114e+01 5.548318862915039062e+01 4.900000000000000000e+01 6.370000000000000000e+02
3.023300000000000054e+01 5.548318862915039062e+01 5.000000000000000000e+01 5.390000000000000000e+02
3.098300000000000765e+01 5.548318862915039062e+01 5.100000000000000000e+01 8.630000000000000000e+02
3.170199999999999108e+01 5.548318862915039062e+01 5.200000000000000000e+01 9.550000000000000000e+02
3.201700000000000301e+01 5.548318862915039062e+01 5.300000000000000000e+01 7.450000000000000000e+02
3.254800000000000182e+01 5.548318862915039062e+01 5.400000000000000000e+01 9.790000000000000000e+02
3.380900000000006855e+01 5.548318862915039062e+01 5.500000000000000000e+01 1.167000000000000000e+03
3.378200000000006753e+01 5.548318862915039062e+01 5.600000000000000000e+01 9.500000000000000000e+02
3.479300000000009874e+01 5.548318862915039062e+01 5.700000000000000000e+01 1.441000000000000000e+03
3.546100000000014774e+01 5.548318862915039062e+01 5.800000000000000000e+01 1.063000000000000000e+03
3.639000000000012136e+01 5.548318862915039062e+01 5.900000000000000000e+01 1.373000000000000000e+03
3.792500000000028137e+01 5.548318862915039062e+01 6.000000000000000000e+01 1.225000000000000000e+03
3.821600000000029951e+01 5.548318862915039062e+01 6.100000000000000000e+01 1.694000000000000000e+03
3.942300000000035709e+01 5.548318862915039062e+01 6.200000000000000000e+01 1.701000000000000000e+03
4.021500000000038000e+01 5.548318862915039062e+01 6.300000000000000000e+01 1.422000000000000000e+03
4.173300000000045884e+01 5.548318862915039062e+01 6.400000000000000000e+01 1.624000000000000000e+03
4.309500000000052466e+01 5.548318862915039062e+01 6.500000000000000000e+01 1.836000000000000000e+03
4.381000000000056360e+01 5.548318862915039062e+01 6.600000000000000000e+01 2.107000000000000000e+03
4.523900000000062249e+01 5.548318862915039062e+01 6.700000000000000000e+01 1.651000000000000000e+03
4.696000000000068297e+01 5.548318862915039062e+01 6.800000000000000000e+01 2.788000000000000000e+03
4.806500000000072959e+01 5.548318862915039062e+01 6.900000000000000000e+01 1.132000000000000000e+03
4.935700000000078802e+01 5.548318862915039062e+01 7.000000000000000000e+01 9.490000000000000000e+02
5.387700000000095457e+01 5.548318862915039062e+01 7.100000000000000000e+01 1.582000000000000000e+03
5.549600000000101829e+01 5.548318862915039062e+01 7.200000000000000000e+01 1.357000000000000000e+03
5.548318862915039062e+01 5.548318862915039062e+01 0.000000000000000000e+00 0.000000000000000000e+00
5.548318862915039062e+01 5.548318862915039062e+01 0.000000000000000000e+00 0.000000000000000000e+00
5.174000000000000377e+00 6.104758429527282715e+01 0.000000000000000000e+00 1.400000000000000000e+01
7.144999999999999574e+00 6.104758429527282715e+01 1.000000000000000000e+00 9.000000000000000000e+00
8.207000000000000739e+00 6.104758429527282715e+01 2.000000000000000000e+00 2.800000000000000000e+01
8.891000000000001791e+00 6.104758429527282715e+01 3.000000000000000000e+00 2.700000000000000000e+01
1.006100000000000172e+01 6.104758429527282715e+01 4.000000000000000000e+00 4.200000000000000000e+01
1.087199999999999989e+01 6.104758429527282715e+01 5.000000000000000000e+00 7.300000000000000000e+01
1.150499999999999901e+01 6.104758429527282715e+01 6.000000000000000000e+00 5.200000000000000000e+01
1.166199999999999903e+01 6.104758429527282715e+01 7.000000000000000000e+00 4.200000000000000000e+01
1.226299999999999812e+01 6.104758429527282715e+01 8.000000000000000000e+00 6.500000000000000000e+01
1.241099999999999781e+01 6.104758429527282715e+01 9.000000000000000000e+00 1.200000000000000000e+02
1.312099999999999689e+01 6.104758429527282715e+01 1.000000000000000000e+01 8.800000000000000000e+01
1.339999999999999680e+01 6.104758429527282715e+01 1.100000000000000000e+01 1.030000000000000000e+02
1.393699999999999761e+01 6.104758429527282715e+01 1.200000000000000000e+01 7.600000000000000000e+01
1.420199999999999818e+01 6.104758429527282715e+01 1.300000000000000000e+01 9.900000000000000000e+01
1.496199999999999797e+01 6.104758429527282715e+01 1.400000000000000000e+01 7.500000000000000000e+01
1.533199999999999719e+01 6.104758429527282715e+01 1.500000000000000000e+01 1.310000000000000000e+02
1.545399999999999707e+01 6.104758429527282715e+01 1.600000000000000000e+01 1.070000000000000000e+02
1.580399999999999672e+01 6.104758429527282715e+01 1.700000000000000000e+01 1.270000000000000000e+02
1.636899999999999267e+01 6.104758429527282715e+01 1.800000000000000000e+01 1.200000000000000000e+02
1.702299999999999613e+01 6.104758429527282715e+01 1.900000000000000000e+01 1.610000000000000000e+02
1.755300000000000082e+01 6.104758429527282715e+01 2.000000000000000000e+01 1.670000000000000000e+02
1.806500000000000128e+01 6.104758429527282715e+01 2.100000000000000000e+01 1.310000000000000000e+02
1.773300000000000054e+01 6.104758429527282715e+01 2.200000000000000000e+01 2.170000000000000000e+02
1.825400000000000134e+01 6.104758429527282715e+01 2.300000000000000000e+01 1.800000000000000000e+02
1.910599999999999810e+01 6.104758429527282715e+01 2.400000000000000000e+01 2.390000000000000000e+02
1.947499999999999432e+01 6.104758429527282715e+01 2.500000000000000000e+01 2.430000000000000000e+02
1.962499999999998934e+01 6.104758429527282715e+01 2.600000000000000000e+01 1.920000000000000000e+02
2.023399999999998400e+01 6.104758429527282715e+01 2.700000000000000000e+01 2.760000000000000000e+02
2.063699999999997914e+01 6.104758429527282715e+01 2.800000000000000000e+01 2.680000000000000000e+02
2.063699999999997914e+01 6.104758429527282715e+01 2.900000000000000000e+01 3.080000000000000000e+02
2.100299999999998235e+01 6.104758429527282715e+01 3.000000000000000000e+01 2.390000000000000000e+02
2.188599999999998502e+01 6.104758429527282715e+01 3.100000000000000000e+01 2.690000000000000000e+02
2.206999999999998607e+01 6.104758429527282715e+01 3.200000000000000000e+01 2.890000000000000000e+02
2.262899999999998357e+01 6.104758429527282715e+01 3.300000000000000000e+01 2.960000000000000000e+02
2.294999999999998153e+01 6.104758429527282715e+01 3.400000000000000000e+01 3.200000000000000000e+02
2.356099999999997863e+01 6.104758429527282715e+01 3.500000000000000000e+01 3.930000000000000000e+02
2.381699999999998241e+01 6.104758429527282715e+01 3.600000000000000000e+01 3.960000000000000000e+02
2.414799999999997837e+01 6.104758429527282715e+01 3.700000000000000000e+01 4.010000000000000000e+02
2.473699999999998056e+01 6.104758429527282715e+01 3.800000000000000000e+01 4.250000000000000000e+02
2.520699999999997232e+01 6.104758429527282715e+01 3.900000000000000000e+01 4.210000000000000000e+02
2.556599999999996697e+01 6.104758429527282715e+01 4.000000000000000000e+01 4.600000000000000000e+02
2.602099999999996527e+01 6.104758429527282715e+01 4.100000000000000000e+01 4.290000000000000000e+02
2.651199999999997559e+01 6.104758429527282715e+01 4.200000000000000000e+01 4.490000000000000000e+02
2.697699999999998255e+01 6.104758429527282715e+01 4.300000000000000000e+01 4.980000000000000000e+02
2.798199999999997445e+01 6.104758429527282715e+01 4.400000000000000000e+01 6.650000000000000000e+02
2.817599999999997351e+01 6.104758429527282715e+01 4.500000000000000000e+01 7.180000000000000000e+02
2.874999999999999289e+01 6.104758429527282715e+01 4.600000000000000000e+01 4.930000000000000000e+02
2.964999999999997371e+01 6.104758429527282715e+01 4.700000000000000000e+01 7.310000000000000000e+02
3.030599999999998317e+01 6.104758429527282715e+01 4.800000000000000000e+01 9.250000000000000000e+02
3.080799999999997851e+01 6.104758429527282715e+01 4.900000000000000000e+01 7.340000000000000000e+02
3.160099999999997067e+01 6.104758429527282715e+01 5.000000000000000000e+01 7.330000000000000000e+02
3.226199999999997914e+01 6.104758429527282715e+01 5.100000000000000000e+01 1.029000000000000000e+03
3.323399999999998045e+01 6.104758429527282715e+01 5.200000000000000000e+01 1.023000000000000000e+03
3.384600000000001074e+01 6.104758429527282715e+01 5.300000000000000000e+01 1.255000000000000000e+03
3.466300000000001091e+01 6.104758429527282715e+01 5.400000000000000000e+01 1.256000000000000000e+03
3.506200000000003314e+01 6.104758429527282715e+01 5.500000000000000000e+01 1.308000000000000000e+03
3.570400000000004326e+01 6.104758429527282715e+01 5.600000000000000000e+01 1.462000000000000000e+03
3.707300000000012830e+01 6.104758429527282715e+01 5.700000000000000000e+01 1.573000000000000000e+03
3.799200000000016075e+01 6.104758429527282715e+01 5.800000000000000000e+01 1.641000000000000000e+03
3.873000000000016740e+01 6.104758429527282715e+01 5.900000000000000000e+01 1.502000000000000000e+03
3.993800000000031503e+01 6.104758429527282715e+01 6.000000000000000000e+01 1.718000000000000000e+03
4.071100000000036090e+01 6.104758429527282715e+01 6.100000000000000000e+01 2.137000000000000000e+03
4.141800000000039006e+01 6.104758429527282715e+01 6.200000000000000000e+01 2.121000000000000000e+03
4.228200000000045122e+01 6.104758429527282715e+01 6.300000000000000000e+01 2.230000000000000000e+03
4.314000000000047663e+01 6.104758429527282715e+01 6.400000000000000000e+01 1.867000000000000000e+03
4.437800000000051881e+01 6.104758429527282715e+01 6.500000000000000000e+01 1.492000000000000000e+03
4.550000000000056133e+01 6.104758429527282715e+01 6.600000000000000000e+01 1.968000000000000000e+03
4.708700000000063568e+01 6.104758429527282715e+01 6.700000000000000000e+01 1.486000000000000000e+03
4.801000000000066592e+01 6.104758429527282715e+01 6.800000000000000000e+01 1.558000000000000000e+03
4.905000000000071481e+01 6.104758429527282715e+01 6.900000000000000000e+01 1.206000000000000000e+03
5.028200000000076386e+01 6.104758429527282715e+01 7.000000000000000000e+01 1.409000000000000000e+03
5.930400000000111049e+01 6.104758429527282715e+01 7.100000000000000000e+01 1.883000000000000000e+03
6.090000000000117808e+01 6.104758429527282715e+01 7.200000000000000000e+01 2.074000000000000000e+03
6.104758429527282715e+01 6.104758429527282715e+01 0.000000000000000000e+00 0.000000000000000000e+00
6.104758429527282715e+01 6.104758429527282715e+01 0.000000000000000000e+00 0.000000000000000000e+00
5.828999999999998849e+00 5.995761036872863770e+01 0.000000000000000000e+00 4.000000000000000000e+01
6.190999999999998948e+00 5.995761036872863770e+01 1.000000000000000000e+00 3.600000000000000000e+01
7.774999999999999467e+00 5.995761036872863770e+01 2.000000000000000000e+00 4.600000000000000000e+01
8.633999999999998565e+00 5.995761036872863770e+01 3.000000000000000000e+00 5.800000000000000000e+01
9.464999999999998082e+00 5.995761036872863770e+01 4.000000000000000000e+00 7.200000000000000000e+01
9.791999999999998039e+00 5.995761036872863770e+01 5.000000000000000000e+00 5.700000000000000000e+01
1.027200000000000024e+01 5.995761036872863770e+01 6.000000000000000000e+00 6.900000000000000000e+01
1.089100000000000001e+01 5.995761036872863770e+01 7.000000000000000000e+00 8.500000000000000000e+01
1.134299999999999820e+01 5.995761036872863770e+01 8.000000000000000000e+00 5.900000000000000000e+01
1.192899999999999849e+01 5.995761036872863770e+01 9.000000000000000000e+00 8.800000000000000000e+01
1.235799999999999699e+01 5.995761036872863770e+01 1.000000000000000000e+01 7.800000000000000000e+01
1.291399999999999615e+01 5.995761036872863770e+01 1.100000000000000000e+01 1.230000000000000000e+02
1.331599999999999540e+01 5.995761036872863770e+01 1.200000000000000000e+01 1.010000000000000000e+02
1.394999999999999574e+01 5.995761036872863770e+01 1.300000000000000000e+01 6.300000000000000000e+01
1.447599999999999554e+01 5.995761036872863770e+01 1.400000000000000000e+01 1.250000000000000000e+02
1.467399999999999594e+01 5.995761036872863770e+01 1.500000000000000000e+01 1.280000000000000000e+02
1.506799999999999606e+01 5.995761036872863770e+01 1.600000000000000000e+01 1.890000000000000000e+02
1.555199999999999605e+01 5.995761036872863770e+01 1.700000000000000000e+01 1.390000000000000000e+02
1.600199999999999534e+01 5.995761036872863770e+01 1.800000000000000000e+01 1.500000000000000000e+02
1.627499999999999858e+01 5.995761036872863770e+01 1.900000000000000000e+01 1.230000000000000000e+02
1.665199999999999392e+01 5.995761036872863770e+01 2.000000000000000000e+01 1.790000000000000000e+02
1.706099999999999284e+01 5.995761036872863770e+01 2.100000000000000000e+01 1.720000000000000000e+02
1.740599999999999525e+01 5.995761036872863770e+01 2.200000000000000000e+01 1.920000000000000000e+02
1.822899999999999210e+01 5.995761036872863770e+01 2.300000000000000000e+01 1.500000000000000000e+02
1.822899999999999210e+01 5.995761036872863770e+01 2.400000000000000000e+01 1.520000000000000000e+02
1.912299999999999045e+01 5.995761036872863770e+01 2.500000000000000000e+01 1.820000000000000000e+02
1.942499999999999005e+01 5.995761036872863770e+01 2.600000000000000000e+01 1.960000000000000000e+02
1.994299999999998363e+01 5.995761036872863770e+01 2.700000000000000000e+01 2.140000000000000000e+02
2.037499999999997868e+01 5.995761036872863770e+01 2.800000000000000000e+01 2.710000000000000000e+02
2.053299999999997638e+01 5.995761036872863770e+01 2.900000000000000000e+01 2.860000000000000000e+02
2.127999999999997982e+01 5.995761036872863770e+01 3.000000000000000000e+01 2.240000000000000000e+02
2.156799999999998363e+01 5.995761036872863770e+01 3.100000000000000000e+01 3.010000000000000000e+02
2.210899999999998400e+01 5.995761036872863770e+01 3.200000000000000000e+01 2.900000000000000000e+02
2.258899999999998442e+01 5.995761036872863770e+01 3.300000000000000000e+01 3.170000000000000000e+02
2.301499999999998280e+01 5.995761036872863770e+01 3.400000000000000000e+01 2.940000000000000000e+02
2.359099999999997976e+01 5.995761036872863770e+01 3.500000000000000000e+01 4.210000000000000000e+02
2.388699999999998269e+01 5.995761036872863770e+01 3.600000000000000000e+01 3.640000000000000000e+02
2.408199999999998653e+01 5.995761036872863770e+01 3.700000000000000000e+01 3.650000000000000000e+02
2.467799999999999017e+01 5.995761036872863770e+01 3.800000000000000000e+01 4.190000000000000000e+02
2.526799999999997937e+01 5.995761036872863770e+01 3.900000000000000000e+01 3.870000000000000000e+02
2.566299999999998249e+01 5.995761036872863770e+01 4.000000000000000000e+01 3.880000000000000000e+02
2.629099999999997905e+01 5.995761036872863770e+01 4.100000000000000000e+01 5.150000000000000000e+02
2.686899999999998911e+01 5.995761036872863770e+01 4.200000000000000000e+01 4.600000000000000000e+02
2.741000000000000014e+01 5.995761036872863770e+01 4.300000000000000000e+01 6.580000000000000000e+02
2.815299999999999514e+01 5.995761036872863770e+01 4.400000000000000000e+01 6.360000000000000000e+02
2.804099999999999326e+01 5.995761036872863770e+01 4.500000000000000000e+01 6.640000000000000000e+02
2.878400000000001313e+01 5.995761036872863770e+01 4.600000000000000000e+01 6.600000000000000000e+02
2.899000000000000909e+01 5.995761036872863770e+01 4.700000000000000000e+01 6.790000000000000000e+02
2.968900000000002493e+01 5.995761036872863770e+01 4.800000000000000000e+01 6.520000000000000000e+02
3.005600000000002225e+01 5.995761036872863770e+01 4.900000000000000000e+01 6.420000000000000000e+02
3.098900000000001498e+01 5.995761036872863770e+01 5.000000000000000000e+01 6.790000000000000000e+02
3.437200000000007094e+01 5.995761036872863770e+01 5.100000000000000000e+01 1.135000000000000000e+03
3.514300000000011437e+01 5.995761036872863770e+01 5.200000000000000000e+01 1.493000000000000000e+03
3.586900000000013478e+01 5.995761036872863770e+01 5.300000000000000000e+01 1.489000000000000000e+03
3.664900000000015723e+01 5.995761036872863770e+01 5.400000000000000000e+01 1.568000000000000000e+03
3.702200000000018321e+01 5.995761036872863770e+01 5.500000000000000000e+01 1.764000000000000000e+03
3.773500000000018417e+01 5.995761036872863770e+01 5.600000000000000000e+01 1.786000000000000000e+03
3.903400000000022629e+01 5.995761036872863770e+01 5.700000000000000000e+01 1.786000000000000000e+03
3.958100000000029439e+01 5.995761036872863770e+01 5.800000000000000000e+01 1.895000000000000000e+03
4.007000000000027740e+01 5.995761036872863770e+01 5.900000000000000000e+01 1.374000000000000000e+03
4.127300000000042957e+01 5.995761036872863770e+01 6.000000000000000000e+01 2.345000000000000000e+03
4.228100000000046776e+01 5.995761036872863770e+01 6.100000000000000000e+01 2.181000000000000000e+03
4.389100000000053825e+01 5.995761036872863770e+01 6.200000000000000000e+01 2.537000000000000000e+03
4.468100000000057292e+01 5.995761036872863770e+01 6.300000000000000000e+01 2.438000000000000000e+03
4.589700000000063795e+01 5.995761036872863770e+01 6.400000000000000000e+01 2.461000000000000000e+03
4.709900000000066456e+01 5.995761036872863770e+01 6.500000000000000000e+01 1.731000000000000000e+03
4.898700000000078347e+01 5.995761036872863770e+01 6.600000000000000000e+01 1.983000000000000000e+03
5.071600000000084663e+01 5.995761036872863770e+01 6.700000000000000000e+01 1.710000000000000000e+03
5.229600000000090176e+01 5.995761036872863770e+01 6.800000000000000000e+01 1.044000000000000000e+03
5.307100000000093587e+01 5.995761036872863770e+01 6.900000000000000000e+01 3.095000000000000000e+03
5.500600000000101630e+01 5.995761036872863770e+01 7.000000000000000000e+01 1.324000000000000000e+03
5.809200000000112851e+01 5.995761036872863770e+01 7.100000000000000000e+01 1.518000000000000000e+03
5.998200000000120014e+01 5.995761036872863770e+01 7.200000000000000000e+01 1.551000000000000000e+03
5.995761036872863770e+01 5.995761036872863770e+01 0.000000000000000000e+00 0.000000000000000000e+00
5.995761036872863770e+01 5.995761036872863770e+01 0.000000000000000000e+00 0.000000000000000000e+00
3.995999999999999108e+00 6.288666248321533203e+01 0.000000000000000000e+00 0.000000000000000000e+00
6.073999999999999844e+00 6.288666248321533203e+01 1.000000000000000000e+00 1.200000000000000000e+01
6.952000000000000846e+00 6.288666248321533203e+01 2.000000000000000000e+00 2.900000000000000000e+01
7.467000000000000526e+00 6.288666248321533203e+01 3.000000000000000000e+00 4.400000000000000000e+01
8.632999999999999119e+00 6.288666248321533203e+01 4.000000000000000000e+00 3.000000000000000000e+01
9.435000000000000497e+00 6.288666248321533203e+01 5.000000000000000000e+00 4.300000000000000000e+01
1.055500000000000149e+01 6.288666248321533203e+01 6.000000000000000000e+00 5.600000000000000000e+01
1.071200000000000152e+01 6.288666248321533203e+01 7.000000000000000000e+00 6.400000000000000000e+01
1.161300000000000132e+01 6.288666248321533203e+01 8.000000000000000000e+00 9.200000000000000000e+01
1.206500000000000306e+01 6.288666248321533203e+01 9.000000000000000000e+00 6.000000000000000000e+01
1.236400000000000432e+01 6.288666248321533203e+01 1.000000000000000000e+01 1.040000000000000000e+02
1.291400000000000503e+01 6.288666248321533203e+01 1.100000000000000000e+01 6.400000000000000000e+01
1.331800000000000495e+01 6.288666248321533203e+01 1.200000000000000000e+01 7.900000000000000000e+01
1.384100000000000641e+01 6.288666248321533203e+01 1.300000000000000000e+01 1.030000000000000000e+02
1.435100000000000620e+01 6.288666248321533203e+01 1.400000000000000000e+01 1.190000000000000000e+02
1.447700000000000564e+01 6.288666248321533203e+01 1.500000000000000000e+01 1.190000000000000000e+02
1.495800000000000374e+01 6.288666248321533203e+01 1.600000000000000000e+01 1.270000000000000000e+02
1.553700000000000436e+01 6.288666248321533203e+01 1.700000000000000000e+01 9.700000000000000000e+01
1.538100000000000556e+01 6.288666248321533203e+01 1.800000000000000000e+01 8.900000000000000000e+01
1.619400000000000617e+01 6.288666248321533203e+01 1.900000000000000000e+01 1.790000000000000000e+02
1.703600000000000847e+01 6.288666248321533203e+01 2.000000000000000000e+01 1.680000000000000000e+02
1.744400000000000617e+01 6.288666248321533203e+01 2.100000000000000000e+01 1.600000000000000000e+02
1.800800000000000267e+01 6.288666248321533203e+01 2.200000000000000000e+01 1.620000000000000000e+02
1.823400000000000531e+01 6.288666248321533203e+01 2.300000000000000000e+01 1.700000000000000000e+02
1.869500000000000739e+01 6.288666248321533203e+01 2.400000000000000000e+01 1.680000000000000000e+02
1.913200000000000500e+01 6.288666248321533203e+01 2.500000000000000000e+01 1.690000000000000000e+02
1.960600000000000520e+01 6.288666248321533203e+01 2.600000000000000000e+01 2.850000000000000000e+02
1.991300000000000381e+01 6.288666248321533203e+01 2.700000000000000000e+01 2.950000000000000000e+02
2.037800000000000011e+01 6.288666248321533203e+01 2.800000000000000000e+01 2.160000000000000000e+02
2.078100000000000236e+01 6.288666248321533203e+01 2.900000000000000000e+01 2.480000000000000000e+02
2.119500000000000739e+01 6.288666248321533203e+01 3.000000000000000000e+01 2.480000000000000000e+02
2.180900000000001526e+01 6.288666248321533203e+01 3.100000000000000000e+01 2.560000000000000000e+02
2.235800000000002186e+01 6.288666248321533203e+01 3.200000000000000000e+01 3.600000000000000000e+02
2.295100000000002183e+01 6.288666248321533203e+01 3.300000000000000000e+01 3.210000000000000000e+02
2.326900000000001612e+01 6.288666248321533203e+01 3.400000000000000000e+01 3.000000000000000000e+02
2.369600000000001216e+01 6.288666248321533203e+01 3.500000000000000000e+01 3.700000000000000000e+02
2.422100000000001074e+01 6.288666248321533203e+01 3.600000000000000000e+01 4.820000000000000000e+02
2.432700000000001239e+01 6.288666248321533203e+01 3.700000000000000000e+01 3.830000000000000000e+02
2.497600000000001330e+01 6.288666248321533203e+01 3.800000000000000000e+01 3.640000000000000000e+02
2.560000000000000497e+01 6.288666248321533203e+01 3.900000000000000000e+01 4.530000000000000000e+02
2.564700000000000557e+01 6.288666248321533203e+01 4.000000000000000000e+01 3.170000000000000000e+02
2.584400000000000475e+01 6.288666248321533203e+01 4.100000000000000000e+01 4.980000000000000000e+02
2.650300000000001077e+01 6.288666248321533203e+01 4.200000000000000000e+01 4.560000000000000000e+02
2.682200000000002049e+01 6.288666248321533203e+01 4.300000000000000000e+01 5.070000000000000000e+02
2.767300000000002314e+01 6.288666248321533203e+01 4.400000000000000000e+01 6.280000000000000000e+02
2.801200000000002532e+01 6.288666248321533203e+01 4.500000000000000000e+01 6.020000000000000000e+02
2.857900000000003260e+01 6.288666248321533203e+01 4.600000000000000000e+01 5.760000000000000000e+02
2.946800000000002484e+01 6.288666248321533203e+01 4.700000000000000000e+01 7.340000000000000000e+02
3.042300000000002314e+01 6.288666248321533203e+01 4.800000000000000000e+01 7.830000000000000000e+02
3.110500000000002174e+01 6.288666248321533203e+01 4.900000000000000000e+01 6.930000000000000000e+02
3.114200000000002433e+01 6.288666248321533203e+01 5.000000000000000000e+01 8.630000000000000000e+02
3.262600000000006162e+01 6.288666248321533203e+01 5.100000000000000000e+01 9.260000000000000000e+02
3.268300000000007088e+01 6.288666248321533203e+01 5.200000000000000000e+01 1.014000000000000000e+03
3.325500000000011624e+01 6.288666248321533203e+01 5.300000000000000000e+01 1.024000000000000000e+03
3.407600000000011420e+01 6.288666248321533203e+01 5.400000000000000000e+01 1.075000000000000000e+03
3.512200000000017752e+01 6.288666248321533203e+01 5.500000000000000000e+01 1.325000000000000000e+03
3.579200000000015791e+01 6.288666248321533203e+01 5.600000000000000000e+01 1.353000000000000000e+03
3.696900000000022146e+01 6.288666248321533203e+01 5.700000000000000000e+01 1.287000000000000000e+03
3.758400000000025898e+01 6.288666248321533203e+01 5.800000000000000000e+01 1.378000000000000000e+03
3.824700000000024147e+01 6.288666248321533203e+01 5.900000000000000000e+01 1.635000000000000000e+03
3.962000000000043798e+01 6.288666248321533203e+01 6.000000000000000000e+01 1.802000000000000000e+03
4.045600000000047203e+01 6.288666248321533203e+01 6.100000000000000000e+01 1.966000000000000000e+03
4.112200000000051148e+01 6.288666248321533203e+01 6.200000000000000000e+01 2.284000000000000000e+03
4.261300000000057508e+01 6.288666248321533203e+01 6.300000000000000000e+01 1.546000000000000000e+03
4.317900000000059180e+01 6.288666248321533203e+01 6.400000000000000000e+01 2.394000000000000000e+03
4.507700000000066609e+01 6.288666248321533203e+01 6.500000000000000000e+01 2.335000000000000000e+03
4.962000000000085009e+01 6.288666248321533203e+01 6.600000000000000000e+01 2.324000000000000000e+03
5.043800000000087635e+01 6.288666248321533203e+01 6.700000000000000000e+01 1.811000000000000000e+03
5.137100000000090461e+01 6.288666248321533203e+01 6.800000000000000000e+01 2.354000000000000000e+03
5.375700000000100687e+01 6.288666248321533203e+01 6.900000000000000000e+01 1.796000000000000000e+03
5.488100000000105183e+01 6.288666248321533203e+01 7.000000000000000000e+01 1.499000000000000000e+03
5.717700000000114358e+01 6.288666248321533203e+01 7.100000000000000000e+01 1.526000000000000000e+03
6.280300000000135441e+01 6.288666248321533203e+01 7.200000000000000000e+01 2.149000000000000000e+03
6.288666248321533203e+01 6.288666248321533203e+01 0.000000000000000000e+00 0.000000000000000000e+00
6.288666248321533203e+01 6.288666248321533203e+01 0.000000000000000000e+00 0.000000000000000000e+00
4.198999999999998956e+00 6.038736224174499512e+01 0.000000000000000000e+00 0.000000000000000000e+00
5.642999999999998906e+00 6.038736224174499512e+01 1.000000000000000000e+00 0.000000000000000000e+00
6.878999999999999559e+00 6.038736224174499512e+01 2.000000000000000000e+00 1.100000000000000000e+01
8.073999999999999844e+00 6.038736224174499512e+01 3.000000000000000000e+00 5.100000000000000000e+01
8.740999999999999659e+00 6.038736224174499512e+01 4.000000000000000000e+00 4.400000000000000000e+01
9.562999999999998835e+00 6.038736224174499512e+01 5.000000000000000000e+00 3.100000000000000000e+01
1.035599999999999810e+01 6.038736224174499512e+01 6.000000000000000000e+00 5.800000000000000000e+01
1.081999999999999673e+01 6.038736224174499512e+01 7.000000000000000000e+00 6.500000000000000000e+01
1.153499999999999481e+01 6.038736224174499512e+01 8.000000000000000000e+00 4.400000000000000000e+01
1.230099999999999305e+01 6.038736224174499512e+01 9.000000000000000000e+00 9.400000000000000000e+01
1.287899999999999245e+01 6.038736224174499512e+01 1.000000000000000000e+01 7.600000000000000000e+01
1.342799999999999194e+01 6.038736224174499512e+01 1.100000000000000000e+01 1.210000000000000000e+02
1.356499999999999240e+01 6.038736224174499512e+01 1.200000000000000000e+01 4.900000000000000000e+01
1.395799999999999308e+01 6.038736224174499512e+01 1.300000000000000000e+01 1.420000000000000000e+02
1.432099999999999440e+01 6.038736224174499512e+01 1.400000000000000000e+01 1.480000000000000000e+02
1.471399999999999331e+01 6.038736224174499512e+01 1.500000000000000000e+01 8.600000000000000000e+01
1.531199999999999228e+01 6.038736224174499512e+01 1.600000000000000000e+01 9.900000000000000000e+01
1.577699999999999392e+01 6.038736224174499512e+01 1.700000000000000000e+01 1.440000000000000000e+02
1.611599999999999255e+01 6.038736224174499512e+01 1.800000000000000000e+01 1.690000000000000000e+02
1.710000000000000142e+01 6.038736224174499512e+01 1.900000000000000000e+01 1.740000000000000000e+02
1.763000000000000256e+01 6.038736224174499512e+01 2.000000000000000000e+01 1.640000000000000000e+02
1.814000000000000057e+01 6.038736224174499512e+01 2.100000000000000000e+01 1.490000000000000000e+02
1.849699999999999989e+01 6.038736224174499512e+01 2.200000000000000000e+01 1.640000000000000000e+02
1.901200000000000045e+01 6.038736224174499512e+01 2.300000000000000000e+01 1.620000000000000000e+02
1.949899999999999523e+01 6.038736224174499512e+01 2.400000000000000000e+01 2.460000000000000000e+02
1.995799999999999486e+01 6.038736224174499512e+01 2.500000000000000000e+01 2.860000000000000000e+02
2.072899999999998855e+01 6.038736224174499512e+01 2.600000000000000000e+01 2.630000000000000000e+02
2.122699999999998255e+01 6.038736224174499512e+01 2.700000000000000000e+01 2.980000000000000000e+02
2.171599999999997976e+01 6.038736224174499512e+01 2.800000000000000000e+01 2.840000000000000000e+02
2.202699999999998326e+01 6.038736224174499512e+01 2.900000000000000000e+01 3.190000000000000000e+02
2.253999999999999559e+01 6.038736224174499512e+01 3.000000000000000000e+01 2.520000000000000000e+02
2.302299999999999613e+01 6.038736224174499512e+01 3.100000000000000000e+01 3.160000000000000000e+02
2.329899999999999949e+01 6.038736224174499512e+01 3.200000000000000000e+01 2.360000000000000000e+02
2.366999999999999815e+01 6.038736224174499512e+01 3.300000000000000000e+01 2.730000000000000000e+02
2.402599999999999625e+01 6.038736224174499512e+01 3.400000000000000000e+01 3.360000000000000000e+02
2.429199999999999449e+01 6.038736224174499512e+01 3.500000000000000000e+01 2.350000000000000000e+02
2.497699999999999321e+01 6.038736224174499512e+01 3.600000000000000000e+01 2.300000000000000000e+02
2.531399999999999295e+01 6.038736224174499512e+01 3.700000000000000000e+01 3.340000000000000000e+02
2.563599999999999568e+01 6.038736224174499512e+01 3.800000000000000000e+01 3.690000000000000000e+02
2.635299999999997667e+01 6.038736224174499512e+01 3.900000000000000000e+01 3.170000000000000000e+02
2.684499999999997044e+01 6.038736224174499512e+01 4.000000000000000000e+01 4.760000000000000000e+02
2.726999999999996760e+01 6.038736224174499512e+01 4.100000000000000000e+01 3.740000000000000000e+02
2.835899999999999821e+01 6.038736224174499512e+01 4.200000000000000000e+01 4.390000000000000000e+02
2.907100000000000861e+01 6.038736224174499512e+01 4.300000000000000000e+01 5.870000000000000000e+02
3.011799999999999855e+01 6.038736224174499512e+01 4.400000000000000000e+01 5.850000000000000000e+02
3.053500000000000014e+01 6.038736224174499512e+01 4.500000000000000000e+01 7.840000000000000000e+02
3.109400000000002251e+01 6.038736224174499512e+01 4.600000000000000000e+01 6.220000000000000000e+02
3.136000000000001364e+01 6.038736224174499512e+01 4.700000000000000000e+01 6.990000000000000000e+02
3.213200000000000500e+01 6.038736224174499512e+01 4.800000000000000000e+01 6.570000000000000000e+02
3.268300000000001404e+01 6.038736224174499512e+01 4.900000000000000000e+01 8.060000000000000000e+02
3.346500000000005315e+01 6.038736224174499512e+01 5.000000000000000000e+01 9.980000000000000000e+02
3.409200000000006980e+01 6.038736224174499512e+01 5.100000000000000000e+01 1.071000000000000000e+03
3.474700000000010647e+01 6.038736224174499512e+01 5.200000000000000000e+01 1.099000000000000000e+03
3.535600000000012244e+01 6.038736224174499512e+01 5.300000000000000000e+01 1.000000000000000000e+03
3.584900000000013875e+01 6.038736224174499512e+01 5.400000000000000000e+01 1.403000000000000000e+03
3.676300000000016155e+01 6.038736224174499512e+01 5.500000000000000000e+01 1.395000000000000000e+03
3.730800000000017036e+01 6.038736224174499512e+01 5.600000000000000000e+01 1.324000000000000000e+03
3.834300000000018116e+01 6.038736224174499512e+01 5.700000000000000000e+01 1.498000000000000000e+03
3.890600000000025460e+01 6.038736224174499512e+01 5.800000000000000000e+01 1.495000000000000000e+03
4.023700000000022925e+01 6.038736224174499512e+01 5.900000000000000000e+01 1.636000000000000000e+03
4.072600000000030462e+01 6.038736224174499512e+01 6.000000000000000000e+01 1.795000000000000000e+03
4.176800000000033464e+01 6.038736224174499512e+01 6.100000000000000000e+01 2.271000000000000000e+03
4.259200000000036113e+01 6.038736224174499512e+01 6.200000000000000000e+01 1.859000000000000000e+03
4.432500000000045048e+01 6.038736224174499512e+01 6.300000000000000000e+01 2.122000000000000000e+03
4.541400000000053438e+01 6.038736224174499512e+01 6.400000000000000000e+01 1.342000000000000000e+03
4.675700000000058054e+01 6.038736224174499512e+01 6.500000000000000000e+01 2.446000000000000000e+03
5.095300000000079166e+01 6.038736224174499512e+01 6.600000000000000000e+01 2.316000000000000000e+03
5.174300000000082633e+01 6.038736224174499512e+01 6.700000000000000000e+01 1.290000000000000000e+03
5.280500000000083105e+01 6.038736224174499512e+01 6.800000000000000000e+01 2.133000000000000000e+03
5.374400000000090216e+01 6.038736224174499512e+01 6.900000000000000000e+01 1.992000000000000000e+03
5.554500000000094673e+01 6.038736224174499512e+01 7.000000000000000000e+01 1.383000000000000000e+03
5.738400000000101642e+01 6.038736224174499512e+01 7.100000000000000000e+01 1.053000000000000000e+03
6.033600000000113539e+01 6.038736224174499512e+01 7.200000000000000000e+01 8.810000000000000000e+02
6.038736224174499512e+01 6.038736224174499512e+01 0.000000000000000000e+00 0.000000000000000000e+00
6.038736224174499512e+01 6.038736224174499512e+01 0.000000000000000000e+00 0.000000000000000000e+00
3.255999999999999339e+00 5.511911535263061523e+01 0.000000000000000000e+00 0.000000000000000000e+00
5.414999999999999147e+00 5.511911535263061523e+01 1.000000000000000000e+00 1.100000000000000000e+01
6.656999999999998252e+00 5.511911535263061523e+01 2.000000000000000000e+00 2.700000000000000000e+01
7.348999999999997534e+00 5.511911535263061523e+01 3.000000000000000000e+00 3.100000000000000000e+01
8.356999999999997542e+00 5.511911535263061523e+01 4.000000000000000000e+00 3.200000000000000000e+01
8.684999999999998721e+00 5.511911535263061523e+01 5.000000000000000000e+00 4.700000000000000000e+01
9.467999999999998195e+00 5.511911535263061523e+01 6.000000000000000000e+00 4.900000000000000000e+01
1.040999999999999659e+01 5.511911535263061523e+01 7.000000000000000000e+00 1.040000000000000000e+02
1.206599999999999540e+01 5.511911535263061523e+01 8.000000000000000000e+00 8.500000000000000000e+01
1.265399999999999636e+01 5.511911535263061523e+01 9.000000000000000000e+00 8.500000000000000000e+01
1.289999999999999503e+01 5.511911535263061523e+01 1.000000000000000000e+01 1.290000000000000000e+02
1.348999999999999666e+01 5.511911535263061523e+01 1.100000000000000000e+01 1.340000000000000000e+02
1.386599999999999611e+01 5.511911535263061523e+01 1.200000000000000000e+01 9.300000000000000000e+01
1.404099999999999682e+01 5.511911535263061523e+01 1.300000000000000000e+01 1.080000000000000000e+02
1.442899999999999849e+01 5.511911535263061523e+01 1.400000000000000000e+01 1.860000000000000000e+02
1.467899999999999849e+01 5.511911535263061523e+01 1.500000000000000000e+01 1.630000000000000000e+02
1.527899999999999636e+01 5.511911535263061523e+01 1.600000000000000000e+01 1.750000000000000000e+02
1.551399999999999579e+01 5.511911535263061523e+01 1.700000000000000000e+01 1.350000000000000000e+02
1.585499999999999510e+01 5.511911535263061523e+01 1.800000000000000000e+01 1.940000000000000000e+02
1.629599999999999582e+01 5.511911535263061523e+01 1.900000000000000000e+01 1.530000000000000000e+02
1.669899999999999807e+01 5.511911535263061523e+01 2.000000000000000000e+01 1.530000000000000000e+02
1.682600000000000051e+01 5.511911535263061523e+01 2.100000000000000000e+01 1.270000000000000000e+02
1.733000000000000185e+01 5.511911535263061523e+01 2.200000000000000000e+01 1.970000000000000000e+02
1.759500000000000242e+01 5.511911535263061523e+01 2.300000000000000000e+01 2.040000000000000000e+02
1.799700000000000344e+01 5.511911535263061523e+01 2.400000000000000000e+01 2.420000000000000000e+02
1.853600000000000136e+01 5.511911535263061523e+01 2.500000000000000000e+01 1.830000000000000000e+02
1.879699999999999704e+01 5.511911535263061523e+01 2.600000000000000000e+01 2.520000000000000000e+02
1.941499999999998849e+01 5.511911535263061523e+01 2.700000000000000000e+01 2.140000000000000000e+02
2.003399999999998116e+01 5.511911535263061523e+01 2.800000000000000000e+01 2.650000000000000000e+02
2.070499999999998764e+01 5.511911535263061523e+01 2.900000000000000000e+01 2.400000000000000000e+02
2.133199999999999363e+01 5.511911535263061523e+01 3.000000000000000000e+01 2.380000000000000000e+02
2.147799999999999443e+01 5.511911535263061523e+01 3.100000000000000000e+01 3.020000000000000000e+02
2.182399999999999096e+01 5.511911535263061523e+01 3.200000000000000000e+01 3.420000000000000000e+02
2.249599999999998801e+01 5.511911535263061523e+01 3.300000000000000000e+01 4.650000000000000000e+02
2.268899999999998585e+01 5.511911535263061523e+01 3.400000000000000000e+01 3.920000000000000000e+02
2.297399999999998244e+01 5.511911535263061523e+01 3.500000000000000000e+01 3.270000000000000000e+02
2.337399999999998457e+01 5.511911535263061523e+01 3.600000000000000000e+01 3.890000000000000000e+02
2.382999999999999119e+01 5.511911535263061523e+01 3.700000000000000000e+01 3.410000000000000000e+02
2.403699999999999193e+01 5.511911535263061523e+01 3.800000000000000000e+01 3.920000000000000000e+02
2.450999999999998380e+01 5.511911535263061523e+01 3.900000000000000000e+01 3.800000000000000000e+02
2.483999999999998209e+01 5.511911535263061523e+01 4.000000000000000000e+01 4.580000000000000000e+02
2.523399999999998045e+01 5.511911535263061523e+01 4.100000000000000000e+01 6.250000000000000000e+02
2.548199999999998866e+01 5.511911535263061523e+01 4.200000000000000000e+01 4.740000000000000000e+02
2.699300000000000921e+01 5.511911535263061523e+01 4.300000000000000000e+01 5.520000000000000000e+02
2.723500000000001009e+01 5.511911535263061523e+01 4.400000000000000000e+01 5.570000000000000000e+02
2.791000000000001435e+01 5.511911535263061523e+01 4.500000000000000000e+01 5.910000000000000000e+02
2.856300000000002726e+01 5.511911535263061523e+01 4.600000000000000000e+01 7.260000000000000000e+02
2.940100000000001046e+01 5.511911535263061523e+01 4.700000000000000000e+01 7.570000000000000000e+02
3.089200000000002788e+01 5.511911535263061523e+01 4.800000000000000000e+01 9.620000000000000000e+02
3.143700000000002248e+01 5.511911535263061523e+01 4.900000000000000000e+01 9.490000000000000000e+02
3.173200000000001708e+01 5.511911535263061523e+01 5.000000000000000000e+01 9.340000000000000000e+02
3.225200000000002376e+01 5.511911535263061523e+01 5.100000000000000000e+01 1.126000000000000000e+03
3.291700000000004422e+01 5.511911535263061523e+01 5.200000000000000000e+01 1.119000000000000000e+03
3.454700000000010363e+01 5.511911535263061523e+01 5.300000000000000000e+01 1.177000000000000000e+03
3.516400000000011516e+01 5.511911535263061523e+01 5.400000000000000000e+01 1.486000000000000000e+03
3.585400000000014842e+01 5.511911535263061523e+01 5.500000000000000000e+01 1.162000000000000000e+03
3.651600000000015456e+01 5.511911535263061523e+01 5.600000000000000000e+01 1.279000000000000000e+03
3.729100000000018866e+01 5.511911535263061523e+01 5.700000000000000000e+01 1.656000000000000000e+03
3.803600000000022874e+01 5.511911535263061523e+01 5.800000000000000000e+01 1.746000000000000000e+03
3.913200000000023238e+01 5.511911535263061523e+01 5.900000000000000000e+01 2.184000000000000000e+03
3.930900000000028172e+01 5.511911535263061523e+01 6.000000000000000000e+01 1.366000000000000000e+03
4.023000000000031662e+01 5.511911535263061523e+01 6.100000000000000000e+01 1.882000000000000000e+03
4.119900000000034623e+01 5.511911535263061523e+01 6.200000000000000000e+01 1.923000000000000000e+03
4.151200000000036994e+01 5.511911535263061523e+01 6.300000000000000000e+01 1.238000000000000000e+03
4.272700000000043019e+01 5.511911535263061523e+01 6.400000000000000000e+01 1.765000000000000000e+03
4.371800000000047248e+01 5.511911535263061523e+01 6.500000000000000000e+01 2.570000000000000000e+03
4.491100000000052717e+01 5.511911535263061523e+01 6.600000000000000000e+01 1.832000000000000000e+03
4.581000000000055650e+01 5.511911535263061523e+01 6.700000000000000000e+01 1.137000000000000000e+03
4.722000000000060993e+01 5.511911535263061523e+01 6.800000000000000000e+01 2.422000000000000000e+03
4.947800000000069076e+01 5.511911535263061523e+01 6.900000000000000000e+01 1.336000000000000000e+03
5.051200000000073942e+01 5.511911535263061523e+01 7.000000000000000000e+01 1.332000000000000000e+03
5.333200000000083918e+01 5.511911535263061523e+01 7.100000000000000000e+01 9.390000000000000000e+02
5.515100000000091285e+01 5.511911535263061523e+01 7.200000000000000000e+01 1.004000000000000000e+03
5.511911535263061523e+01 5.511911535263061523e+01 0.000000000000000000e+00 0.000000000000000000e+00
5.511911535263061523e+01 5.511911535263061523e+01 0.000000000000000000e+00 0.000000000000000000e+00
3.725999999999999091e+00 5.911431026458740234e+01 0.000000000000000000e+00 0.000000000000000000e+00
5.340999999999999304e+00 5.911431026458740234e+01 1.000000000000000000e+00 2.000000000000000000e+00
6.750999999999999446e+00 5.911431026458740234e+01 2.000000000000000000e+00 1.400000000000000000e+01
8.458999999999999631e+00 5.911431026458740234e+01 3.000000000000000000e+00 3.100000000000000000e+01
9.619999999999999218e+00 5.911431026458740234e+01 4.000000000000000000e+00 4.400000000000000000e+01
1.075199999999999889e+01 5.911431026458740234e+01 5.000000000000000000e+00 6.100000000000000000e+01
1.122699999999999854e+01 5.911431026458740234e+01 6.000000000000000000e+00 5.700000000000000000e+01
1.184299999999999997e+01 5.911431026458740234e+01 7.000000000000000000e+00 9.000000000000000000e+01
1.229599999999999937e+01 5.911431026458740234e+01 8.000000000000000000e+00 5.900000000000000000e+01
1.316999999999999815e+01 5.911431026458740234e+01 9.000000000000000000e+00 7.900000000000000000e+01
1.373999999999999844e+01 5.911431026458740234e+01 1.000000000000000000e+01 6.600000000000000000e+01
1.388299999999999912e+01 5.911431026458740234e+01 1.100000000000000000e+01 8.000000000000000000e+01
1.428599999999999959e+01 5.911431026458740234e+01 1.200000000000000000e+01 1.010000000000000000e+02
1.455000000000000071e+01 5.911431026458740234e+01 1.300000000000000000e+01 9.900000000000000000e+01
1.556300000000000061e+01 5.911431026458740234e+01 1.400000000000000000e+01 1.100000000000000000e+02
1.666900000000000048e+01 5.911431026458740234e+01 1.500000000000000000e+01 1.140000000000000000e+02
1.679100000000000037e+01 5.911431026458740234e+01 1.600000000000000000e+01 1.360000000000000000e+02
1.713999999999999702e+01 5.911431026458740234e+01 1.700000000000000000e+01 1.090000000000000000e+02
1.752799999999999159e+01 5.911431026458740234e+01 1.800000000000000000e+01 1.560000000000000000e+02
1.814099999999999113e+01 5.911431026458740234e+01 1.900000000000000000e+01 2.130000000000000000e+02
1.867299999999999827e+01 5.911431026458740234e+01 2.000000000000000000e+01 2.610000000000000000e+02
1.905099999999999483e+01 5.911431026458740234e+01 2.100000000000000000e+01 2.350000000000000000e+02
1.957799999999999585e+01 5.911431026458740234e+01 2.200000000000000000e+01 2.080000000000000000e+02
1.967599999999999483e+01 5.911431026458740234e+01 2.300000000000000000e+01 2.160000000000000000e+02
2.028999999999998494e+01 5.911431026458740234e+01 2.400000000000000000e+01 2.230000000000000000e+02
2.077599999999998559e+01 5.911431026458740234e+01 2.500000000000000000e+01 2.190000000000000000e+02
2.138099999999997891e+01 5.911431026458740234e+01 2.600000000000000000e+01 2.960000000000000000e+02
2.188099999999997536e+01 5.911431026458740234e+01 2.700000000000000000e+01 1.950000000000000000e+02
2.212299999999997269e+01 5.911431026458740234e+01 2.800000000000000000e+01 2.270000000000000000e+02
2.281699999999998241e+01 5.911431026458740234e+01 2.900000000000000000e+01 3.680000000000000000e+02
2.311799999999998434e+01 5.911431026458740234e+01 3.000000000000000000e+01 2.140000000000000000e+02
2.347699999999998965e+01 5.911431026458740234e+01 3.100000000000000000e+01 3.260000000000000000e+02
2.387099999999999156e+01 5.911431026458740234e+01 3.200000000000000000e+01 3.230000000000000000e+02
2.442699999999998894e+01 5.911431026458740234e+01 3.300000000000000000e+01 3.770000000000000000e+02
2.485399999999998499e+01 5.911431026458740234e+01 3.400000000000000000e+01 4.580000000000000000e+02
2.535999999999997812e+01 5.911431026458740234e+01 3.500000000000000000e+01 2.870000000000000000e+02
2.562999999999998124e+01 5.911431026458740234e+01 3.600000000000000000e+01 4.950000000000000000e+02
2.610499999999997911e+01 5.911431026458740234e+01 3.700000000000000000e+01 4.380000000000000000e+02
2.598099999999998033e+01 5.911431026458740234e+01 3.800000000000000000e+01 5.300000000000000000e+02
2.673699999999997345e+01 5.911431026458740234e+01 3.900000000000000000e+01 4.450000000000000000e+02
2.714499999999996049e+01 5.911431026458740234e+01 4.000000000000000000e+01 4.180000000000000000e+02
2.775699999999995882e+01 5.911431026458740234e+01 4.100000000000000000e+01 5.260000000000000000e+02
2.792399999999996396e+01 5.911431026458740234e+01 4.200000000000000000e+01 5.580000000000000000e+02
2.874599999999998445e+01 5.911431026458740234e+01 4.300000000000000000e+01 5.560000000000000000e+02
2.893799999999998107e+01 5.911431026458740234e+01 4.400000000000000000e+01 6.280000000000000000e+02
2.977999999999998693e+01 5.911431026458740234e+01 4.500000000000000000e+01 6.870000000000000000e+02
3.020299999999999940e+01 5.911431026458740234e+01 4.600000000000000000e+01 7.700000000000000000e+02
3.141699999999997672e+01 5.911431026458740234e+01 4.700000000000000000e+01 8.680000000000000000e+02
3.178099999999998104e+01 5.911431026458740234e+01 4.800000000000000000e+01 7.310000000000000000e+02
3.254699999999997573e+01 5.911431026458740234e+01 4.900000000000000000e+01 8.900000000000000000e+02
3.312300000000001177e+01 5.911431026458740234e+01 5.000000000000000000e+01 8.420000000000000000e+02
3.385600000000003007e+01 5.911431026458740234e+01 5.100000000000000000e+01 8.010000000000000000e+02
3.424200000000004707e+01 5.911431026458740234e+01 5.200000000000000000e+01 8.380000000000000000e+02
3.516500000000008441e+01 5.911431026458740234e+01 5.300000000000000000e+01 1.215000000000000000e+03
3.560900000000008703e+01 5.911431026458740234e+01 5.400000000000000000e+01 9.870000000000000000e+02
3.626500000000013557e+01 5.911431026458740234e+01 5.500000000000000000e+01 1.339000000000000000e+03
3.695000000000014495e+01 5.911431026458740234e+01 5.600000000000000000e+01 7.910000000000000000e+02
3.852700000000019998e+01 5.911431026458740234e+01 5.700000000000000000e+01 1.330000000000000000e+03
3.934100000000026398e+01 5.911431026458740234e+01 5.800000000000000000e+01 1.675000000000000000e+03
4.110700000000022669e+01 5.911431026458740234e+01 5.900000000000000000e+01 2.367000000000000000e+03
4.136100000000027421e+01 5.911431026458740234e+01 6.000000000000000000e+01 2.118000000000000000e+03
4.219800000000029883e+01 5.911431026458740234e+01 6.100000000000000000e+01 1.908000000000000000e+03
4.292600000000032878e+01 5.911431026458740234e+01 6.200000000000000000e+01 2.445000000000000000e+03
4.471900000000041331e+01 5.911431026458740234e+01 6.300000000000000000e+01 1.466000000000000000e+03
4.569700000000045037e+01 5.911431026458740234e+01 6.400000000000000000e+01 1.391000000000000000e+03
4.756100000000051864e+01 5.911431026458740234e+01 6.500000000000000000e+01 2.775000000000000000e+03
4.919100000000056383e+01 5.911431026458740234e+01 6.600000000000000000e+01 1.663000000000000000e+03
4.997400000000060771e+01 5.911431026458740234e+01 6.700000000000000000e+01 2.344000000000000000e+03
5.094400000000064921e+01 5.911431026458740234e+01 6.800000000000000000e+01 2.839000000000000000e+03
5.313100000000071788e+01 5.911431026458740234e+01 6.900000000000000000e+01 1.253000000000000000e+03
5.436200000000078347e+01 5.911431026458740234e+01 7.000000000000000000e+01 1.233000000000000000e+03
5.748800000000090193e+01 5.911431026458740234e+01 7.100000000000000000e+01 1.486000000000000000e+03
5.914700000000095770e+01 5.911431026458740234e+01 7.200000000000000000e+01 2.298000000000000000e+03
5.911431026458740234e+01 5.911431026458740234e+01 0.000000000000000000e+00 0.000000000000000000e+00
5.911431026458740234e+01 5.911431026458740234e+01 0.000000000000000000e+00 0.000000000000000000e+00
4.921999999999999709e+00 5.843988037109375000e+01 0.000000000000000000e+00 1.100000000000000000e+01
6.072999999999999510e+00 5.843988037109375000e+01 1.000000000000000000e+00 1.400000000000000000e+01
8.702999999999999403e+00 5.843988037109375000e+01 2.000000000000000000e+00 2.900000000000000000e+01
9.554000000000000270e+00 5.843988037109375000e+01 3.000000000000000000e+00 4.200000000000000000e+01
1.005599999999999916e+01 5.843988037109375000e+01 4.000000000000000000e+00 4.900000000000000000e+01
1.052899999999999991e+01 5.843988037109375000e+01 5.000000000000000000e+00 3.000000000000000000e+01
1.149399999999999977e+01 5.843988037109375000e+01 6.000000000000000000e+00 5.000000000000000000e+01
1.195999999999999908e+01 5.843988037109375000e+01 7.000000000000000000e+00 6.800000000000000000e+01
1.240899999999999892e+01 5.843988037109375000e+01 8.000000000000000000e+00 1.200000000000000000e+02
1.270199999999999818e+01 5.843988037109375000e+01 9.000000000000000000e+00 1.010000000000000000e+02
1.309199999999999697e+01 5.843988037109375000e+01 1.000000000000000000e+01 5.800000000000000000e+01
1.354899999999999594e+01 5.843988037109375000e+01 1.100000000000000000e+01 8.700000000000000000e+01
1.382099999999999618e+01 5.843988037109375000e+01 1.200000000000000000e+01 9.400000000000000000e+01
1.418199999999999683e+01 5.843988037109375000e+01 1.300000000000000000e+01 1.110000000000000000e+02
1.547899999999999565e+01 5.843988037109375000e+01 1.400000000000000000e+01 1.700000000000000000e+02
1.606899999999999551e+01 5.843988037109375000e+01 1.500000000000000000e+01 1.490000000000000000e+02
1.717199999999999349e+01 5.843988037109375000e+01 1.600000000000000000e+01 1.640000000000000000e+02
1.775099999999998701e+01 5.843988037109375000e+01 1.700000000000000000e+01 1.490000000000000000e+02
1.797699999999998610e+01 5.843988037109375000e+01 1.800000000000000000e+01 1.910000000000000000e+02
1.819399999999998840e+01 5.843988037109375000e+01 1.900000000000000000e+01 2.160000000000000000e+02
1.914999999999999147e+01 5.843988037109375000e+01 2.000000000000000000e+01 2.020000000000000000e+02
1.956299999999999528e+01 5.843988037109375000e+01 2.100000000000000000e+01 1.910000000000000000e+02
2.013699999999999690e+01 5.843988037109375000e+01 2.200000000000000000e+01 2.190000000000000000e+02
2.010599999999999810e+01 5.843988037109375000e+01 2.300000000000000000e+01 1.690000000000000000e+02
2.093299999999999628e+01 5.843988037109375000e+01 2.400000000000000000e+01 2.790000000000000000e+02
2.107899999999999707e+01 5.843988037109375000e+01 2.500000000000000000e+01 1.700000000000000000e+02
2.133199999999999719e+01 5.843988037109375000e+01 2.600000000000000000e+01 2.660000000000000000e+02
2.162299999999999756e+01 5.843988037109375000e+01 2.700000000000000000e+01 3.650000000000000000e+02
2.229899999999999594e+01 5.843988037109375000e+01 2.800000000000000000e+01 1.940000000000000000e+02
2.303899999999999437e+01 5.843988037109375000e+01 2.900000000000000000e+01 2.470000000000000000e+02
2.341499999999999204e+01 5.843988037109375000e+01 3.000000000000000000e+01 1.730000000000000000e+02
2.341699999999999093e+01 5.843988037109375000e+01 3.100000000000000000e+01 2.830000000000000000e+02
2.429999999999999005e+01 5.843988037109375000e+01 3.200000000000000000e+01 2.220000000000000000e+02
2.505699999999999150e+01 5.843988037109375000e+01 3.300000000000000000e+01 2.510000000000000000e+02
2.552899999999999281e+01 5.843988037109375000e+01 3.400000000000000000e+01 3.640000000000000000e+02
2.549099999999999255e+01 5.843988037109375000e+01 3.500000000000000000e+01 2.990000000000000000e+02
2.619399999999999196e+01 5.843988037109375000e+01 3.600000000000000000e+01 2.540000000000000000e+02
2.665399999999999636e+01 5.843988037109375000e+01 3.700000000000000000e+01 3.230000000000000000e+02
2.668199999999999505e+01 5.843988037109375000e+01 3.800000000000000000e+01 3.990000000000000000e+02
2.717199999999998639e+01 5.843988037109375000e+01 3.900000000000000000e+01 3.730000000000000000e+02
2.772799999999998377e+01 5.843988037109375000e+01 4.000000000000000000e+01 3.360000000000000000e+02
2.791999999999998039e+01 5.843988037109375000e+01 4.100000000000000000e+01 4.310000000000000000e+02
2.858699999999998909e+01 5.843988037109375000e+01 4.200000000000000000e+01 3.940000000000000000e+02
2.938700000000001467e+01 5.843988037109375000e+01 4.300000000000000000e+01 5.370000000000000000e+02
2.983600000000001273e+01 5.843988037109375000e+01 4.400000000000000000e+01 5.050000000000000000e+02
3.063400000000001810e+01 5.843988037109375000e+01 4.500000000000000000e+01 4.720000000000000000e+02
3.071800000000002129e+01 5.843988037109375000e+01 4.600000000000000000e+01 7.620000000000000000e+02
3.187700000000000244e+01 5.843988037109375000e+01 4.700000000000000000e+01 7.030000000000000000e+02
3.261699999999997601e+01 5.843988037109375000e+01 4.800000000000000000e+01 7.770000000000000000e+02
3.294099999999996697e+01 5.843988037109375000e+01 4.900000000000000000e+01 7.910000000000000000e+02
3.374700000000000699e+01 5.843988037109375000e+01 5.000000000000000000e+01 8.540000000000000000e+02
3.430300000000002569e+01 5.843988037109375000e+01 5.100000000000000000e+01 9.720000000000000000e+02
3.509900000000004638e+01 5.843988037109375000e+01 5.200000000000000000e+01 1.008000000000000000e+03
3.540300000000005554e+01 5.843988037109375000e+01 5.300000000000000000e+01 9.880000000000000000e+02
3.612800000000009248e+01 5.843988037109375000e+01 5.400000000000000000e+01 1.235000000000000000e+03
3.750600000000017786e+01 5.843988037109375000e+01 5.500000000000000000e+01 1.279000000000000000e+03
3.843300000000019168e+01 5.843988037109375000e+01 5.600000000000000000e+01 1.512000000000000000e+03
3.901900000000019730e+01 5.843988037109375000e+01 5.700000000000000000e+01 1.495000000000000000e+03
3.970200000000021845e+01 5.843988037109375000e+01 5.800000000000000000e+01 1.468000000000000000e+03
4.050600000000021339e+01 5.843988037109375000e+01 5.900000000000000000e+01 1.683000000000000000e+03
4.078300000000027836e+01 5.843988037109375000e+01 6.000000000000000000e+01 1.149000000000000000e+03
4.161100000000030263e+01 5.843988037109375000e+01 6.100000000000000000e+01 1.736000000000000000e+03
4.271800000000033748e+01 5.843988037109375000e+01 6.200000000000000000e+01 2.213000000000000000e+03
4.370500000000039620e+01 5.843988037109375000e+01 6.300000000000000000e+01 1.342000000000000000e+03
4.472000000000045361e+01 5.843988037109375000e+01 6.400000000000000000e+01 1.770000000000000000e+03
4.537100000000047828e+01 5.843988037109375000e+01 6.500000000000000000e+01 1.499000000000000000e+03
4.673700000000052057e+01 5.843988037109375000e+01 6.600000000000000000e+01 2.456000000000000000e+03
4.927500000000062386e+01 5.843988037109375000e+01 6.700000000000000000e+01 2.103000000000000000e+03
5.032000000000066819e+01 5.843988037109375000e+01 6.800000000000000000e+01 1.820000000000000000e+03
5.168800000000072714e+01 5.843988037109375000e+01 6.900000000000000000e+01 1.248000000000000000e+03
5.286400000000077881e+01 5.843988037109375000e+01 7.000000000000000000e+01 1.348000000000000000e+03
5.695400000000091012e+01 5.843988037109375000e+01 7.100000000000000000e+01 1.607000000000000000e+03
5.843200000000096850e+01 5.843988037109375000e+01 7.200000000000000000e+01 1.587000000000000000e+03
5.843988037109375000e+01 5.843988037109375000e+01 0.000000000000000000e+00 0.000000000000000000e+00
5.843988037109375000e+01 5.843988037109375000e+01 0.000000000000000000e+00 0.000000000000000000e+00
3.782000000000000028e+00 5.740559077262878418e+01 0.000000000000000000e+00 1.000000000000000000e+01
4.746999999999999886e+00 5.740559077262878418e+01 1.000000000000000000e+00 1.400000000000000000e+01
5.661999999999999034e+00 5.740559077262878418e+01 2.000000000000000000e+00 1.200000000000000000e+01
6.178999999999998494e+00 5.740559077262878418e+01 3.000000000000000000e+00 2.100000000000000000e+01
6.848999999999998423e+00 5.740559077262878418e+01 4.000000000000000000e+00 2.500000000000000000e+01
7.155999999999998806e+00 5.740559077262878418e+01 5.000000000000000000e+00 2.200000000000000000e+01
7.974999999999998757e+00 5.740559077262878418e+01 6.000000000000000000e+00 4.500000000000000000e+01
8.743999999999999773e+00 5.740559077262878418e+01 7.000000000000000000e+00 3.700000000000000000e+01
1.033199999999999719e+01 5.740559077262878418e+01 8.000000000000000000e+00 9.300000000000000000e+01
1.123899999999999721e+01 5.740559077262878418e+01 9.000000000000000000e+00 8.000000000000000000e+01
1.166799999999999748e+01 5.740559077262878418e+01 1.000000000000000000e+01 9.300000000000000000e+01
1.194299999999999784e+01 5.740559077262878418e+01 1.100000000000000000e+01 9.300000000000000000e+01
1.235499999999999687e+01 5.740559077262878418e+01 1.200000000000000000e+01 1.430000000000000000e+02
1.248799999999999777e+01 5.740559077262878418e+01 1.300000000000000000e+01 1.110000000000000000e+02
1.308900000000000041e+01 5.740559077262878418e+01 1.400000000000000000e+01 1.310000000000000000e+02
1.364099999999999646e+01 5.740559077262878418e+01 1.500000000000000000e+01 1.220000000000000000e+02
1.423999999999999488e+01 5.740559077262878418e+01 1.600000000000000000e+01 2.010000000000000000e+02
1.459199999999999520e+01 5.740559077262878418e+01 1.700000000000000000e+01 1.270000000000000000e+02
1.522599999999999554e+01 5.740559077262878418e+01 1.800000000000000000e+01 1.710000000000000000e+02
1.593099999999999561e+01 5.740559077262878418e+01 1.900000000000000000e+01 1.780000000000000000e+02
1.634299999999999642e+01 5.740559077262878418e+01 2.000000000000000000e+01 2.340000000000000000e+02
1.708000000000000185e+01 5.740559077262878418e+01 2.100000000000000000e+01 1.950000000000000000e+02
1.747800000000000153e+01 5.740559077262878418e+01 2.200000000000000000e+01 2.450000000000000000e+02
1.796300000000000097e+01 5.740559077262878418e+01 2.300000000000000000e+01 2.260000000000000000e+02
1.842700000000000315e+01 5.740559077262878418e+01 2.400000000000000000e+01 2.540000000000000000e+02
1.887599999999999767e+01 5.740559077262878418e+01 2.500000000000000000e+01 2.200000000000000000e+02
1.896499999999999631e+01 5.740559077262878418e+01 2.600000000000000000e+01 3.120000000000000000e+02
1.964699999999999491e+01 5.740559077262878418e+01 2.700000000000000000e+01 2.580000000000000000e+02
1.997299999999999542e+01 5.740559077262878418e+01 2.800000000000000000e+01 3.420000000000000000e+02
2.051500000000000412e+01 5.740559077262878418e+01 2.900000000000000000e+01 2.740000000000000000e+02
2.111000000000001364e+01 5.740559077262878418e+01 3.000000000000000000e+01 3.040000000000000000e+02
2.118400000000001526e+01 5.740559077262878418e+01 3.100000000000000000e+01 3.470000000000000000e+02
2.194100000000001671e+01 5.740559077262878418e+01 3.200000000000000000e+01 2.570000000000000000e+02
2.253700000000000969e+01 5.740559077262878418e+01 3.300000000000000000e+01 3.830000000000000000e+02
2.285800000000000765e+01 5.740559077262878418e+01 3.400000000000000000e+01 3.840000000000000000e+02
2.328500000000000369e+01 5.740559077262878418e+01 3.500000000000000000e+01 3.690000000000000000e+02
2.365099999999999980e+01 5.740559077262878418e+01 3.600000000000000000e+01 4.760000000000000000e+02
2.410200000000000387e+01 5.740559077262878418e+01 3.700000000000000000e+01 4.260000000000000000e+02
2.512400000000000233e+01 5.740559077262878418e+01 3.800000000000000000e+01 4.370000000000000000e+02
2.544400000000000261e+01 5.740559077262878418e+01 3.900000000000000000e+01 4.690000000000000000e+02
2.607599999999999341e+01 5.740559077262878418e+01 4.000000000000000000e+01 5.200000000000000000e+02
2.631199999999999051e+01 5.740559077262878418e+01 4.100000000000000000e+01 5.300000000000000000e+02
2.646599999999999397e+01 5.740559077262878418e+01 4.200000000000000000e+01 5.090000000000000000e+02
2.740700000000000003e+01 5.740559077262878418e+01 4.300000000000000000e+01 6.240000000000000000e+02
2.785200000000000387e+01 5.740559077262878418e+01 4.400000000000000000e+01 5.630000000000000000e+02
2.824100000000001032e+01 5.740559077262878418e+01 4.500000000000000000e+01 6.950000000000000000e+02
2.875000000000001776e+01 5.740559077262878418e+01 4.600000000000000000e+01 5.180000000000000000e+02
2.920500000000000540e+01 5.740559077262878418e+01 4.700000000000000000e+01 8.430000000000000000e+02
3.013700000000000756e+01 5.740559077262878418e+01 4.800000000000000000e+01 8.390000000000000000e+02
3.027000000000000313e+01 5.740559077262878418e+01 4.900000000000000000e+01 8.570000000000000000e+02
3.075699999999999790e+01 5.740559077262878418e+01 5.000000000000000000e+01 9.120000000000000000e+02
3.150500000000000966e+01 5.740559077262878418e+01 5.100000000000000000e+01 9.250000000000000000e+02
3.296600000000000819e+01 5.740559077262878418e+01 5.200000000000000000e+01 1.082000000000000000e+03
3.330600000000001870e+01 5.740559077262878418e+01 5.300000000000000000e+01 1.047000000000000000e+03
3.528699999999999903e+01 5.740559077262878418e+01 5.400000000000000000e+01 1.408000000000000000e+03
3.594100000000003803e+01 5.740559077262878418e+01 5.500000000000000000e+01 1.457000000000000000e+03
3.639500000000001023e+01 5.740559077262878418e+01 5.600000000000000000e+01 1.370000000000000000e+03
3.760400000000007736e+01 5.740559077262878418e+01 5.700000000000000000e+01 1.618000000000000000e+03
3.794000000000009720e+01 5.740559077262878418e+01 5.800000000000000000e+01 1.482000000000000000e+03
3.934400000000009356e+01 5.740559077262878418e+01 5.900000000000000000e+01 1.749000000000000000e+03
4.056100000000017047e+01 5.740559077262878418e+01 6.000000000000000000e+01 1.593000000000000000e+03
4.167800000000021043e+01 5.740559077262878418e+01 6.100000000000000000e+01 2.188000000000000000e+03
4.248000000000024556e+01 5.740559077262878418e+01 6.200000000000000000e+01 2.137000000000000000e+03
4.324100000000028388e+01 5.740559077262878418e+01 6.300000000000000000e+01 2.544000000000000000e+03
4.360500000000029530e+01 5.740559077262878418e+01 6.400000000000000000e+01 2.313000000000000000e+03
4.528400000000036840e+01 5.740559077262878418e+01 6.500000000000000000e+01 2.007000000000000000e+03
4.776400000000047896e+01 5.740559077262878418e+01 6.600000000000000000e+01 2.267000000000000000e+03
4.865700000000050807e+01 5.740559077262878418e+01 6.700000000000000000e+01 1.725000000000000000e+03
4.956200000000055184e+01 5.740559077262878418e+01 6.800000000000000000e+01 2.233000000000000000e+03
5.175500000000064205e+01 5.740559077262878418e+01 6.900000000000000000e+01 1.448000000000000000e+03
5.277600000000068547e+01 5.740559077262878418e+01 7.000000000000000000e+01 1.430000000000000000e+03
5.471100000000075170e+01 5.740559077262878418e+01 7.100000000000000000e+01 8.000000000000000000e+02
5.745900000000085583e+01 5.740559077262878418e+01 7.200000000000000000e+01 1.410000000000000000e+03
5.740559077262878418e+01 5.740559077262878418e+01 0.000000000000000000e+00 0.000000000000000000e+00
5.740559077262878418e+01 5.740559077262878418e+01 0.000000000000000000e+00 0.000000000000000000e+00
