3.834999999999999964e+00 5.428171658515930176e+01 0.000000000000000000e+00 5.000000000000000000e+00
4.435999999999999943e+00 5.428171658515930176e+01 1.000000000000000000e+00 8.000000000000000000e+00
6.211000000000000298e+00 5.428171658515930176e+01 2.000000000000000000e+00 1.300000000000000000e+01
6.975000000000000533e+00 5.428171658515930176e+01 3.000000000000000000e+00 1.200000000000000000e+01
8.459000000000001407e+00 5.428171658515930176e+01 4.000000000000000000e+00 3.600000000000000000e+01
9.368000000000000327e+00 5.428171658515930176e+01 5.000000000000000000e+00 3.200000000000000000e+01
1.042900000000000027e+01 5.428171658515930176e+01 6.000000000000000000e+00 4.200000000000000000e+01
1.081100000000000172e+01 5.428171658515930176e+01 7.000000000000000000e+00 3.900000000000000000e+01
1.140900000000000070e+01 5.428171658515930176e+01 8.000000000000000000e+00 4.600000000000000000e+01
1.179700000000000237e+01 5.428171658515930176e+01 9.000000000000000000e+00 3.500000000000000000e+01
1.179700000000000237e+01 5.428171658515930176e+01 1.000000000000000000e+01 6.700000000000000000e+01
1.197800000000000153e+01 5.428171658515930176e+01 1.100000000000000000e+01 3.000000000000000000e+00
1.214100000000000179e+01 5.428171658515930176e+01 1.200000000000000000e+01 6.000000000000000000e+01
1.292200000000000060e+01 5.428171658515930176e+01 1.300000000000000000e+01 4.600000000000000000e+01
1.332800000000000118e+01 5.428171658515930176e+01 1.400000000000000000e+01 3.700000000000000000e+01
1.454400000000000048e+01 5.428171658515930176e+01 1.500000000000000000e+01 3.800000000000000000e+01
1.464800000000000146e+01 5.428171658515930176e+01 1.600000000000000000e+01 9.700000000000000000e+01
1.567700000000000138e+01 5.428171658515930176e+01 1.700000000000000000e+01 5.900000000000000000e+01
1.596800000000000175e+01 5.428171658515930176e+01 1.800000000000000000e+01 5.800000000000000000e+01
1.610300000000000153e+01 5.428171658515930176e+01 1.900000000000000000e+01 5.900000000000000000e+01
1.661599999999999966e+01 5.428171658515930176e+01 2.000000000000000000e+01 1.050000000000000000e+02
1.678299999999999770e+01 5.428171658515930176e+01 2.100000000000000000e+01 8.700000000000000000e+01
1.758699999999999619e+01 5.428171658515930176e+01 2.200000000000000000e+01 1.100000000000000000e+02
1.770099999999999696e+01 5.428171658515930176e+01 2.300000000000000000e+01 9.800000000000000000e+01
1.785499999999999687e+01 5.428171658515930176e+01 2.400000000000000000e+01 1.530000000000000000e+02
1.804499999999999460e+01 5.428171658515930176e+01 2.500000000000000000e+01 1.230000000000000000e+02
1.876099999999999923e+01 5.428171658515930176e+01 2.600000000000000000e+01 1.420000000000000000e+02
1.925299999999999656e+01 5.428171658515930176e+01 2.700000000000000000e+01 1.800000000000000000e+02
1.955099999999999838e+01 5.428171658515930176e+01 2.800000000000000000e+01 1.190000000000000000e+02
1.982999999999999829e+01 5.428171658515930176e+01 2.900000000000000000e+01 1.840000000000000000e+02
2.015399999999999991e+01 5.428171658515930176e+01 3.000000000000000000e+01 1.870000000000000000e+02
2.095700000000000074e+01 5.428171658515930176e+01 3.100000000000000000e+01 2.230000000000000000e+02
2.135400000000000276e+01 5.428171658515930176e+01 3.200000000000000000e+01 1.970000000000000000e+02
2.154600000000000648e+01 5.428171658515930176e+01 3.300000000000000000e+01 2.210000000000000000e+02
2.181500000000000483e+01 5.428171658515930176e+01 3.400000000000000000e+01 2.070000000000000000e+02
2.245500000000001251e+01 5.428171658515930176e+01 3.500000000000000000e+01 2.830000000000000000e+02
2.276200000000001467e+01 5.428171658515930176e+01 3.600000000000000000e+01 2.230000000000000000e+02
2.358100000000002439e+01 5.428171658515930176e+01 3.700000000000000000e+01 2.700000000000000000e+02
2.332300000000002882e+01 5.428171658515930176e+01 3.800000000000000000e+01 3.110000000000000000e+02
2.418700000000002959e+01 5.428171658515930176e+01 3.900000000000000000e+01 2.890000000000000000e+02
2.501500000000000767e+01 5.428171658515930176e+01 4.000000000000000000e+01 3.710000000000000000e+02
2.551400000000000290e+01 5.428171658515930176e+01 4.100000000000000000e+01 3.320000000000000000e+02
2.556500000000000128e+01 5.428171658515930176e+01 4.200000000000000000e+01 4.050000000000000000e+02
2.621399999999999153e+01 5.428171658515930176e+01 4.300000000000000000e+01 4.470000000000000000e+02
2.643099999999999028e+01 5.428171658515930176e+01 4.400000000000000000e+01 3.230000000000000000e+02
2.694099999999998829e+01 5.428171658515930176e+01 4.500000000000000000e+01 3.760000000000000000e+02
2.757499999999999218e+01 5.428171658515930176e+01 4.600000000000000000e+01 4.640000000000000000e+02
2.821599999999999042e+01 5.428171658515930176e+01 4.700000000000000000e+01 4.970000000000000000e+02
2.847500000000000497e+01 5.428171658515930176e+01 4.800000000000000000e+01 5.130000000000000000e+02
2.889700000000000557e+01 5.428171658515930176e+01 4.900000000000000000e+01 4.600000000000000000e+02
2.971799999999999997e+01 5.428171658515930176e+01 5.000000000000000000e+01 4.740000000000000000e+02
3.043200000000001992e+01 5.428171658515930176e+01 5.100000000000000000e+01 6.270000000000000000e+02
3.207399999999999807e+01 5.428171658515930176e+01 5.200000000000000000e+01 7.470000000000000000e+02
3.267200000000003257e+01 5.428171658515930176e+01 5.300000000000000000e+01 6.340000000000000000e+02
3.326200000000005730e+01 5.428171658515930176e+01 5.400000000000000000e+01 8.140000000000000000e+02
3.411500000000006594e+01 5.428171658515930176e+01 5.500000000000000000e+01 7.390000000000000000e+02
3.489500000000012392e+01 5.428171658515930176e+01 5.600000000000000000e+01 9.210000000000000000e+02
3.539600000000009317e+01 5.428171658515930176e+01 5.700000000000000000e+01 1.084000000000000000e+03
3.580700000000013716e+01 5.428171658515930176e+01 5.800000000000000000e+01 9.520000000000000000e+02
3.711400000000007537e+01 5.428171658515930176e+01 5.900000000000000000e+01 1.100000000000000000e+03
3.829600000000017701e+01 5.428171658515930176e+01 6.000000000000000000e+01 8.310000000000000000e+02
3.953400000000024050e+01 5.428171658515930176e+01 6.100000000000000000e+01 1.306000000000000000e+03
4.020700000000027785e+01 5.428171658515930176e+01 6.200000000000000000e+01 1.188000000000000000e+03
4.122300000000033293e+01 5.428171658515930176e+01 6.300000000000000000e+01 1.692000000000000000e+03
4.159300000000035880e+01 5.428171658515930176e+01 6.400000000000000000e+01 1.405000000000000000e+03
4.219900000000039597e+01 5.428171658515930176e+01 6.500000000000000000e+01 1.299000000000000000e+03
4.324000000000044253e+01 5.428171658515930176e+01 6.600000000000000000e+01 1.950000000000000000e+03
4.433100000000047913e+01 5.428171658515930176e+01 6.700000000000000000e+01 8.170000000000000000e+02
4.662100000000057065e+01 5.428171658515930176e+01 6.800000000000000000e+01 1.569000000000000000e+03
4.766500000000061021e+01 5.428171658515930176e+01 6.900000000000000000e+01 1.161000000000000000e+03
4.885600000000066245e+01 5.428171658515930176e+01 7.000000000000000000e+01 1.069000000000000000e+03
5.295000000000081997e+01 5.428171658515930176e+01 7.100000000000000000e+01 2.282000000000000000e+03
5.419600000000086482e+01 5.428171658515930176e+01 7.200000000000000000e+01 1.112000000000000000e+03
5.428171658515930176e+01 5.428171658515930176e+01 0.000000000000000000e+00 0.000000000000000000e+00
5.428171658515930176e+01 5.428171658515930176e+01 0.000000000000000000e+00 0.000000000000000000e+00
4.355999999999998984e+00 5.143235731124877930e+01 0.000000000000000000e+00 1.000000000000000000e+00
4.957999999999998408e+00 5.143235731124877930e+01 1.000000000000000000e+00 6.000000000000000000e+00
6.920999999999998487e+00 5.143235731124877930e+01 2.000000000000000000e+00 1.100000000000000000e+01
8.618999999999999773e+00 5.143235731124877930e+01 3.000000000000000000e+00 2.000000000000000000e+01
1.009699999999999598e+01 5.143235731124877930e+01 4.000000000000000000e+00 2.300000000000000000e+01
1.064099999999999646e+01 5.143235731124877930e+01 5.000000000000000000e+00 3.100000000000000000e+01
1.133599999999999675e+01 5.143235731124877930e+01 6.000000000000000000e+00 2.900000000000000000e+01
1.169899999999999807e+01 5.143235731124877930e+01 7.000000000000000000e+00 3.000000000000000000e+01
1.203599999999999781e+01 5.143235731124877930e+01 8.000000000000000000e+00 3.100000000000000000e+01
1.269200000000000017e+01 5.143235731124877930e+01 9.000000000000000000e+00 2.900000000000000000e+01
1.300999999999999979e+01 5.143235731124877930e+01 1.000000000000000000e+01 4.200000000000000000e+01
1.378200000000000003e+01 5.143235731124877930e+01 1.100000000000000000e+01 5.800000000000000000e+01
1.423600000000000065e+01 5.143235731124877930e+01 1.200000000000000000e+01 6.800000000000000000e+01
1.511200000000000188e+01 5.143235731124877930e+01 1.300000000000000000e+01 6.900000000000000000e+01
1.540000000000000213e+01 5.143235731124877930e+01 1.400000000000000000e+01 7.500000000000000000e+01
1.568100000000000271e+01 5.143235731124877930e+01 1.500000000000000000e+01 7.500000000000000000e+01
1.635000000000000142e+01 5.143235731124877930e+01 1.600000000000000000e+01 1.100000000000000000e+02
1.625700000000000145e+01 5.143235731124877930e+01 1.700000000000000000e+01 9.200000000000000000e+01
1.699500000000000455e+01 5.143235731124877930e+01 1.800000000000000000e+01 1.030000000000000000e+02
1.748800000000000310e+01 5.143235731124877930e+01 1.900000000000000000e+01 8.700000000000000000e+01
1.784900000000000375e+01 5.143235731124877930e+01 2.000000000000000000e+01 8.800000000000000000e+01
1.854599999999999937e+01 5.143235731124877930e+01 2.100000000000000000e+01 8.300000000000000000e+01
1.889399999999999835e+01 5.143235731124877930e+01 2.200000000000000000e+01 1.280000000000000000e+02
1.875599999999999667e+01 5.143235731124877930e+01 2.300000000000000000e+01 1.600000000000000000e+02
1.936299999999999599e+01 5.143235731124877930e+01 2.400000000000000000e+01 1.450000000000000000e+02
1.963399999999999679e+01 5.143235731124877930e+01 2.500000000000000000e+01 1.180000000000000000e+02
2.022499999999999432e+01 5.143235731124877930e+01 2.600000000000000000e+01 2.120000000000000000e+02
2.070099999999999341e+01 5.143235731124877930e+01 2.700000000000000000e+01 1.340000000000000000e+02
2.114999999999999147e+01 5.143235731124877930e+01 2.800000000000000000e+01 2.040000000000000000e+02
2.178599999999999781e+01 5.143235731124877930e+01 2.900000000000000000e+01 1.810000000000000000e+02
2.202500000000000213e+01 5.143235731124877930e+01 3.000000000000000000e+01 1.960000000000000000e+02
2.312600000000000477e+01 5.143235731124877930e+01 3.100000000000000000e+01 2.530000000000000000e+02
2.344600000000000151e+01 5.143235731124877930e+01 3.200000000000000000e+01 2.520000000000000000e+02
2.367400000000000659e+01 5.143235731124877930e+01 3.300000000000000000e+01 2.770000000000000000e+02
2.419800000000000750e+01 5.143235731124877930e+01 3.400000000000000000e+01 2.600000000000000000e+02
2.426500000000000767e+01 5.143235731124877930e+01 3.500000000000000000e+01 3.030000000000000000e+02
2.495600000000001373e+01 5.143235731124877930e+01 3.600000000000000000e+01 3.450000000000000000e+02
2.530900000000001882e+01 5.143235731124877930e+01 3.700000000000000000e+01 3.230000000000000000e+02
2.572900000000002052e+01 5.143235731124877930e+01 3.800000000000000000e+01 3.080000000000000000e+02
2.621300000000001162e+01 5.143235731124877930e+01 3.900000000000000000e+01 3.190000000000000000e+02
2.679400000000001114e+01 5.143235731124877930e+01 4.000000000000000000e+01 4.060000000000000000e+02
2.705200000000000671e+01 5.143235731124877930e+01 4.100000000000000000e+01 4.220000000000000000e+02
2.742500000000000426e+01 5.143235731124877930e+01 4.200000000000000000e+01 4.260000000000000000e+02
2.831600000000000605e+01 5.143235731124877930e+01 4.300000000000000000e+01 3.400000000000000000e+02
2.843800000000000239e+01 5.143235731124877930e+01 4.400000000000000000e+01 4.530000000000000000e+02
2.880000000000001137e+01 5.143235731124877930e+01 4.500000000000000000e+01 5.020000000000000000e+02
2.948900000000001498e+01 5.143235731124877930e+01 4.600000000000000000e+01 4.230000000000000000e+02
2.994900000000001938e+01 5.143235731124877930e+01 4.700000000000000000e+01 4.510000000000000000e+02
3.045100000000002538e+01 5.143235731124877930e+01 4.800000000000000000e+01 5.690000000000000000e+02
3.081400000000002848e+01 5.143235731124877930e+01 4.900000000000000000e+01 5.110000000000000000e+02
3.155400000000001981e+01 5.143235731124877930e+01 5.000000000000000000e+01 7.120000000000000000e+02
3.243900000000001427e+01 5.143235731124877930e+01 5.100000000000000000e+01 6.490000000000000000e+02
3.262300000000001177e+01 5.143235731124877930e+01 5.200000000000000000e+01 6.830000000000000000e+02
3.325600000000008549e+01 5.143235731124877930e+01 5.300000000000000000e+01 6.910000000000000000e+02
3.436000000000009180e+01 5.143235731124877930e+01 5.400000000000000000e+01 6.630000000000000000e+02
3.530700000000010874e+01 5.143235731124877930e+01 5.500000000000000000e+01 7.750000000000000000e+02
3.582600000000013551e+01 5.143235731124877930e+01 5.600000000000000000e+01 5.970000000000000000e+02
3.584300000000015274e+01 5.143235731124877930e+01 5.700000000000000000e+01 1.043000000000000000e+03
3.635100000000018383e+01 5.143235731124877930e+01 5.800000000000000000e+01 7.730000000000000000e+02
3.768500000000013017e+01 5.143235731124877930e+01 5.900000000000000000e+01 9.190000000000000000e+02
3.886600000000029809e+01 5.143235731124877930e+01 6.000000000000000000e+01 1.029000000000000000e+03
3.945900000000025898e+01 5.143235731124877930e+01 6.100000000000000000e+01 1.181000000000000000e+03
4.003600000000031400e+01 5.143235731124877930e+01 6.200000000000000000e+01 1.008000000000000000e+03
4.180400000000038574e+01 5.143235731124877930e+01 6.300000000000000000e+01 1.501000000000000000e+03
4.226700000000040802e+01 5.143235731124877930e+01 6.400000000000000000e+01 1.602000000000000000e+03
4.278200000000042991e+01 5.143235731124877930e+01 6.500000000000000000e+01 1.187000000000000000e+03
4.354900000000045424e+01 5.143235731124877930e+01 6.600000000000000000e+01 1.499000000000000000e+03
4.498600000000050159e+01 5.143235731124877930e+01 6.700000000000000000e+01 1.016000000000000000e+03
4.629100000000055104e+01 5.143235731124877930e+01 6.800000000000000000e+01 1.011000000000000000e+03
4.735700000000059617e+01 5.143235731124877930e+01 6.900000000000000000e+01 1.158000000000000000e+03
4.890100000000064995e+01 5.143235731124877930e+01 7.000000000000000000e+01 9.180000000000000000e+02
5.030600000000070082e+01 5.143235731124877930e+01 7.100000000000000000e+01 7.170000000000000000e+02
5.149700000000074596e+01 5.143235731124877930e+01 7.200000000000000000e+01 1.233000000000000000e+03
5.143235731124877930e+01 5.143235731124877930e+01 0.000000000000000000e+00 0.000000000000000000e+00
5.143235731124877930e+01 5.143235731124877930e+01 0.000000000000000000e+00 0.000000000000000000e+00
0.000000000000000000e+00 0.000000000000000000e+00 0.000000000000000000e+00 0.000000000000000000e+00
0.000000000000000000e+00 0.000000000000000000e+00 0.000000000000000000e+00 0.000000000000000000e+00
0.000000000000000000e+00 0.000000000000000000e+00 0.000000000000000000e+00 0.000000000000000000e+00
0.000000000000000000e+00 0.000000000000000000e+00 0.000000000000000000e+00 0.000000000000000000e+00
0.000000000000000000e+00 0.000000000000000000e+00 0.000000000000000000e+00 0.000000000000000000e+00
0.000000000000000000e+00 0.000000000000000000e+00 0.000000000000000000e+00 0.000000000000000000e+00
0.000000000000000000e+00 0.000000000000000000e+00 0.000000000000000000e+00 0.000000000000000000e+00
0.000000000000000000e+00 0.000000000000000000e+00 0.000000000000000000e+00 0.000000000000000000e+00
0.000000000000000000e+00 0.000000000000000000e+00 0.000000000000000000e+00 0.000000000000000000e+00
0.000000000000000000e+00 0.000000000000000000e+00 0.000000000000000000e+00 0.000000000000000000e+00
0.000000000000000000e+00 0.000000000000000000e+00 0.000000000000000000e+00 0.000000000000000000e+00
0.000000000000000000e+00 0.000000000000000000e+00 0.000000000000000000e+00 0.000000000000000000e+00
0.000000000000000000e+00 0.000000000000000000e+00 0.000000000000000000e+00 0.000000000000000000e+00
0.000000000000000000e+00 0.000000000000000000e+00 0.000000000000000000e+00 0.000000000000000000e+00
0.000000000000000000e+00 0.000000000000000000e+00 0.000000000000000000e+00 0.000000000000000000e+00
0.000000000000000000e+00 0.000000000000000000e+00 0.000000000000000000e+00 0.000000000000000000e+00
0.000000000000000000e+00 0.000000000000000000e+00 0.000000000000000000e+00 0.000000000000000000e+00
0.000000000000000000e+00 0.000000000000000000e+00 0.000000000000000000e+00 0.000000000000000000e+00
0.000000000000000000e+00 0.000000000000000000e+00 0.000000000000000000e+00 0.000000000000000000e+00
0.000000000000000000e+00 0.000000000000000000e+00 0.000000000000000000e+00 0.000000000000000000e+00
0.000000000000000000e+00 0.000000000000000000e+00 0.000000000000000000e+00 0.000000000000000000e+00
0.000000000000000000e+00 0.000000000000000000e+00 0.000000000000000000e+00 0.000000000000000000e+00
0.000000000000000000e+00 0.000000000000000000e+00 0.000000000000000000e+00 0.000000000000000000e+00
0.000000000000000000e+00 0.000000000000000000e+00 0.000000000000000000e+00 0.000000000000000000e+00
0.000000000000000000e+00 0.000000000000000000e+00 0.000000000000000000e+00 0.000000000000000000e+00
0.000000000000000000e+00 0.000000000000000000e+00 0.000000000000000000e+00 0.000000000000000000e+00
0.000000000000000000e+00 0.000000000000000000e+00 0.000000000000000000e+00 0.000000000000000000e+00
0.000000000000000000e+00 0.000000000000000000e+00 0.000000000000000000e+00 0.000000000000000000e+00
0.000000000000000000e+00 0.000000000000000000e+00 0.000000000000000000e+00 0.000000000000000000e+00
0.000000000000000000e+00 0.000000000000000000e+00 0.000000000000000000e+00 0.000000000000000000e+00
0.000000000000000000e+00 0.000000000000000000e+00 0.000000000000000000e+00 0.000000000000000000e+00
0.000000000000000000e+00 0.000000000000000000e+00 0.000000000000000000e+00 0.000000000000000000e+00
0.000000000000000000e+00 0.000000000000000000e+00 0.000000000000000000e+00 0.000000000000000000e+00
0.000000000000000000e+00 0.000000000000000000e+00 0.000000000000000000e+00 0.000000000000000000e+00
0.000000000000000000e+00 0.000000000000000000e+00 0.000000000000000000e+00 0.000000000000000000e+00
0.000000000000000000e+00 0.000000000000000000e+00 0.000000000000000000e+00 0.000000000000000000e+00
0.000000000000000000e+00 0.000000000000000000e+00 0.000000000000000000e+00 0.000000000000000000e+00
0.000000000000000000e+00 0.000000000000000000e+00 0.000000000000000000e+00 0.000000000000000000e+00
0.000000000000000000e+00 0.000000000000000000e+00 0.000000000000000000e+00 0.000000000000000000e+00
0.000000000000000000e+00 0.000000000000000000e+00 0.000000000000000000e+00 0.000000000000000000e+00
0.000000000000000000e+00 0.000000000000000000e+00 0.000000000000000000e+00 0.000000000000000000e+00
0.000000000000000000e+00 0.000000000000000000e+00 0.000000000000000000e+00 0.000000000000000000e+00
0.000000000000000000e+00 0.000000000000000000e+00 0.000000000000000000e+00 0.000000000000000000e+00
0.000000000000000000e+00 0.000000000000000000e+00 0.000000000000000000e+00 0.000000000000000000e+00
0.000000000000000000e+00 0.000000000000000000e+00 0.000000000000000000e+00 0.000000000000000000e+00
0.000000000000000000e+00 0.000000000000000000e+00 0.000000000000000000e+00 0.000000000000000000e+00
0.000000000000000000e+00 0.000000000000000000e+00 0.000000000000000000e+00 0.000000000000000000e+00
0.000000000000000000e+00 0.000000000000000000e+00 0.000000000000000000e+00 0.000000000000000000e+00
0.000000000000000000e+00 0.000000000000000000e+00 0.000000000000000000e+00 0.000000000000000000e+00
0.000000000000000000e+00 0.000000000000000000e+00 0.000000000000000000e+00 0.000000000000000000e+00
0.000000000000000000e+00 0.000000000000000000e+00 0.000000000000000000e+00 0.000000000000000000e+00
0.000000000000000000e+00 0.000000000000000000e+00 0.000000000000000000e+00 0.000000000000000000e+00
0.000000000000000000e+00 0.000000000000000000e+00 0.000000000000000000e+00 0.000000000000000000e+00
0.000000000000000000e+00 0.000000000000000000e+00 0.000000000000000000e+00 0.000000000000000000e+00
0.000000000000000000e+00 0.000000000000000000e+00 0.000000000000000000e+00 0.000000000000000000e+00
0.000000000000000000e+00 0.000000000000000000e+00 0.000000000000000000e+00 0.000000000000000000e+00
0.000000000000000000e+00 0.000000000000000000e+00 0.000000000000000000e+00 0.000000000000000000e+00
0.000000000000000000e+00 0.000000000000000000e+00 0.000000000000000000e+00 0.000000000000000000e+00
0.000000000000000000e+00 0.000000000000000000e+00 0.000000000000000000e+00 0.000000000000000000e+00
0.000000000000000000e+00 0.000000000000000000e+00 0.000000000000000000e+00 0.000000000000000000e+00
0.000000000000000000e+00 0.000000000000000000e+00 0.000000000000000000e+00 0.000000000000000000e+00
0.000000000000000000e+00 0.000000000000000000e+00 0.000000000000000000e+00 0.000000000000000000e+00
0.000000000000000000e+00 0.000000000000000000e+00 0.000000000000000000e+00 0.000000000000000000e+00
0.000000000000000000e+00 0.000000000000000000e+00 0.000000000000000000e+00 0.000000000000000000e+00
0.000000000000000000e+00 0.000000000000000000e+00 0.000000000000000000e+00 0.000000000000000000e+00
0.000000000000000000e+00 0.000000000000000000e+00 0.000000000000000000e+00 0.000000000000000000e+00
0.000000000000000000e+00 0.000000000000000000e+00 0.000000000000000000e+00 0.000000000000000000e+00
0.000000000000000000e+00 0.000000000000000000e+00 0.000000000000000000e+00 0.000000000000000000e+00
0.000000000000000000e+00 0.000000000000000000e+00 0.000000000000000000e+00 0.000000000000000000e+00
0.000000000000000000e+00 0.000000000000000000e+00 0.000000000000000000e+00 0.000000000000000000e+00
0.000000000000000000e+00 0.000000000000000000e+00 0.000000000000000000e+00 0.000000000000000000e+00
0.000000000000000000e+00 0.000000000000000000e+00 0.000000000000000000e+00 0.000000000000000000e+00
0.000000000000000000e+00 0.000000000000000000e+00 0.000000000000000000e+00 0.000000000000000000e+00
0.000000000000000000e+00 0.000000000000000000e+00 0.000000000000000000e+00 0.000000000000000000e+00
0.000000000000000000e+00 0.000000000000000000e+00 0.000000000000000000e+00 0.000000000000000000e+00
3.955999999999999517e+00 5.232639145851135254e+01 0.000000000000000000e+00 8.000000000000000000e+00
5.352000000000000313e+00 5.232639145851135254e+01 1.000000000000000000e+00 1.700000000000000000e+01
5.743000000000000327e+00 5.232639145851135254e+01 2.000000000000000000e+00 9.000000000000000000e+00
6.691000000000000725e+00 5.232639145851135254e+01 3.000000000000000000e+00 2.300000000000000000e+01
7.434000000000000163e+00 5.232639145851135254e+01 4.000000000000000000e+00 1.300000000000000000e+01
7.798000000000000043e+00 5.232639145851135254e+01 5.000000000000000000e+00 1.500000000000000000e+01
8.310000000000002274e+00 5.232639145851135254e+01 6.000000000000000000e+00 3.200000000000000000e+01
9.015000000000000568e+00 5.232639145851135254e+01 7.000000000000000000e+00 3.100000000000000000e+01
9.353000000000001535e+00 5.232639145851135254e+01 8.000000000000000000e+00 4.800000000000000000e+01
9.839999999999999858e+00 5.232639145851135254e+01 9.000000000000000000e+00 3.000000000000000000e+01
1.047700000000000031e+01 5.232639145851135254e+01 1.000000000000000000e+01 3.400000000000000000e+01
1.125099999999999945e+01 5.232639145851135254e+01 1.100000000000000000e+01 4.600000000000000000e+01
1.215600000000000058e+01 5.232639145851135254e+01 1.200000000000000000e+01 3.200000000000000000e+01
1.269500000000000206e+01 5.232639145851135254e+01 1.300000000000000000e+01 5.600000000000000000e+01
1.288800000000000168e+01 5.232639145851135254e+01 1.400000000000000000e+01 7.300000000000000000e+01
1.330900000000000283e+01 5.232639145851135254e+01 1.500000000000000000e+01 5.300000000000000000e+01
1.411400000000000077e+01 5.232639145851135254e+01 1.600000000000000000e+01 8.600000000000000000e+01
1.437700000000000067e+01 5.232639145851135254e+01 1.700000000000000000e+01 6.100000000000000000e+01
1.488600000000000101e+01 5.232639145851135254e+01 1.800000000000000000e+01 1.100000000000000000e+02
1.525699999999999967e+01 5.232639145851135254e+01 1.900000000000000000e+01 8.500000000000000000e+01
1.568799999999999706e+01 5.232639145851135254e+01 2.000000000000000000e+01 1.150000000000000000e+02
1.597599999999999731e+01 5.232639145851135254e+01 2.100000000000000000e+01 9.000000000000000000e+01
1.676099999999998857e+01 5.232639145851135254e+01 2.200000000000000000e+01 1.220000000000000000e+02
1.730599999999999383e+01 5.232639145851135254e+01 2.300000000000000000e+01 1.010000000000000000e+02
1.730599999999999383e+01 5.232639145851135254e+01 2.400000000000000000e+01 9.400000000000000000e+01
1.792699999999999250e+01 5.232639145851135254e+01 2.500000000000000000e+01 1.600000000000000000e+02
1.842699999999999605e+01 5.232639145851135254e+01 2.600000000000000000e+01 1.370000000000000000e+02
1.852499999999999503e+01 5.232639145851135254e+01 2.700000000000000000e+01 1.620000000000000000e+02
1.899099999999999611e+01 5.232639145851135254e+01 2.800000000000000000e+01 1.070000000000000000e+02
1.921799999999999997e+01 5.232639145851135254e+01 2.900000000000000000e+01 1.800000000000000000e+02
1.969999999999999218e+01 5.232639145851135254e+01 3.000000000000000000e+01 1.620000000000000000e+02
2.026699999999998525e+01 5.232639145851135254e+01 3.100000000000000000e+01 1.630000000000000000e+02
2.036599999999998190e+01 5.232639145851135254e+01 3.200000000000000000e+01 1.680000000000000000e+02
2.098799999999998889e+01 5.232639145851135254e+01 3.300000000000000000e+01 1.640000000000000000e+02
2.150899999999999324e+01 5.232639145851135254e+01 3.400000000000000000e+01 1.900000000000000000e+02
2.193800000000000239e+01 5.232639145851135254e+01 3.500000000000000000e+01 2.180000000000000000e+02
2.214500000000000668e+01 5.232639145851135254e+01 3.600000000000000000e+01 2.530000000000000000e+02
2.258500000000001151e+01 5.232639145851135254e+01 3.700000000000000000e+01 2.520000000000000000e+02
2.321800000000000708e+01 5.232639145851135254e+01 3.800000000000000000e+01 2.620000000000000000e+02
2.359100000000000108e+01 5.232639145851135254e+01 3.900000000000000000e+01 2.500000000000000000e+02
2.414799999999999613e+01 5.232639145851135254e+01 4.000000000000000000e+01 2.650000000000000000e+02
2.472499999999999432e+01 5.232639145851135254e+01 4.100000000000000000e+01 3.430000000000000000e+02
2.532899999999999707e+01 5.232639145851135254e+01 4.200000000000000000e+01 3.470000000000000000e+02
2.523400000000000176e+01 5.232639145851135254e+01 4.300000000000000000e+01 3.550000000000000000e+02
2.583899999999999508e+01 5.232639145851135254e+01 4.400000000000000000e+01 3.930000000000000000e+02
2.625699999999999790e+01 5.232639145851135254e+01 4.500000000000000000e+01 3.750000000000000000e+02
2.691799999999998860e+01 5.232639145851135254e+01 4.600000000000000000e+01 4.210000000000000000e+02
2.747999999999998977e+01 5.232639145851135254e+01 4.700000000000000000e+01 4.010000000000000000e+02
2.817400000000001725e+01 5.232639145851135254e+01 4.800000000000000000e+01 4.400000000000000000e+02
2.859300000000000708e+01 5.232639145851135254e+01 4.900000000000000000e+01 6.070000000000000000e+02
2.907000000000000739e+01 5.232639145851135254e+01 5.000000000000000000e+01 4.460000000000000000e+02
2.912800000000001077e+01 5.232639145851135254e+01 5.100000000000000000e+01 5.100000000000000000e+02
2.987600000000000122e+01 5.232639145851135254e+01 5.200000000000000000e+01 4.110000000000000000e+02
3.058299999999998775e+01 5.232639145851135254e+01 5.300000000000000000e+01 4.930000000000000000e+02
3.096800000000000708e+01 5.232639145851135254e+01 5.400000000000000000e+01 5.740000000000000000e+02
3.221699999999997033e+01 5.232639145851135254e+01 5.500000000000000000e+01 7.270000000000000000e+02
3.302200000000002689e+01 5.232639145851135254e+01 5.600000000000000000e+01 5.810000000000000000e+02
3.390399999999998926e+01 5.232639145851135254e+01 5.700000000000000000e+01 9.110000000000000000e+02
3.451700000000005986e+01 5.232639145851135254e+01 5.800000000000000000e+01 8.180000000000000000e+02
3.476700000000003854e+01 5.232639145851135254e+01 5.900000000000000000e+01 9.650000000000000000e+02
3.571500000000012420e+01 5.232639145851135254e+01 6.000000000000000000e+01 1.291000000000000000e+03
3.629100000000011050e+01 5.232639145851135254e+01 6.100000000000000000e+01 1.134000000000000000e+03
3.647900000000012710e+01 5.232639145851135254e+01 6.200000000000000000e+01 1.370000000000000000e+03
3.753200000000017411e+01 5.232639145851135254e+01 6.300000000000000000e+01 1.149000000000000000e+03
3.868200000000022953e+01 5.232639145851135254e+01 6.400000000000000000e+01 1.463000000000000000e+03
3.892400000000024107e+01 5.232639145851135254e+01 6.500000000000000000e+01 1.083000000000000000e+03
3.997300000000028319e+01 5.232639145851135254e+01 6.600000000000000000e+01 1.284000000000000000e+03
4.126000000000033197e+01 5.232639145851135254e+01 6.700000000000000000e+01 8.040000000000000000e+02
4.366000000000041581e+01 5.232639145851135254e+01 6.800000000000000000e+01 1.171000000000000000e+03
4.571400000000048891e+01 5.232639145851135254e+01 6.900000000000000000e+01 1.414000000000000000e+03
4.728700000000056036e+01 5.232639145851135254e+01 7.000000000000000000e+01 9.570000000000000000e+02
4.896000000000061902e+01 5.232639145851135254e+01 7.100000000000000000e+01 8.160000000000000000e+02
5.188000000000072731e+01 5.232639145851135254e+01 7.200000000000000000e+01 8.410000000000000000e+02
5.232639145851135254e+01 5.232639145851135254e+01 0.000000000000000000e+00 0.000000000000000000e+00
5.232639145851135254e+01 5.232639145851135254e+01 0.000000000000000000e+00 0.000000000000000000e+00
3.780000000000000249e+00 5.256074285507202148e+01 0.000000000000000000e+00 0.000000000000000000e+00
4.973000000000000753e+00 5.256074285507202148e+01 1.000000000000000000e+00 5.000000000000000000e+00
5.753000000000001890e+00 5.256074285507202148e+01 2.000000000000000000e+00 1.200000000000000000e+01
6.896000000000001684e+00 5.256074285507202148e+01 3.000000000000000000e+00 1.200000000000000000e+01
8.007000000000001450e+00 5.256074285507202148e+01 4.000000000000000000e+00 1.700000000000000000e+01
8.191000000000000725e+00 5.256074285507202148e+01 5.000000000000000000e+00 3.300000000000000000e+01
8.175000000000000711e+00 5.256074285507202148e+01 6.000000000000000000e+00 2.100000000000000000e+01
9.060999999999999943e+00 5.256074285507202148e+01 7.000000000000000000e+00 3.200000000000000000e+01
9.896999999999998465e+00 5.256074285507202148e+01 8.000000000000000000e+00 2.500000000000000000e+01
1.054799999999999827e+01 5.256074285507202148e+01 9.000000000000000000e+00 3.700000000000000000e+01
1.086799999999999855e+01 5.256074285507202148e+01 1.000000000000000000e+01 3.600000000000000000e+01
1.070599999999999774e+01 5.256074285507202148e+01 1.100000000000000000e+01 5.800000000000000000e+01
1.177499999999999680e+01 5.256074285507202148e+01 1.200000000000000000e+01 2.500000000000000000e+01
1.192299999999999649e+01 5.256074285507202148e+01 1.300000000000000000e+01 3.800000000000000000e+01
1.277499999999999503e+01 5.256074285507202148e+01 1.400000000000000000e+01 5.800000000000000000e+01
1.275199999999999534e+01 5.256074285507202148e+01 1.500000000000000000e+01 4.000000000000000000e+01
1.340399999999999636e+01 5.256074285507202148e+01 1.600000000000000000e+01 7.200000000000000000e+01
1.411199999999999299e+01 5.256074285507202148e+01 1.700000000000000000e+01 5.500000000000000000e+01
1.433599999999999497e+01 5.256074285507202148e+01 1.800000000000000000e+01 6.900000000000000000e+01
1.486499999999999311e+01 5.256074285507202148e+01 1.900000000000000000e+01 9.400000000000000000e+01
1.570299999999999052e+01 5.256074285507202148e+01 2.000000000000000000e+01 9.000000000000000000e+01
1.605199999999999250e+01 5.256074285507202148e+01 2.100000000000000000e+01 1.130000000000000000e+02
1.650199999999999179e+01 5.256074285507202148e+01 2.200000000000000000e+01 1.120000000000000000e+02
1.672199999999999065e+01 5.256074285507202148e+01 2.300000000000000000e+01 1.090000000000000000e+02
1.714499999999999247e+01 5.256074285507202148e+01 2.400000000000000000e+01 1.080000000000000000e+02
1.734999999999999076e+01 5.256074285507202148e+01 2.500000000000000000e+01 1.320000000000000000e+02
1.774399999999998911e+01 5.256074285507202148e+01 2.600000000000000000e+01 1.550000000000000000e+02
1.812499999999998934e+01 5.256074285507202148e+01 2.700000000000000000e+01 1.050000000000000000e+02
1.831199999999999051e+01 5.256074285507202148e+01 2.800000000000000000e+01 1.520000000000000000e+02
1.875599999999999312e+01 5.256074285507202148e+01 2.900000000000000000e+01 1.900000000000000000e+02
1.916799999999999571e+01 5.256074285507202148e+01 3.000000000000000000e+01 1.480000000000000000e+02
1.984699999999999420e+01 5.256074285507202148e+01 3.100000000000000000e+01 1.460000000000000000e+02
2.082699999999998752e+01 5.256074285507202148e+01 3.200000000000000000e+01 2.370000000000000000e+02
2.150899999999999324e+01 5.256074285507202148e+01 3.300000000000000000e+01 2.180000000000000000e+02
2.194699999999999562e+01 5.256074285507202148e+01 3.400000000000000000e+01 1.890000000000000000e+02
2.258500000000000085e+01 5.256074285507202148e+01 3.500000000000000000e+01 2.640000000000000000e+02
2.346500000000001052e+01 5.256074285507202148e+01 3.600000000000000000e+01 3.400000000000000000e+02
2.414800000000002100e+01 5.256074285507202148e+01 3.700000000000000000e+01 3.340000000000000000e+02
2.481400000000002493e+01 5.256074285507202148e+01 3.800000000000000000e+01 2.730000000000000000e+02
2.494200000000002149e+01 5.256074285507202148e+01 3.900000000000000000e+01 4.610000000000000000e+02
2.560000000000001563e+01 5.256074285507202148e+01 4.000000000000000000e+01 3.690000000000000000e+02
2.619100000000000605e+01 5.256074285507202148e+01 4.100000000000000000e+01 4.270000000000000000e+02
2.638800000000000523e+01 5.256074285507202148e+01 4.200000000000000000e+01 2.890000000000000000e+02
2.644200000000000017e+01 5.256074285507202148e+01 4.300000000000000000e+01 4.720000000000000000e+02
2.713700000000000045e+01 5.256074285507202148e+01 4.400000000000000000e+01 5.360000000000000000e+02
2.783500000000000441e+01 5.256074285507202148e+01 4.500000000000000000e+01 4.490000000000000000e+02
2.839400000000000546e+01 5.256074285507202148e+01 4.600000000000000000e+01 4.870000000000000000e+02
2.892400000000000659e+01 5.256074285507202148e+01 4.700000000000000000e+01 3.920000000000000000e+02
2.941900000000001825e+01 5.256074285507202148e+01 4.800000000000000000e+01 5.950000000000000000e+02
2.959100000000001884e+01 5.256074285507202148e+01 4.900000000000000000e+01 7.850000000000000000e+02
3.066000000000000725e+01 5.256074285507202148e+01 5.000000000000000000e+01 5.640000000000000000e+02
3.098800000000001376e+01 5.256074285507202148e+01 5.100000000000000000e+01 6.490000000000000000e+02
3.128200000000001069e+01 5.256074285507202148e+01 5.200000000000000000e+01 7.060000000000000000e+02
3.190400000000000347e+01 5.256074285507202148e+01 5.300000000000000000e+01 8.580000000000000000e+02
3.289900000000004354e+01 5.256074285507202148e+01 5.400000000000000000e+01 7.030000000000000000e+02
3.278800000000003934e+01 5.256074285507202148e+01 5.500000000000000000e+01 5.660000000000000000e+02
3.350900000000011403e+01 5.256074285507202148e+01 5.600000000000000000e+01 8.450000000000000000e+02
3.463200000000008316e+01 5.256074285507202148e+01 5.700000000000000000e+01 6.570000000000000000e+02
3.551700000000016644e+01 5.256074285507202148e+01 5.800000000000000000e+01 8.770000000000000000e+02
3.591300000000014592e+01 5.256074285507202148e+01 5.900000000000000000e+01 1.150000000000000000e+03
3.795000000000038654e+01 5.256074285507202148e+01 6.000000000000000000e+01 1.017000000000000000e+03
3.866100000000033532e+01 5.256074285507202148e+01 6.100000000000000000e+01 1.081000000000000000e+03
3.942400000000041160e+01 5.256074285507202148e+01 6.200000000000000000e+01 1.057000000000000000e+03
4.019300000000043838e+01 5.256074285507202148e+01 6.300000000000000000e+01 1.213000000000000000e+03
4.098000000000049425e+01 5.256074285507202148e+01 6.400000000000000000e+01 1.920000000000000000e+03
4.225300000000054013e+01 5.256074285507202148e+01 6.500000000000000000e+01 1.585000000000000000e+03
4.400100000000059453e+01 5.256074285507202148e+01 6.600000000000000000e+01 1.606000000000000000e+03
4.491500000000063153e+01 5.256074285507202148e+01 6.700000000000000000e+01 1.932000000000000000e+03
4.651900000000069468e+01 5.256074285507202148e+01 6.800000000000000000e+01 1.064000000000000000e+03
4.766800000000073823e+01 5.256074285507202148e+01 6.900000000000000000e+01 1.464000000000000000e+03
4.872500000000077591e+01 5.256074285507202148e+01 7.000000000000000000e+01 1.063000000000000000e+03
5.112100000000086908e+01 5.256074285507202148e+01 7.100000000000000000e+01 1.425000000000000000e+03
5.251400000000091950e+01 5.256074285507202148e+01 7.200000000000000000e+01 7.610000000000000000e+02
5.256074285507202148e+01 5.256074285507202148e+01 0.000000000000000000e+00 0.000000000000000000e+00
5.256074285507202148e+01 5.256074285507202148e+01 0.000000000000000000e+00 0.000000000000000000e+00
4.540000000000000036e+00 5.510405802726745605e+01 0.000000000000000000e+00 1.000000000000000000e+00
5.748000000000001108e+00 5.510405802726745605e+01 1.000000000000000000e+00 9.000000000000000000e+00
7.530000000000000249e+00 5.510405802726745605e+01 2.000000000000000000e+00 2.500000000000000000e+01
7.918000000000000149e+00 5.510405802726745605e+01 3.000000000000000000e+00 2.400000000000000000e+01
8.473000000000000753e+00 5.510405802726745605e+01 4.000000000000000000e+00 2.800000000000000000e+01
9.534000000000000696e+00 5.510405802726745605e+01 5.000000000000000000e+00 4.000000000000000000e+01
1.008900000000000219e+01 5.510405802726745605e+01 6.000000000000000000e+00 5.000000000000000000e+01
1.043500000000000227e+01 5.510405802726745605e+01 7.000000000000000000e+00 5.600000000000000000e+01
1.193299999999999983e+01 5.510405802726745605e+01 8.000000000000000000e+00 6.300000000000000000e+01
1.256000000000000050e+01 5.510405802726745605e+01 9.000000000000000000e+00 7.200000000000000000e+01
1.337400000000000055e+01 5.510405802726745605e+01 1.000000000000000000e+01 6.800000000000000000e+01
1.383699999999999974e+01 5.510405802726745605e+01 1.100000000000000000e+01 6.900000000000000000e+01
1.488299999999999734e+01 5.510405802726745605e+01 1.200000000000000000e+01 9.900000000000000000e+01
1.547499999999999787e+01 5.510405802726745605e+01 1.300000000000000000e+01 9.700000000000000000e+01
1.576099999999999746e+01 5.510405802726745605e+01 1.400000000000000000e+01 1.020000000000000000e+02
1.631499999999999773e+01 5.510405802726745605e+01 1.500000000000000000e+01 1.420000000000000000e+02
1.685299999999999798e+01 5.510405802726745605e+01 1.600000000000000000e+01 1.270000000000000000e+02
1.698599999999999710e+01 5.510405802726745605e+01 1.700000000000000000e+01 1.120000000000000000e+02
1.701600000000000179e+01 5.510405802726745605e+01 1.800000000000000000e+01 1.200000000000000000e+02
1.783000000000000185e+01 5.510405802726745605e+01 1.900000000000000000e+01 1.640000000000000000e+02
1.827699999999999747e+01 5.510405802726745605e+01 2.000000000000000000e+01 1.160000000000000000e+02
1.926299999999999812e+01 5.510405802726745605e+01 2.100000000000000000e+01 1.630000000000000000e+02
1.971099999999999497e+01 5.510405802726745605e+01 2.200000000000000000e+01 1.790000000000000000e+02
2.025499999999999545e+01 5.510405802726745605e+01 2.300000000000000000e+01 1.730000000000000000e+02
2.088299999999999201e+01 5.510405802726745605e+01 2.400000000000000000e+01 1.610000000000000000e+02
2.098699999999999122e+01 5.510405802726745605e+01 2.500000000000000000e+01 2.140000000000000000e+02
2.138399999999998968e+01 5.510405802726745605e+01 2.600000000000000000e+01 1.670000000000000000e+02
2.157499999999999218e+01 5.510405802726745605e+01 2.700000000000000000e+01 1.730000000000000000e+02
2.194099999999999540e+01 5.510405802726745605e+01 2.800000000000000000e+01 1.560000000000000000e+02
2.229399999999999338e+01 5.510405802726745605e+01 2.900000000000000000e+01 2.430000000000000000e+02
2.260199999999999321e+01 5.510405802726745605e+01 3.000000000000000000e+01 1.600000000000000000e+02
2.313999999999999702e+01 5.510405802726745605e+01 3.100000000000000000e+01 2.020000000000000000e+02
2.358299999999999486e+01 5.510405802726745605e+01 3.200000000000000000e+01 1.940000000000000000e+02
2.399999999999999645e+01 5.510405802726745605e+01 3.300000000000000000e+01 2.210000000000000000e+02
2.429499999999999815e+01 5.510405802726745605e+01 3.400000000000000000e+01 2.500000000000000000e+02
2.485900000000000176e+01 5.510405802726745605e+01 3.500000000000000000e+01 2.880000000000000000e+02
2.506400000000000361e+01 5.510405802726745605e+01 3.600000000000000000e+01 2.080000000000000000e+02
2.553900000000000858e+01 5.510405802726745605e+01 3.700000000000000000e+01 2.070000000000000000e+02
2.579500000000001236e+01 5.510405802726745605e+01 3.800000000000000000e+01 3.360000000000000000e+02
2.637300000000001177e+01 5.510405802726745605e+01 3.900000000000000000e+01 2.480000000000000000e+02
2.682900000000000773e+01 5.510405802726745605e+01 4.000000000000000000e+01 3.200000000000000000e+02
2.694600000000000506e+01 5.510405802726745605e+01 4.100000000000000000e+01 3.230000000000000000e+02
2.777999999999999758e+01 5.510405802726745605e+01 4.200000000000000000e+01 3.420000000000000000e+02
2.841199999999999903e+01 5.510405802726745605e+01 4.300000000000000000e+01 3.610000000000000000e+02
2.881799999999999784e+01 5.510405802726745605e+01 4.400000000000000000e+01 3.260000000000000000e+02
2.929600000000001359e+01 5.510405802726745605e+01 4.500000000000000000e+01 4.400000000000000000e+02
3.005700000000001282e+01 5.510405802726745605e+01 4.600000000000000000e+01 4.220000000000000000e+02
3.005900000000001171e+01 5.510405802726745605e+01 4.700000000000000000e+01 4.870000000000000000e+02
3.056800000000002981e+01 5.510405802726745605e+01 4.800000000000000000e+01 4.950000000000000000e+02
3.127300000000003521e+01 5.510405802726745605e+01 4.900000000000000000e+01 5.360000000000000000e+02
3.165500000000002956e+01 5.510405802726745605e+01 5.000000000000000000e+01 4.720000000000000000e+02
3.215100000000003178e+01 5.510405802726745605e+01 5.100000000000000000e+01 6.020000000000000000e+02
3.311100000000001842e+01 5.510405802726745605e+01 5.200000000000000000e+01 5.560000000000000000e+02
3.303400000000004866e+01 5.510405802726745605e+01 5.300000000000000000e+01 7.400000000000000000e+02
3.409700000000005815e+01 5.510405802726745605e+01 5.400000000000000000e+01 7.120000000000000000e+02
3.473900000000005406e+01 5.510405802726745605e+01 5.500000000000000000e+01 6.480000000000000000e+02
3.529800000000012261e+01 5.510405802726745605e+01 5.600000000000000000e+01 7.640000000000000000e+02
3.587200000000009226e+01 5.510405802726745605e+01 5.700000000000000000e+01 8.910000000000000000e+02
3.670000000000014495e+01 5.510405802726745605e+01 5.800000000000000000e+01 7.540000000000000000e+02
3.817100000000007753e+01 5.510405802726745605e+01 5.900000000000000000e+01 6.570000000000000000e+02
3.829900000000010607e+01 5.510405802726745605e+01 6.000000000000000000e+01 1.014000000000000000e+03
3.902700000000010050e+01 5.510405802726745605e+01 6.100000000000000000e+01 8.010000000000000000e+02
3.993200000000015848e+01 5.510405802726745605e+01 6.200000000000000000e+01 1.257000000000000000e+03
4.069400000000019446e+01 5.510405802726745605e+01 6.300000000000000000e+01 6.870000000000000000e+02
4.156400000000024875e+01 5.510405802726745605e+01 6.400000000000000000e+01 9.270000000000000000e+02
4.221600000000029240e+01 5.510405802726745605e+01 6.500000000000000000e+01 1.804000000000000000e+03
4.397200000000032816e+01 5.510405802726745605e+01 6.600000000000000000e+01 2.119000000000000000e+03
4.554500000000038540e+01 5.510405802726745605e+01 6.700000000000000000e+01 1.267000000000000000e+03
4.797900000000048237e+01 5.510405802726745605e+01 6.800000000000000000e+01 1.274000000000000000e+03
4.917600000000052773e+01 5.510405802726745605e+01 6.900000000000000000e+01 1.000000000000000000e+03
5.098300000000062226e+01 5.510405802726745605e+01 7.000000000000000000e+01 8.220000000000000000e+02
5.391400000000069781e+01 5.510405802726745605e+01 7.100000000000000000e+01 1.510000000000000000e+03
5.486800000000075528e+01 5.510405802726745605e+01 7.200000000000000000e+01 2.200000000000000000e+03
5.510405802726745605e+01 5.510405802726745605e+01 0.000000000000000000e+00 0.000000000000000000e+00
5.510405802726745605e+01 5.510405802726745605e+01 0.000000000000000000e+00 0.000000000000000000e+00
5.361999999999999211e+00 5.149353957176208496e+01 0.000000000000000000e+00 1.000000000000000000e+01
6.361999999999999211e+00 5.149353957176208496e+01 1.000000000000000000e+00 1.900000000000000000e+01
6.946999999999999176e+00 5.149353957176208496e+01 2.000000000000000000e+00 1.300000000000000000e+01
7.895999999999999019e+00 5.149353957176208496e+01 3.000000000000000000e+00 3.300000000000000000e+01
8.084999999999999076e+00 5.149353957176208496e+01 4.000000000000000000e+00 1.900000000000000000e+01
8.268999999999998352e+00 5.149353957176208496e+01 5.000000000000000000e+00 2.000000000000000000e+01
9.323999999999999844e+00 5.149353957176208496e+01 6.000000000000000000e+00 3.500000000000000000e+01
9.668999999999998707e+00 5.149353957176208496e+01 7.000000000000000000e+00 3.900000000000000000e+01
1.066799999999999748e+01 5.149353957176208496e+01 8.000000000000000000e+00 4.200000000000000000e+01
1.132299999999999862e+01 5.149353957176208496e+01 9.000000000000000000e+00 4.700000000000000000e+01
1.148599999999999888e+01 5.149353957176208496e+01 1.000000000000000000e+01 6.100000000000000000e+01
1.159299999999999997e+01 5.149353957176208496e+01 1.100000000000000000e+01 4.000000000000000000e+01
1.225200000000000067e+01 5.149353957176208496e+01 1.200000000000000000e+01 6.100000000000000000e+01
1.254599999999999937e+01 5.149353957176208496e+01 1.300000000000000000e+01 8.500000000000000000e+01
1.292099999999999937e+01 5.149353957176208496e+01 1.400000000000000000e+01 7.500000000000000000e+01
1.421600000000000108e+01 5.149353957176208496e+01 1.500000000000000000e+01 6.800000000000000000e+01
1.445599999999999952e+01 5.149353957176208496e+01 1.600000000000000000e+01 5.200000000000000000e+01
1.514200000000000124e+01 5.149353957176208496e+01 1.700000000000000000e+01 9.800000000000000000e+01
1.539800000000000146e+01 5.149353957176208496e+01 1.800000000000000000e+01 1.210000000000000000e+02
1.589300000000000068e+01 5.149353957176208496e+01 1.900000000000000000e+01 1.380000000000000000e+02
1.582699999999999996e+01 5.149353957176208496e+01 2.000000000000000000e+01 8.900000000000000000e+01
1.625000000000000000e+01 5.149353957176208496e+01 2.100000000000000000e+01 1.320000000000000000e+02
1.658799999999999741e+01 5.149353957176208496e+01 2.200000000000000000e+01 1.430000000000000000e+02
1.756500000000000128e+01 5.149353957176208496e+01 2.300000000000000000e+01 1.610000000000000000e+02
1.798700000000000188e+01 5.149353957176208496e+01 2.400000000000000000e+01 1.170000000000000000e+02
1.828300000000000125e+01 5.149353957176208496e+01 2.500000000000000000e+01 1.870000000000000000e+02
1.867300000000000182e+01 5.149353957176208496e+01 2.600000000000000000e+01 2.000000000000000000e+02
1.907599999999999696e+01 5.149353957176208496e+01 2.700000000000000000e+01 1.730000000000000000e+02
1.944399999999999906e+01 5.149353957176208496e+01 2.800000000000000000e+01 2.130000000000000000e+02
1.988800000000000168e+01 5.149353957176208496e+01 2.900000000000000000e+01 2.170000000000000000e+02
2.040200000000000458e+01 5.149353957176208496e+01 3.000000000000000000e+01 2.270000000000000000e+02
2.072700000000000742e+01 5.149353957176208496e+01 3.100000000000000000e+01 2.070000000000000000e+02
2.104500000000000881e+01 5.149353957176208496e+01 3.200000000000000000e+01 2.630000000000000000e+02
2.197900000000001342e+01 5.149353957176208496e+01 3.300000000000000000e+01 2.170000000000000000e+02
2.205600000000001515e+01 5.149353957176208496e+01 3.400000000000000000e+01 1.700000000000000000e+02
2.244900000000001583e+01 5.149353957176208496e+01 3.500000000000000000e+01 2.970000000000000000e+02
2.265500000000001535e+01 5.149353957176208496e+01 3.600000000000000000e+01 2.920000000000000000e+02
2.323800000000001731e+01 5.149353957176208496e+01 3.700000000000000000e+01 2.750000000000000000e+02
2.363700000000001822e+01 5.149353957176208496e+01 3.800000000000000000e+01 3.400000000000000000e+02
2.371400000000001995e+01 5.149353957176208496e+01 3.900000000000000000e+01 2.900000000000000000e+02
2.466000000000000725e+01 5.149353957176208496e+01 4.000000000000000000e+01 3.880000000000000000e+02
2.476500000000000767e+01 5.149353957176208496e+01 4.100000000000000000e+01 3.020000000000000000e+02
2.536000000000000298e+01 5.149353957176208496e+01 4.200000000000000000e+01 3.810000000000000000e+02
2.569000000000000838e+01 5.149353957176208496e+01 4.300000000000000000e+01 3.400000000000000000e+02
2.617699999999999960e+01 5.149353957176208496e+01 4.400000000000000000e+01 4.530000000000000000e+02
2.616000000000000725e+01 5.149353957176208496e+01 4.500000000000000000e+01 3.990000000000000000e+02
2.715300000000000580e+01 5.149353957176208496e+01 4.600000000000000000e+01 5.120000000000000000e+02
2.748200000000000642e+01 5.149353957176208496e+01 4.700000000000000000e+01 3.850000000000000000e+02
2.806700000000002149e+01 5.149353957176208496e+01 4.800000000000000000e+01 5.100000000000000000e+02
2.879200000000002291e+01 5.149353957176208496e+01 4.900000000000000000e+01 3.910000000000000000e+02
2.934200000000001651e+01 5.149353957176208496e+01 5.000000000000000000e+01 6.270000000000000000e+02
3.008900000000003416e+01 5.149353957176208496e+01 5.100000000000000000e+01 6.680000000000000000e+02
3.045700000000002916e+01 5.149353957176208496e+01 5.200000000000000000e+01 6.520000000000000000e+02
3.104100000000002879e+01 5.149353957176208496e+01 5.300000000000000000e+01 6.000000000000000000e+02
3.186300000000004573e+01 5.149353957176208496e+01 5.400000000000000000e+01 6.690000000000000000e+02
3.272300000000005582e+01 5.149353957176208496e+01 5.500000000000000000e+01 7.260000000000000000e+02
3.338100000000008549e+01 5.149353957176208496e+01 5.600000000000000000e+01 5.220000000000000000e+02
3.382600000000006446e+01 5.149353957176208496e+01 5.700000000000000000e+01 7.480000000000000000e+02
3.444800000000012830e+01 5.149353957176208496e+01 5.800000000000000000e+01 8.970000000000000000e+02
3.579800000000005156e+01 5.149353957176208496e+01 5.900000000000000000e+01 7.220000000000000000e+02
3.641100000000012926e+01 5.149353957176208496e+01 6.000000000000000000e+01 9.070000000000000000e+02
3.689400000000014046e+01 5.149353957176208496e+01 6.100000000000000000e+01 9.570000000000000000e+02
3.757500000000019469e+01 5.149353957176208496e+01 6.200000000000000000e+01 1.081000000000000000e+03
3.877400000000026381e+01 5.149353957176208496e+01 6.300000000000000000e+01 9.940000000000000000e+02
3.934500000000028308e+01 5.149353957176208496e+01 6.400000000000000000e+01 1.628000000000000000e+03
3.994500000000030582e+01 5.149353957176208496e+01 6.500000000000000000e+01 9.890000000000000000e+02
4.076700000000033697e+01 5.149353957176208496e+01 6.600000000000000000e+01 1.100000000000000000e+03
4.217900000000039284e+01 5.149353957176208496e+01 6.700000000000000000e+01 6.670000000000000000e+02
4.482500000000047180e+01 5.149353957176208496e+01 6.800000000000000000e+01 1.956000000000000000e+03
4.598000000000052268e+01 5.149353957176208496e+01 6.900000000000000000e+01 9.750000000000000000e+02
4.830300000000061544e+01 5.149353957176208496e+01 7.000000000000000000e+01 8.840000000000000000e+02
4.999300000000067001e+01 5.149353957176208496e+01 7.100000000000000000e+01 1.229000000000000000e+03
5.142400000000073135e+01 5.149353957176208496e+01 7.200000000000000000e+01 2.046000000000000000e+03
5.149353957176208496e+01 5.149353957176208496e+01 0.000000000000000000e+00 0.000000000000000000e+00
5.149353957176208496e+01 5.149353957176208496e+01 0.000000000000000000e+00 0.000000000000000000e+00
3.259000000000000785e+00 5.356064844131469727e+01 0.000000000000000000e+00 0.000000000000000000e+00
5.022000000000002018e+00 5.356064844131469727e+01 1.000000000000000000e+00 2.000000000000000000e+00
5.677000000000002267e+00 5.356064844131469727e+01 2.000000000000000000e+00 1.200000000000000000e+01
6.941000000000001613e+00 5.356064844131469727e+01 3.000000000000000000e+00 1.100000000000000000e+01
9.200000000000002842e+00 5.356064844131469727e+01 4.000000000000000000e+00 2.500000000000000000e+01
1.079500000000000348e+01 5.356064844131469727e+01 5.000000000000000000e+00 3.900000000000000000e+01
1.079500000000000348e+01 5.356064844131469727e+01 6.000000000000000000e+00 2.300000000000000000e+01
1.137200000000000344e+01 5.356064844131469727e+01 7.000000000000000000e+00 3.300000000000000000e+01
1.156000000000000405e+01 5.356064844131469727e+01 8.000000000000000000e+00 3.200000000000000000e+01
1.210500000000000398e+01 5.356064844131469727e+01 9.000000000000000000e+00 2.600000000000000000e+01
1.245900000000000496e+01 5.356064844131469727e+01 1.000000000000000000e+01 3.100000000000000000e+01
1.280400000000000382e+01 5.356064844131469727e+01 1.100000000000000000e+01 6.400000000000000000e+01
1.330500000000000327e+01 5.356064844131469727e+01 1.200000000000000000e+01 4.500000000000000000e+01
1.347000000000000242e+01 5.356064844131469727e+01 1.300000000000000000e+01 5.100000000000000000e+01
1.378800000000000381e+01 5.356064844131469727e+01 1.400000000000000000e+01 4.400000000000000000e+01
1.424700000000000166e+01 5.356064844131469727e+01 1.500000000000000000e+01 7.000000000000000000e+01
1.528800000000000026e+01 5.356064844131469727e+01 1.600000000000000000e+01 5.600000000000000000e+01
1.557900000000000063e+01 5.356064844131469727e+01 1.700000000000000000e+01 9.100000000000000000e+01
1.586200000000000188e+01 5.356064844131469727e+01 1.800000000000000000e+01 8.700000000000000000e+01
1.609100000000000108e+01 5.356064844131469727e+01 1.900000000000000000e+01 1.080000000000000000e+02
1.640900000000000247e+01 5.356064844131469727e+01 2.000000000000000000e+01 1.040000000000000000e+02
1.679500000000000171e+01 5.356064844131469727e+01 2.100000000000000000e+01 9.500000000000000000e+01
1.688100000000000378e+01 5.356064844131469727e+01 2.200000000000000000e+01 9.700000000000000000e+01
1.740900000000000247e+01 5.356064844131469727e+01 2.300000000000000000e+01 7.200000000000000000e+01
1.787700000000000244e+01 5.356064844131469727e+01 2.400000000000000000e+01 1.140000000000000000e+02
1.800799999999999912e+01 5.356064844131469727e+01 2.500000000000000000e+01 1.280000000000000000e+02
1.837500000000000000e+01 5.356064844131469727e+01 2.600000000000000000e+01 9.900000000000000000e+01
1.933799999999999741e+01 5.356064844131469727e+01 2.700000000000000000e+01 1.260000000000000000e+02
1.969499999999999673e+01 5.356064844131469727e+01 2.800000000000000000e+01 1.180000000000000000e+02
2.008899999999999864e+01 5.356064844131469727e+01 2.900000000000000000e+01 1.560000000000000000e+02
2.033999999999999986e+01 5.356064844131469727e+01 3.000000000000000000e+01 1.310000000000000000e+02
2.055600000000000094e+01 5.356064844131469727e+01 3.100000000000000000e+01 9.400000000000000000e+01
2.100500000000000256e+01 5.356064844131469727e+01 3.200000000000000000e+01 1.550000000000000000e+02
2.080399999999999494e+01 5.356064844131469727e+01 3.300000000000000000e+01 1.550000000000000000e+02
2.207499999999999574e+01 5.356064844131469727e+01 3.400000000000000000e+01 1.810000000000000000e+02
2.226799999999999713e+01 5.356064844131469727e+01 3.500000000000000000e+01 2.230000000000000000e+02
2.276699999999999946e+01 5.356064844131469727e+01 3.600000000000000000e+01 2.950000000000000000e+02
2.334200000000000230e+01 5.356064844131469727e+01 3.700000000000000000e+01 2.460000000000000000e+02
2.319400000000000261e+01 5.356064844131469727e+01 3.800000000000000000e+01 1.810000000000000000e+02
2.387600000000000477e+01 5.356064844131469727e+01 3.900000000000000000e+01 3.050000000000000000e+02
2.431600000000000605e+01 5.356064844131469727e+01 4.000000000000000000e+01 2.140000000000000000e+02
2.427900000000000347e+01 5.356064844131469727e+01 4.100000000000000000e+01 2.470000000000000000e+02
2.501499999999999346e+01 5.356064844131469727e+01 4.200000000000000000e+01 2.840000000000000000e+02
2.540799999999999059e+01 5.356064844131469727e+01 4.300000000000000000e+01 3.320000000000000000e+02
2.614099999999998758e+01 5.356064844131469727e+01 4.400000000000000000e+01 3.210000000000000000e+02
2.640099999999998559e+01 5.356064844131469727e+01 4.500000000000000000e+01 3.110000000000000000e+02
2.716099999999998715e+01 5.356064844131469727e+01 4.600000000000000000e+01 2.720000000000000000e+02
2.723599999999999355e+01 5.356064844131469727e+01 4.700000000000000000e+01 2.790000000000000000e+02
2.812100000000000932e+01 5.356064844131469727e+01 4.800000000000000000e+01 5.520000000000000000e+02
2.828000000000000824e+01 5.356064844131469727e+01 4.900000000000000000e+01 3.590000000000000000e+02
2.899900000000000588e+01 5.356064844131469727e+01 5.000000000000000000e+01 5.230000000000000000e+02
2.934700000000001552e+01 5.356064844131469727e+01 5.100000000000000000e+01 4.460000000000000000e+02
3.007300000000001461e+01 5.356064844131469727e+01 5.200000000000000000e+01 6.280000000000000000e+02
3.052599999999999625e+01 5.356064844131469727e+01 5.300000000000000000e+01 5.200000000000000000e+02
3.142599999999999838e+01 5.356064844131469727e+01 5.400000000000000000e+01 5.890000000000000000e+02
3.186299999999998889e+01 5.356064844131469727e+01 5.500000000000000000e+01 7.110000000000000000e+02
3.292300000000006577e+01 5.356064844131469727e+01 5.600000000000000000e+01 5.100000000000000000e+02
3.463400000000014245e+01 5.356064844131469727e+01 5.700000000000000000e+01 5.770000000000000000e+02
3.568600000000005679e+01 5.356064844131469727e+01 5.800000000000000000e+01 1.176000000000000000e+03
3.694000000000016826e+01 5.356064844131469727e+01 5.900000000000000000e+01 9.680000000000000000e+02
3.876500000000010715e+01 5.356064844131469727e+01 6.000000000000000000e+01 1.598000000000000000e+03
4.049100000000033361e+01 5.356064844131469727e+01 6.100000000000000000e+01 1.171000000000000000e+03
4.085700000000031196e+01 5.356064844131469727e+01 6.200000000000000000e+01 1.247000000000000000e+03
4.150900000000037693e+01 5.356064844131469727e+01 6.300000000000000000e+01 1.653000000000000000e+03
4.219800000000040541e+01 5.356064844131469727e+01 6.400000000000000000e+01 2.002000000000000000e+03
4.297400000000043718e+01 5.356064844131469727e+01 6.500000000000000000e+01 1.878000000000000000e+03
4.370700000000046970e+01 5.356064844131469727e+01 6.600000000000000000e+01 1.437000000000000000e+03
4.626100000000056411e+01 5.356064844131469727e+01 6.700000000000000000e+01 7.970000000000000000e+02
4.702700000000059077e+01 5.356064844131469727e+01 6.800000000000000000e+01 1.890000000000000000e+03
4.789000000000062585e+01 5.356064844131469727e+01 6.900000000000000000e+01 1.392000000000000000e+03
4.907600000000067553e+01 5.356064844131469727e+01 7.000000000000000000e+01 9.320000000000000000e+02
5.063300000000073453e+01 5.356064844131469727e+01 7.100000000000000000e+01 9.980000000000000000e+02
5.336100000000083554e+01 5.356064844131469727e+01 7.200000000000000000e+01 2.094000000000000000e+03
5.356064844131469727e+01 5.356064844131469727e+01 0.000000000000000000e+00 0.000000000000000000e+00
5.356064844131469727e+01 5.356064844131469727e+01 0.000000000000000000e+00 0.000000000000000000e+00
4.132000000000000561e+00 5.844247841835021973e+01 0.000000000000000000e+00 0.000000000000000000e+00
5.733000000000000540e+00 5.844247841835021973e+01 1.000000000000000000e+00 0.000000000000000000e+00
7.288999999999998813e+00 5.844247841835021973e+01 2.000000000000000000e+00 6.000000000000000000e+00
8.064999999999997726e+00 5.844247841835021973e+01 3.000000000000000000e+00 7.000000000000000000e+00
8.990999999999996106e+00 5.844247841835021973e+01 4.000000000000000000e+00 1.500000000000000000e+01
9.716999999999995197e+00 5.844247841835021973e+01 5.000000000000000000e+00 2.000000000000000000e+01
1.042899999999999672e+01 5.844247841835021973e+01 6.000000000000000000e+00 3.900000000000000000e+01
1.112999999999999723e+01 5.844247841835021973e+01 7.000000000000000000e+00 2.300000000000000000e+01
1.213499999999999801e+01 5.844247841835021973e+01 8.000000000000000000e+00 2.400000000000000000e+01
1.230099999999999838e+01 5.844247841835021973e+01 9.000000000000000000e+00 3.700000000000000000e+01
1.325499999999999723e+01 5.844247841835021973e+01 1.000000000000000000e+01 5.900000000000000000e+01
1.372099999999999653e+01 5.844247841835021973e+01 1.100000000000000000e+01 8.500000000000000000e+01
1.432699999999999640e+01 5.844247841835021973e+01 1.200000000000000000e+01 8.400000000000000000e+01
1.447699999999999676e+01 5.844247841835021973e+01 1.300000000000000000e+01 5.000000000000000000e+01
1.471399999999999864e+01 5.844247841835021973e+01 1.400000000000000000e+01 7.000000000000000000e+01
1.528899999999999615e+01 5.844247841835021973e+01 1.500000000000000000e+01 6.200000000000000000e+01
1.613799999999999812e+01 5.844247841835021973e+01 1.600000000000000000e+01 1.020000000000000000e+02
1.692000000000000171e+01 5.844247841835021973e+01 1.700000000000000000e+01 1.310000000000000000e+02
1.704900000000000304e+01 5.844247841835021973e+01 1.800000000000000000e+01 1.290000000000000000e+02
1.754200000000000514e+01 5.844247841835021973e+01 1.900000000000000000e+01 1.480000000000000000e+02
1.790200000000000458e+01 5.844247841835021973e+01 2.000000000000000000e+01 1.150000000000000000e+02
1.836500000000000199e+01 5.844247841835021973e+01 2.100000000000000000e+01 1.720000000000000000e+02
1.827500000000000213e+01 5.844247841835021973e+01 2.200000000000000000e+01 1.630000000000000000e+02
1.876400000000000290e+01 5.844247841835021973e+01 2.300000000000000000e+01 1.780000000000000000e+02
1.944100000000000250e+01 5.844247841835021973e+01 2.400000000000000000e+01 1.610000000000000000e+02
1.985000000000000142e+01 5.844247841835021973e+01 2.500000000000000000e+01 1.480000000000000000e+02
2.014900000000000091e+01 5.844247841835021973e+01 2.600000000000000000e+01 1.670000000000000000e+02
2.062599999999999767e+01 5.844247841835021973e+01 2.700000000000000000e+01 2.010000000000000000e+02
2.090200000000000102e+01 5.844247841835021973e+01 2.800000000000000000e+01 1.470000000000000000e+02
2.108599999999999852e+01 5.844247841835021973e+01 2.900000000000000000e+01 1.600000000000000000e+02
2.139899999999999380e+01 5.844247841835021973e+01 3.000000000000000000e+01 1.980000000000000000e+02
2.203699999999999548e+01 5.844247841835021973e+01 3.100000000000000000e+01 1.770000000000000000e+02
2.254499999999999815e+01 5.844247841835021973e+01 3.200000000000000000e+01 2.570000000000000000e+02
2.280399999999999849e+01 5.844247841835021973e+01 3.300000000000000000e+01 1.870000000000000000e+02
2.340900000000000247e+01 5.844247841835021973e+01 3.400000000000000000e+01 2.120000000000000000e+02
2.350700000000000500e+01 5.844247841835021973e+01 3.500000000000000000e+01 2.740000000000000000e+02
2.387900000000000844e+01 5.844247841835021973e+01 3.600000000000000000e+01 2.820000000000000000e+02
2.430100000000001259e+01 5.844247841835021973e+01 3.700000000000000000e+01 2.510000000000000000e+02
2.486300000000001376e+01 5.844247841835021973e+01 3.800000000000000000e+01 2.600000000000000000e+02
2.526000000000001222e+01 5.844247841835021973e+01 3.900000000000000000e+01 3.150000000000000000e+02
2.546100000000001273e+01 5.844247841835021973e+01 4.000000000000000000e+01 2.780000000000000000e+02
2.595700000000000429e+01 5.844247841835021973e+01 4.100000000000000000e+01 3.230000000000000000e+02
2.678899999999999437e+01 5.844247841835021973e+01 4.200000000000000000e+01 3.980000000000000000e+02
2.728799999999999315e+01 5.844247841835021973e+01 4.300000000000000000e+01 3.360000000000000000e+02
2.808499999999999019e+01 5.844247841835021973e+01 4.400000000000000000e+01 4.520000000000000000e+02
2.868200000000000216e+01 5.844247841835021973e+01 4.500000000000000000e+01 4.540000000000000000e+02
2.933800000000000097e+01 5.844247841835021973e+01 4.600000000000000000e+01 4.500000000000000000e+02
2.938100000000000023e+01 5.844247841835021973e+01 4.700000000000000000e+01 4.500000000000000000e+02
2.989300000000001489e+01 5.844247841835021973e+01 4.800000000000000000e+01 5.360000000000000000e+02
3.017900000000001626e+01 5.844247841835021973e+01 4.900000000000000000e+01 5.820000000000000000e+02
3.152400000000000446e+01 5.844247841835021973e+01 5.000000000000000000e+01 5.890000000000000000e+02
3.219800000000000040e+01 5.844247841835021973e+01 5.100000000000000000e+01 6.110000000000000000e+02
3.343399999999997618e+01 5.844247841835021973e+01 5.200000000000000000e+01 7.410000000000000000e+02
3.609900000000016718e+01 5.844247841835021973e+01 5.300000000000000000e+01 1.226000000000000000e+03
3.702300000000019509e+01 5.844247841835021973e+01 5.400000000000000000e+01 9.330000000000000000e+02
3.807600000000021367e+01 5.844247841835021973e+01 5.500000000000000000e+01 1.212000000000000000e+03
3.868500000000025807e+01 5.844247841835021973e+01 5.600000000000000000e+01 1.050000000000000000e+03
3.894100000000025119e+01 5.844247841835021973e+01 5.700000000000000000e+01 1.363000000000000000e+03
3.981100000000031969e+01 5.844247841835021973e+01 5.800000000000000000e+01 1.196000000000000000e+03
4.059200000000029007e+01 5.844247841835021973e+01 5.900000000000000000e+01 1.144000000000000000e+03
4.108800000000038466e+01 5.844247841835021973e+01 6.000000000000000000e+01 1.533000000000000000e+03
4.209700000000039211e+01 5.844247841835021973e+01 6.100000000000000000e+01 1.556000000000000000e+03
4.372400000000053666e+01 5.844247841835021973e+01 6.200000000000000000e+01 1.293000000000000000e+03
4.434800000000056031e+01 5.844247841835021973e+01 6.300000000000000000e+01 1.231000000000000000e+03
4.935700000000080223e+01 5.844247841835021973e+01 6.400000000000000000e+01 2.158000000000000000e+03
4.996800000000084907e+01 5.844247841835021973e+01 6.500000000000000000e+01 1.592000000000000000e+03
5.081700000000085993e+01 5.844247841835021973e+01 6.600000000000000000e+01 2.577000000000000000e+03
5.192500000000090665e+01 5.844247841835021973e+01 6.700000000000000000e+01 1.916000000000000000e+03
5.306500000000096406e+01 5.844247841835021973e+01 6.800000000000000000e+01 2.982000000000000000e+03
5.469800000000101647e+01 5.844247841835021973e+01 6.900000000000000000e+01 1.554000000000000000e+03
5.559100000000105268e+01 5.844247841835021973e+01 7.000000000000000000e+01 2.265000000000000000e+03
5.707600000000110185e+01 5.844247841835021973e+01 7.100000000000000000e+01 1.159000000000000000e+03
5.827500000000116387e+01 5.844247841835021973e+01 7.200000000000000000e+01 1.125000000000000000e+03
5.844247841835021973e+01 5.844247841835021973e+01 0.000000000000000000e+00 0.000000000000000000e+00
5.844247841835021973e+01 5.844247841835021973e+01 0.000000000000000000e+00 0.000000000000000000e+00
3.520000000000000018e+00 5.358499264717102051e+01 0.000000000000000000e+00 0.000000000000000000e+00
6.485000000000000320e+00 5.358499264717102051e+01 1.000000000000000000e+00 1.500000000000000000e+01
6.875000000000000000e+00 5.358499264717102051e+01 2.000000000000000000e+00 2.100000000000000000e+01
7.447000000000000064e+00 5.358499264717102051e+01 3.000000000000000000e+00 1.500000000000000000e+01
7.447000000000000064e+00 5.358499264717102051e+01 4.000000000000000000e+00 2.400000000000000000e+01
8.351000000000000867e+00 5.358499264717102051e+01 5.000000000000000000e+00 2.500000000000000000e+01
8.879000000000003112e+00 5.358499264717102051e+01 6.000000000000000000e+00 3.200000000000000000e+01
9.056000000000002714e+00 5.358499264717102051e+01 7.000000000000000000e+00 3.700000000000000000e+01
9.226000000000002643e+00 5.358499264717102051e+01 8.000000000000000000e+00 2.900000000000000000e+01
9.699000000000003396e+00 5.358499264717102051e+01 9.000000000000000000e+00 4.400000000000000000e+01
1.051100000000000279e+01 5.358499264717102051e+01 1.000000000000000000e+01 4.400000000000000000e+01
1.082100000000000328e+01 5.358499264717102051e+01 1.100000000000000000e+01 6.600000000000000000e+01
1.142400000000000304e+01 5.358499264717102051e+01 1.200000000000000000e+01 7.500000000000000000e+01
1.157400000000000340e+01 5.358499264717102051e+01 1.300000000000000000e+01 6.400000000000000000e+01
1.200300000000000189e+01 5.358499264717102051e+01 1.400000000000000000e+01 7.700000000000000000e+01
1.235700000000000109e+01 5.358499264717102051e+01 1.500000000000000000e+01 7.600000000000000000e+01
1.296200000000000330e+01 5.358499264717102051e+01 1.600000000000000000e+01 8.100000000000000000e+01
1.348600000000000421e+01 5.358499264717102051e+01 1.700000000000000000e+01 9.300000000000000000e+01
1.368000000000000327e+01 5.358499264717102051e+01 1.800000000000000000e+01 1.240000000000000000e+02
1.472800000000000331e+01 5.358499264717102051e+01 1.900000000000000000e+01 1.240000000000000000e+02
1.505600000000000271e+01 5.358499264717102051e+01 2.000000000000000000e+01 8.000000000000000000e+01
1.544100000000000250e+01 5.358499264717102051e+01 2.100000000000000000e+01 1.070000000000000000e+02
1.600000000000000355e+01 5.358499264717102051e+01 2.200000000000000000e+01 1.360000000000000000e+02
1.643600000000000350e+01 5.358499264717102051e+01 2.300000000000000000e+01 8.500000000000000000e+01
1.716900000000000048e+01 5.358499264717102051e+01 2.400000000000000000e+01 1.460000000000000000e+02
1.765899999999999892e+01 5.358499264717102051e+01 2.500000000000000000e+01 1.400000000000000000e+02
1.800099999999999767e+01 5.358499264717102051e+01 2.600000000000000000e+01 2.040000000000000000e+02
1.864599999999999724e+01 5.358499264717102051e+01 2.700000000000000000e+01 1.970000000000000000e+02
1.919600000000000151e+01 5.358499264717102051e+01 2.800000000000000000e+01 2.120000000000000000e+02
1.964000000000000057e+01 5.358499264717102051e+01 2.900000000000000000e+01 2.410000000000000000e+02
2.015400000000000347e+01 5.358499264717102051e+01 3.000000000000000000e+01 2.720000000000000000e+02
2.056899999999999906e+01 5.358499264717102051e+01 3.100000000000000000e+01 1.910000000000000000e+02
2.089100000000000179e+01 5.358499264717102051e+01 3.200000000000000000e+01 3.510000000000000000e+02
2.140400000000000702e+01 5.358499264717102051e+01 3.300000000000000000e+01 2.750000000000000000e+02
2.165500000000000824e+01 5.358499264717102051e+01 3.400000000000000000e+01 3.030000000000000000e+02
2.208100000000001373e+01 5.358499264717102051e+01 3.500000000000000000e+01 2.720000000000000000e+02
2.242400000000001725e+01 5.358499264717102051e+01 3.600000000000000000e+01 2.730000000000000000e+02
2.294700000000002404e+01 5.358499264717102051e+01 3.700000000000000000e+01 2.780000000000000000e+02
2.313700000000002532e+01 5.358499264717102051e+01 3.800000000000000000e+01 2.880000000000000000e+02
2.384200000000002007e+01 5.358499264717102051e+01 3.900000000000000000e+01 2.980000000000000000e+02
2.461000000000001720e+01 5.358499264717102051e+01 4.000000000000000000e+01 3.740000000000000000e+02
2.466700000000001580e+01 5.358499264717102051e+01 4.100000000000000000e+01 3.150000000000000000e+02
2.504800000000001958e+01 5.358499264717102051e+01 4.200000000000000000e+01 3.210000000000000000e+02
2.521800000000001774e+01 5.358499264717102051e+01 4.300000000000000000e+01 3.920000000000000000e+02
2.587100000000000932e+01 5.358499264717102051e+01 4.400000000000000000e+01 3.770000000000000000e+02
2.640600000000002368e+01 5.358499264717102051e+01 4.500000000000000000e+01 4.210000000000000000e+02
2.677100000000002211e+01 5.358499264717102051e+01 4.600000000000000000e+01 3.590000000000000000e+02
2.730400000000001981e+01 5.358499264717102051e+01 4.700000000000000000e+01 4.830000000000000000e+02
2.824600000000003419e+01 5.358499264717102051e+01 4.800000000000000000e+01 5.080000000000000000e+02
2.875600000000003220e+01 5.358499264717102051e+01 4.900000000000000000e+01 5.320000000000000000e+02
2.921000000000002572e+01 5.358499264717102051e+01 5.000000000000000000e+01 4.150000000000000000e+02
3.020300000000003848e+01 5.358499264717102051e+01 5.100000000000000000e+01 5.970000000000000000e+02
3.083800000000003649e+01 5.358499264717102051e+01 5.200000000000000000e+01 6.260000000000000000e+02
3.199300000000001987e+01 5.358499264717102051e+01 5.300000000000000000e+01 8.720000000000000000e+02
3.241600000000004655e+01 5.358499264717102051e+01 5.400000000000000000e+01 7.230000000000000000e+02
3.316800000000004189e+01 5.358499264717102051e+01 5.500000000000000000e+01 8.610000000000000000e+02
3.485400000000019816e+01 5.358499264717102051e+01 5.600000000000000000e+01 9.950000000000000000e+02
3.566900000000015325e+01 5.358499264717102051e+01 5.700000000000000000e+01 7.880000000000000000e+02
3.680500000000028393e+01 5.358499264717102051e+01 5.800000000000000000e+01 1.260000000000000000e+03
3.778700000000024062e+01 5.358499264717102051e+01 5.900000000000000000e+01 1.176000000000000000e+03
3.895800000000038921e+01 5.358499264717102051e+01 6.000000000000000000e+01 1.458000000000000000e+03
3.979300000000040427e+01 5.358499264717102051e+01 6.100000000000000000e+01 1.054000000000000000e+03
4.039600000000046975e+01 5.358499264717102051e+01 6.200000000000000000e+01 1.114000000000000000e+03
4.237200000000056832e+01 5.358499264717102051e+01 6.300000000000000000e+01 2.082000000000000000e+03
4.315300000000060976e+01 5.358499264717102051e+01 6.400000000000000000e+01 1.640000000000000000e+03
4.397300000000063847e+01 5.358499264717102051e+01 6.500000000000000000e+01 1.906000000000000000e+03
4.498500000000066734e+01 5.358499264717102051e+01 6.600000000000000000e+01 9.350000000000000000e+02
4.615500000000071168e+01 5.358499264717102051e+01 6.700000000000000000e+01 1.596000000000000000e+03
4.736700000000076471e+01 5.358499264717102051e+01 6.800000000000000000e+01 8.630000000000000000e+02
4.908900000000082997e+01 5.358499264717102051e+01 6.900000000000000000e+01 1.813000000000000000e+03
5.028100000000087277e+01 5.358499264717102051e+01 7.000000000000000000e+01 2.357000000000000000e+03
5.172800000000093235e+01 5.358499264717102051e+01 7.100000000000000000e+01 8.380000000000000000e+02
5.353300000000099601e+01 5.358499264717102051e+01 7.200000000000000000e+01 1.043000000000000000e+03
5.358499264717102051e+01 5.358499264717102051e+01 0.000000000000000000e+00 0.000000000000000000e+00
5.358499264717102051e+01 5.358499264717102051e+01 0.000000000000000000e+00 0.000000000000000000e+00
